0.547890 0
0.414435 0
0.907339 0
0.512086 0
0.402571 0
0.853967 0
0.065748 0
1.560409 0
0.360384 0
0.907609 0
1.157521 0
0.170597 0
0.196424 0
1.063882 0
0.439723 0
0.132566 0
0.783457 0
0.169551 0
0.109068 0
0.101715 0
0.048244 0
0.420104 0
0.106010 0
0.179365 0
0.349775 0
0.539951 0
1.630176 0
0.860290 0
0.189910 0
1.270728 0
0.711577 0
0.832395 0
1.224699 0
0.633371 0
0.006514 0
0.216616 0
0.606988 0
0.320149 0
0.496961 0
0.186696 0
0.193279 0
0.854543 0
0.081731 0
0.137421 0
0.608236 0
1.408081 0
0.326529 0
0.781888 0
0.317039 0
0.162409 0
0.004690 0
0.763096 0
0.779990 0
0.345373 0
1.043139 0
0.468241 0
1.405256 0
0.351096 0
0.491015 0
0.414092 0
1.369565 0
0.500611 0
0.518709 0
0.776181 0
0.287838 0
0.166365 0
