0.068069 0
0.458203 0
0.098139 0
0.095608 0
0.198707 0
1.436641 0
0.229744 0
0.175760 0
0.820141 0
0.169130 0
0.055628 0
0.159935 0
0.454147 0
0.231731 0
0.060931 0
0.472889 0
0.027859 0
0.078940 0
0.216049 0
0.034974 0
0.204941 0
0.161203 0
0.805966 0
0.052244 0
0.173393 0
0.259897 0
0.120189 0
0.245395 0
0.353131 0
0.204108 0
0.242991 0
0.066439 0
0.266216 0
0.227152 0
0.084898 0
0.285823 0
0.382149 0
0.368579 0
0.078823 0
0.192483 0
0.166339 0
0.542579 0
1.804462 0
0.415168 0
0.544943 0
0.008825 0
0.089600 0
0.065213 0
0.330892 0
0.922393 0
0.316780 0
0.065466 0
0.033528 0
0.150819 0
0.408067 0
0.033722 0
0.107965 0
0.464207 0
