0.672536 0
0.095376 0
0.652289 0
0.794409 0
0.195176 0
0.589593 0
0.552518 0
1.462238 0
0.512718 0
0.102039 0
0.105256 0
0.435990 0
0.711518 0
0.013545 0
0.142653 0
0.101578 0
0.036444 0
0.286374 0
1.661674 0
0.441971 0
0.440923 0
0.095081 0
0.298463 0
0.887282 0
0.090095 0
0.163762 0
0.032384 0
0.458346 0
0.669759 0
0.962899 0
1.071478 0
0.152806 0
0.615614 0
0.726745 0
0.042587 0
0.446525 0
0.270289 0
0.798249 0
0.795866 0
0.381894 0
0.133278 0
1.028961 0
0.082805 0
0.135777 0
0.988461 0
0.154624 0
1.327284 0
0.163655 0
0.338982 0
0.537421 0
0.066727 0
0.518330 0
0.608275 0
0.693000 0
0.661770 0
