0.489093 0
0.067975 0
0.432642 0
0.054594 0
0.279148 0
1.058828 0
0.812132 0
0.111841 0
1.243421 0
0.494080 0
0.240075 0
0.860189 0
0.766717 0
0.414557 0
0.566987 0
0.030008 0
0.192361 0
0.839512 0
0.455796 0
0.387279 0
0.027085 0
0.745071 0
1.553389 0
0.007946 0
1.393193 0
0.833655 0
0.038762 0
1.137451 0
1.368149 0
0.043952 0
0.372432 0
0.167740 0
0.108991 0
1.449785 0
0.954170 0
0.612739 0
0.165729 0
0.003752 0
0.008161 0
0.039071 0
0.028599 0
0.305001 0
0.152552 0
1.233841 0
0.573732 0
0.726490 0
0.915362 0
1.101013 0
0.035062 0
0.372994 0
0.529370 0
0.714193 0
0.551252 0
0.810064 0
0.151607 0
1.458813 0
0.152676 0
0.683462 0
0.866098 0
0.030522 0
0.352821 0
0.306893 0
0.550810 0
0.049901 0
0.655694 0
0.334058 0
0.744186 0
0.410468 0
