0.582602 0
0.678752 0
0.214829 0
0.179603 0
0.342872 0
0.119795 0
1.108591 0
0.020219 0
0.883698 0
1.092642 0
0.239460 0
0.659108 0
0.161455 0
0.091653 0
1.759532 0
0.035729 0
0.085231 0
1.223057 0
0.239493 0
0.334430 0
0.654719 0
0.085608 0
0.048619 0
0.984269 0
0.501004 0
0.073382 0
0.028054 0
1.370176 0
0.139351 0
0.499111 0
0.638088 0
0.232334 0
0.776407 0
0.600583 0
0.790650 0
0.665080 0
0.003486 0
0.047288 0
0.233232 0
0.839998 0
0.336419 0
0.230889 0
1.040640 0
0.364985 0
0.255568 0
0.036429 0
0.901109 0
1.329711 0
2.216678 0
0.416115 0
0.841903 0
0.052331 0
0.163256 0
1.385940 0
0.139642 0
0.651060 0
0.007081 0
0.001995 0
0.693887 0
0.398380 0
