1.399779 0
0.193231 0
0.577147 0
0.116732 0
0.571613 0
0.025632 0
0.085221 0
0.704303 0
0.249381 0
0.155741 0
0.588505 0
0.219884 0
0.091148 0
0.153453 0
0.772642 0
0.189361 0
0.180259 0
1.528787 0
0.057264 0
0.185561 0
0.296908 0
0.232530 0
0.187607 0
0.581074 0
1.215168 0
0.979297 0
0.180056 0
1.095709 0
0.489005 0
0.254337 0
0.126803 0
0.866059 0
0.252793 0
1.193409 0
0.904909 0
0.111492 0
1.080075 0
0.719394 0
0.056664 0
0.073855 0
0.768589 0
0.311285 0
0.313131 0
0.252170 0
0.293487 0
0.431359 0
0.313824 0
0.096616 0
0.499674 0
0.214895 0
0.400621 0
0.528909 0
1.545625 0
0.121778 0
1.464314 0
0.185750 0
0.007361 0
0.101691 0
0.067817 0
0.111448 0
0.169878 0
1.529478 0
