0.487497 0
0.270491 0
0.453492 0
0.327605 0
0.124089 0
0.301621 0
0.323271 0
1.263443 0
0.033026 0
0.597629 0
0.367964 0
0.695090 0
0.618908 0
0.624207 0
0.450351 0
0.393652 0
0.052534 0
0.277225 0
1.526595 0
0.025613 0
0.548708 0
0.071530 0
0.948417 0
0.227611 0
1.664279 0
0.261497 0
0.302432 0
0.546635 0
0.586398 0
0.074725 0
0.739115 0
0.490892 0
0.473372 0
0.469540 0
0.345701 0
0.466378 0
1.311313 0
0.205310 0
0.311362 0
0.032066 0
0.463969 0
0.537243 0
0.056110 0
0.684806 0
1.009830 0
0.496744 0
0.085976 0
0.355469 0
0.465737 0
1.039991 0
0.347259 0
0.002378 0
0.162624 0
0.319170 0
0.119566 0
1.142398 0
0.624765 0
0.395966 0
0.399215 0
0.701861 0
0.342904 0
0.688018 0
0.153574 0
0.799833 0
0.040625 0
0.021422 0
0.149388 0
