0.199346 0
0.250516 0
0.459386 0
0.033095 0
0.104667 0
0.147108 0
0.385545 0
0.206595 0
0.161593 0
1.546079 0
0.278189 0
0.800732 0
0.310071 0
0.199385 0
0.919155 0
1.153927 0
0.177944 0
0.222552 0
0.267751 0
0.290239 0
0.149272 0
0.260524 0
0.667427 0
0.442787 0
0.168867 0
0.254467 0
0.291498 0
0.891074 0
1.573991 0
1.002430 0
0.307113 0
0.550661 0
0.432145 0
0.979673 0
0.152010 0
0.091240 0
1.164572 0
0.138014 0
0.136441 0
0.689997 0
0.240419 0
0.162790 0
0.685564 0
0.185953 0
0.032179 0
1.498646 0
0.011394 0
0.943552 0
0.068272 0
0.254671 0
0.070228 0
0.359407 0
1.532546 0
0.758744 0
0.676518 0
0.095842 0
0.330763 0
0.289246 0
0.574317 0
0.767199 0
0.365906 0
0.140668 0
0.059726 0
0.624180 0
0.063948 0
0.876576 0
