0.156684 0
0.461492 0
0.136403 0
0.519595 0
0.692552 0
0.688140 0
0.247424 0
1.080467 0
0.369411 0
0.489864 0
1.278828 0
1.221363 0
0.341717 0
0.489349 0
0.533500 0
0.221165 0
0.490531 0
0.920574 0
0.463308 0
0.865463 0
1.335253 0
0.726899 0
0.067227 0
0.072530 0
0.246659 0
0.259663 0
1.431203 0
0.134214 0
0.946993 0
0.196834 0
0.111717 0
1.416657 0
0.734330 0
0.771807 0
0.880347 0
1.322002 0
0.310063 0
0.624232 0
0.636825 0
0.111452 0
0.028990 0
0.475376 0
0.045105 0
0.033129 0
0.114075 0
0.269772 0
0.727941 0
0.413435 0
0.029046 0
0.244937 0
1.024925 0
0.502642 0
0.245601 0
0.024242 0
0.228791 0
0.462260 0
0.301361 0
0.525123 0
0.157148 0
0.095196 0
