0.151287 0
0.079813 0
0.496215 0
0.694553 0
0.539197 0
0.410546 0
0.172063 0
0.139229 0
0.038875 0
0.699681 0
0.700556 0
0.050967 0
0.297407 0
0.792076 0
0.317105 0
0.532755 0
0.267305 0
1.420699 0
0.192501 0
0.369575 0
0.417007 0
0.085079 0
0.129337 0
0.038816 0
0.100873 0
0.450244 0
0.625288 0
0.583804 0
0.743137 0
0.451640 0
0.068685 0
0.138641 0
0.078915 0
1.006951 0
0.207400 0
0.378757 0
0.615888 0
0.557637 0
0.873970 0
0.755956 0
0.215410 0
0.042734 0
0.110258 0
0.289294 0
0.335007 0
0.487243 0
0.080582 0
0.901990 0
0.557472 0
0.017307 0
0.455574 0
0.534037 0
0.959116 0
0.201389 0
0.264482 0
0.024828 0
0.040271 0
0.101212 0
0.451538 0
1.151841 0
0.074032 0
0.962347 0
0.129530 0
0.176291 0
0.472354 0
0.208933 0
1.163458 0
0.061098 0
