0.918093 0
0.363113 0
0.225528 0
1.355839 0
0.131483 0
0.485575 0
0.774681 0
0.080059 0
1.043582 0
0.503113 0
0.388213 0
0.271621 0
1.234098 0
0.337088 0
0.113693 0
0.111989 0
0.279649 0
0.643838 0
0.200999 0
0.071823 0
1.579712 0
0.159618 0
0.653476 0
0.164543 0
0.347571 0
0.462815 0
0.023581 0
0.980878 0
0.453855 0
0.089161 0
0.171649 0
0.194853 0
0.306921 0
0.027944 0
0.493938 0
0.805965 0
0.071219 0
1.302005 0
0.519151 0
0.083877 0
0.819659 0
0.472071 0
1.427435 0
0.441759 0
0.552323 0
1.362829 0
0.017934 0
0.469215 0
0.374328 0
0.922636 0
0.074239 0
1.606520 0
0.118181 0
0.118455 0
0.037984 0
1.507261 0
0.349918 0
0.036313 0
0.334822 0
0.685517 0
0.527114 0
1.140876 0
0.336285 0
0.551125 0
1.461768 0
0.049261 0
0.356526 0
