0.180889 0
0.406580 0
0.181826 0
0.068543 0
0.455556 0
0.417097 0
1.026273 0
0.107926 0
0.033866 0
0.461292 0
0.122665 0
1.579677 0
0.421291 0
0.461525 0
0.244796 0
0.043508 0
0.166401 0
0.138446 0
0.392761 0
0.268776 0
0.177747 0
0.557005 0
0.678260 0
1.324854 0
0.097557 0
0.468606 0
0.139906 0
0.296201 0
0.257544 0
1.375848 0
1.343402 0
0.659006 0
0.377179 0
0.905836 0
0.715322 0
0.170315 0
0.001433 0
1.595786 0
0.033709 0
1.695718 0
0.458358 0
0.786502 0
0.350363 0
0.056558 0
0.142051 0
0.652889 0
0.119239 0
0.139184 0
2.279349 0
0.181167 0
0.282171 0
0.563083 0
