0.255736 0
0.160006 0
0.442960 0
0.726288 0
0.964365 0
0.802657 0
0.419750 0
0.947041 0
0.593593 0
0.446637 0
0.174288 0
0.399244 0
0.245940 0
0.260208 0
0.127416 0
0.403581 0
1.516378 0
0.885707 0
0.399855 0
0.032158 0
0.733855 0
0.012068 0
0.181762 0
0.445546 0
0.355814 0
0.163203 0
0.550964 0
0.328119 0
0.624898 0
0.347430 0
0.037047 0
0.104512 0
0.624401 0
0.434054 0
0.071835 0
0.304997 0
0.158904 0
0.051004 0
0.974507 0
0.305877 0
0.212315 0
0.266792 0
0.073214 0
0.708076 0
0.085758 0
1.264228 0
0.197371 0
0.045877 0
0.533262 0
1.034939 0
0.417336 0
0.071404 0
0.286566 0
0.627646 0
0.081520 0
0.303555 0
0.232351 0
0.138049 0
0.675418 0
0.030468 0
0.164126 0
0.087220 0
0.627942 0
0.965805 0
0.232838 0
0.148260 0
0.465531 0
0.413849 0
1.427905 0
0.211902 0
0.163853 0
0.094079 0
0.135182 0
0.077256 0
