0.639986 0
0.256758 0
1.653713 0
0.157734 0
0.173449 0
0.162923 0
0.132573 0
1.075299 0
0.579826 0
0.027035 0
0.071383 0
0.670954 0
0.202611 0
0.105357 0
0.225679 0
0.163032 0
0.085286 0
0.951020 0
1.734998 0
0.247469 0
0.186554 0
0.600205 0
0.013013 0
0.446721 0
0.062073 0
0.484743 0
0.591288 0
1.501079 0
0.282290 0
0.510875 0
0.431644 0
0.558857 0
0.246199 0
0.169631 0
0.279230 0
0.768179 0
0.476024 0
0.347851 0
0.802293 0
1.210864 0
0.407565 0
0.389346 0
0.021128 0
0.261383 0
0.016014 0
0.607625 0
0.276679 0
1.613948 0
0.914757 0
0.565838 0
0.764807 0
