0.811329 0
0.623244 0
0.206628 0
0.075907 0
0.325955 0
1.391963 0
0.276943 0
0.183103 0
0.259728 0
0.273398 0
0.965500 0
0.325823 0
0.616325 0
0.674110 0
0.273787 0
0.758089 0
0.081072 0
0.249915 0
0.039587 0
1.244717 0
0.063724 0
0.586996 0
0.976862 0
1.439517 0
1.061791 0
1.459023 0
0.245723 0
0.419732 0
0.014135 0
0.195921 0
0.099486 0
0.412643 0
0.665377 0
0.792426 0
0.665440 0
0.010910 0
0.149283 0
0.058201 0
0.174334 0
0.035172 0
0.173913 0
0.111224 0
0.348386 0
0.136387 0
0.358406 0
0.280239 0
0.320269 0
0.239915 0
0.696163 0
0.006770 0
0.479080 0
1.695977 0
1.590226 0
0.531920 0
0.662091 0
0.726714 0
0.096906 0
0.830311 0
0.524618 0
0.205595 0
0.503138 0
0.530766 0
0.725623 0
1.200626 0
1.136713 0
0.196232 0
0.951693 0
0.434881 0
0.702812 0
0.223287 0
0.365779 0
0.676728 0
1.366145 0
0.977052 0
0.826891 0
0.173615 0
