0.095757 0
0.183938 0
0.523680 0
0.286184 0
0.585431 0
0.213233 0
0.602364 0
1.541962 0
0.292125 0
0.058201 0
0.026914 0
1.133467 0
0.040511 0
0.368829 0
1.398539 0
0.025757 0
0.812337 0
0.912929 0
0.500663 0
1.054417 0
0.748468 0
0.944523 0
1.062250 0
0.301111 0
0.048755 0
0.274924 0
0.350435 0
0.308171 0
0.088378 0
1.615841 0
0.711031 0
0.504753 0
0.146976 0
0.488959 0
0.224681 0
0.491994 0
0.510291 0
0.071016 0
0.811933 0
0.265648 0
0.818356 0
0.886258 0
0.285560 0
0.056614 0
0.009904 0
0.365979 0
0.132759 0
1.282435 0
1.448626 0
0.287722 0
0.471196 0
0.029062 0
1.183309 0
1.004074 0
0.277235 0
0.114262 0
1.210019 0
0.449093 0
0.205986 0
0.175780 0
0.118753 0
0.255188 0
0.424387 0
1.190475 0
0.506033 0
0.287535 0
0.451076 0
0.380327 0
0.328723 0
0.190268 0
0.002509 0
0.700331 0
0.294350 0
