0.238472 0
0.049474 0
0.449487 0
0.138983 0
1.446435 0
0.095369 0
1.552094 0
1.369308 0
0.460581 0
0.608350 0
0.444754 0
0.030402 0
0.063318 0
0.090620 0
0.102355 0
0.382216 0
0.496741 0
0.053775 0
0.177513 0
0.804648 0
0.186594 0
0.659143 0
0.019187 0
0.085885 0
0.632283 0
0.110299 0
0.235442 0
0.486626 0
0.195714 0
0.197266 0
0.745763 0
0.005751 0
0.457761 0
0.080368 0
0.091037 0
0.022698 0
0.675852 0
0.605556 0
1.684791 0
0.894905 0
0.008846 0
0.205801 0
0.090580 0
0.072847 0
0.046919 0
0.290684 0
0.081442 0
0.369531 0
0.217728 0
0.616538 0
0.714824 0
0.024631 0
0.137761 0
0.187327 0
0.040391 0
0.514981 0
0.075269 0
0.216308 0
0.028195 0
0.243048 0
0.903486 0
0.880703 0
0.887814 0
