0.873792 0
0.099639 0
0.419547 0
1.521459 0
0.304766 0
0.125875 0
0.565971 0
0.438528 0
0.124543 0
0.618456 0
0.824177 0
0.992803 0
0.357596 0
0.131621 0
1.121771 0
0.271081 0
0.185491 0
0.245941 0
1.476238 0
1.114377 0
0.418585 0
0.139749 0
0.013901 0
0.913868 0
0.388431 0
0.050119 0
0.227444 0
0.591654 0
0.990074 0
0.406694 0
0.224873 0
0.459579 0
0.269196 0
0.188085 0
1.445917 0
1.127465 0
0.046514 0
0.435943 0
0.057623 0
0.653811 0
0.715787 0
0.179497 0
0.005078 0
0.403341 0
0.424498 0
0.781836 0
0.014308 0
0.332045 0
0.181648 0
0.328361 0
0.409379 0
1.368839 0
0.602903 0
1.461717 0
0.014072 0
0.124087 0
1.255397 0
0.033756 0
1.563760 0
0.665571 0
0.586959 0
0.083776 0
0.049066 0
0.857334 0
