0.411269 0
0.123836 0
0.759379 0
0.075789 0
1.321723 0
0.422880 0
0.474973 0
0.504580 0
0.560654 0
0.692659 0
0.681485 0
0.371783 0
1.479423 0
0.527270 0
1.338073 0
0.136182 0
0.683905 0
0.161240 0
0.097785 0
0.155127 0
1.201482 0
0.041166 0
0.530749 0
0.294151 0
0.356950 0
0.234993 0
0.064392 0
0.382359 0
0.428505 0
0.599159 0
0.206303 0
0.049753 0
0.015978 0
2.329224 0
0.099858 0
0.281919 0
0.377348 0
0.191328 0
0.869016 0
0.143776 0
0.129763 0
0.387231 0
0.168142 0
0.168580 0
0.618005 0
0.334074 0
0.140601 0
0.240953 0
0.217740 0
0.003049 0
1.286044 0
0.585023 0
0.155111 0
0.045495 0
1.288705 0
1.583148 0
0.011507 0
0.452848 0
0.118578 0
1.029195 0
0.026832 0
0.633834 0
0.056063 0
0.113736 0
