0.129071 0
0.298560 0
0.900790 0
0.592233 0
0.589595 0
0.881869 0
0.117536 0
0.079178 0
0.394205 0
0.514272 0
0.141437 0
0.492081 0
0.067416 0
1.361800 0
0.144387 0
0.295308 0
0.212366 0
0.613942 0
0.191844 0
0.063185 0
0.327856 0
0.241650 0
1.458897 0
0.961266 0
0.162661 0
0.054513 0
0.163964 0
0.032316 0
0.045745 0
0.272571 0
0.163864 0
0.339702 0
0.205953 0
0.177023 0
1.545226 0
1.312041 0
0.102263 0
0.361228 0
0.900519 0
0.275552 0
0.209816 0
0.900898 0
0.632422 0
0.067738 0
0.005171 0
0.594641 0
0.175909 0
0.313190 0
0.075729 0
0.171452 0
1.457067 0
0.971782 0
0.385917 0
0.341811 0
1.194209 0
0.555998 0
0.172272 0
1.411643 0
1.276920 0
0.511281 0
0.767591 0
0.093944 0
0.480860 0
0.170495 0
1.375214 0
0.637459 0
0.289273 0
0.919113 0
0.549740 0
0.177637 0
0.081803 0
0.051272 0
