1.011471 0
0.266362 0
0.516144 0
0.472672 0
0.329880 0
0.055513 0
0.206276 0
0.124070 0
0.220987 0
0.994910 0
0.126970 0
0.565459 0
0.506337 0
0.047868 0
0.508020 0
0.146744 0
0.517586 0
0.354669 0
0.426974 0
0.998404 0
0.622540 0
0.303453 0
0.849752 0
0.231767 0
0.134108 0
0.188888 0
0.208118 0
0.141955 0
1.854462 0
0.811242 0
0.310753 0
0.261554 0
0.169960 0
0.081325 0
0.224730 0
0.442317 0
0.059361 0
0.113655 0
1.008613 0
0.622442 0
0.877387 0
0.236133 0
0.883041 0
0.238260 0
1.013278 0
0.009656 0
1.562095 0
0.574892 0
0.637022 0
0.593827 0
0.057849 0
0.063214 0
0.213152 0
0.546614 0
0.805514 0
0.415061 0
