0.334237 0
1.142573 0
0.446336 0
0.344156 0
0.434951 0
1.427057 0
0.099821 0
0.098308 0
0.189288 0
0.057177 0
0.390724 0
0.240764 0
0.402120 0
0.077597 0
1.390027 0
0.751053 0
0.801616 0
0.094853 0
0.190823 0
0.234333 0
0.892615 0
0.296452 0
0.791051 0
1.020174 0
0.179170 0
0.490474 0
0.201170 0
0.019068 0
1.414303 0
0.168386 0
0.016952 0
0.115449 0
0.910688 0
0.028345 0
0.038139 0
0.189807 0
0.894659 0
0.737128 0
0.081959 0
0.046487 0
0.190492 0
0.941553 0
0.336021 0
0.228861 0
0.787739 0
0.395368 0
0.576895 0
0.774847 0
0.108293 0
0.896565 0
0.271858 0
0.185027 0
0.890498 0
0.274309 0
0.070072 0
1.212595 0
1.171673 0
1.501207 0
0.560015 0
0.129569 0
0.913570 0
0.836279 0
0.244716 0
0.444634 0
0.304963 0
0.123508 0
0.377465 0
0.188771 0
0.578634 0
0.094586 0
