0.487520 0
0.290654 0
0.111232 0
0.651833 0
0.229193 0
0.287145 0
1.573789 0
0.545933 0
0.187139 0
0.101751 0
0.192237 0
0.590325 0
0.855637 0
0.164511 0
0.156673 0
0.076001 0
0.013410 0
0.166706 0
0.998567 0
0.473453 0
0.311995 0
0.247357 0
0.191970 0
0.201542 0
0.446775 0
0.173388 0
0.187710 0
1.058359 0
0.079179 0
0.403678 0
0.464090 0
0.070758 0
0.196666 0
0.437639 0
0.069275 0
0.018116 0
0.032307 0
0.259037 0
1.582487 0
0.040752 0
0.595010 0
0.521984 0
0.724619 0
0.109936 0
0.040438 0
0.648399 0
1.318085 0
0.176216 0
0.390936 0
0.568796 0
0.182501 0
0.020850 0
0.294078 0
0.085574 0
0.960638 0
0.247319 0
0.265957 0
0.797988 0
0.017347 0
0.102256 0
1.484125 0
0.656996 0
0.056772 0
1.484210 0
1.423671 0
1.197192 0
0.053142 0
0.792603 0
0.386413 0
0.587844 0
0.406419 0
