0.132077 0
0.459344 0
0.113362 0
0.158356 0
0.130339 0
0.376295 0
0.087370 0
0.159625 0
0.255113 0
0.895400 0
0.568752 0
1.169697 0
1.072224 0
0.117791 0
0.117899 0
0.213070 0
0.492505 0
0.622360 0
0.786457 0
0.907435 0
0.270142 0
0.075873 0
1.194661 0
0.108073 0
0.810163 0
0.055714 0
0.181010 0
0.731417 0
0.051237 0
0.326582 0
0.038340 0
0.809235 0
1.215430 0
0.079083 0
0.294953 0
0.381275 0
0.292059 0
0.495416 0
0.833833 0
0.330221 0
0.041059 0
0.617704 0
1.086282 0
0.161768 0
0.051008 0
0.254448 0
0.492442 0
0.355000 0
0.113628 0
0.497935 0
0.582707 0
0.685804 0
0.251333 0
0.493061 0
0.808335 0
1.115702 0
0.031074 0
0.132213 0
0.087367 0
0.188719 0
0.098418 0
0.540752 0
0.045544 0
1.809707 0
0.865318 0
0.323041 0
0.205721 0
0.023803 0
0.912484 0
