0.776595 0
0.758026 0
0.323903 0
0.381667 0
0.241961 0
0.061344 0
0.023540 0
0.329049 0
0.386919 0
0.464460 0
1.228205 0
0.756411 0
0.817387 0
0.080287 0
1.252729 0
0.146342 0
0.414985 0
0.017701 0
0.329784 0
1.491265 0
0.579354 0
0.006936 0
1.561271 0
0.275455 0
0.065743 0
1.098526 0
0.841753 0
1.395046 0
0.424409 0
0.681091 0
0.288916 0
0.922264 0
0.106180 0
0.152558 0
0.287279 0
0.118771 0
0.423695 0
0.198006 0
0.851479 0
0.073528 0
0.765207 0
1.032436 0
0.048148 0
0.900518 0
0.435274 0
0.184872 0
0.080809 0
1.082764 0
0.298534 0
1.375817 0
0.362586 0
0.551580 0
0.196446 0
0.100048 0
0.075381 0
0.430186 0
