0.068313 0
0.560897 0
0.474849 0
1.101453 0
0.101752 0
0.446362 0
0.137021 0
0.056399 0
0.068976 0
0.300784 0
0.081011 0
0.535989 0
0.166519 0
0.088654 0
0.356792 0
1.336531 0
0.531523 0
0.213973 0
1.074039 0
0.278877 0
0.904339 0
0.708350 0
1.436081 0
0.485100 0
0.022860 0
0.016994 0
0.083241 0
0.222769 0
0.108551 0
0.048393 0
0.225452 0
0.024058 0
0.205004 0
0.046673 0
0.059953 0
0.500100 0
0.212251 0
0.597722 0
0.444343 0
0.180071 0
0.333542 0
0.315811 0
0.284703 0
1.174689 0
0.928304 0
0.043808 0
1.057934 0
0.789293 0
0.930122 0
0.846901 0
1.002596 0
0.150703 0
0.493333 0
0.255269 0
1.447627 0
1.238156 0
