1.408423 0
0.932236 0
0.053573 0
1.374533 0
0.073953 0
0.259752 0
0.309191 0
0.846055 0
1.804426 0
0.224459 0
0.264084 0
1.141912 0
0.931571 0
0.311829 0
0.521438 0
1.061929 0
0.543892 0
0.593863 0
0.017010 0
1.583318 0
0.353748 0
1.323464 0
0.556083 0
0.855587 0
0.187527 0
0.122512 0
0.571872 0
0.047850 0
0.646647 0
0.905276 0
0.150838 0
0.020730 0
0.911812 0
0.341646 0
0.303093 0
0.110960 0
1.058558 0
0.206116 0
0.637072 0
0.240881 0
0.109619 0
0.593090 0
0.287780 0
0.003908 0
1.038869 0
0.273589 0
0.053370 0
0.049726 0
0.010342 0
0.091366 0
0.052248 0
0.444827 0
0.744536 0
0.389272 0
0.145632 0
0.708200 0
0.197316 0
0.831385 0
1.451337 0
1.006922 0
