0.416103 0
0.322337 0
0.075439 0
0.845244 0
1.175847 0
0.106823 0
0.176138 0
0.373750 0
0.238205 0
0.171141 0
1.664143 0
0.505810 0
0.295527 0
0.941405 0
0.262304 0
0.570552 0
0.814528 0
0.113158 0
0.177469 0
0.090098 0
1.230738 0
1.205824 0
0.586509 0
0.370203 0
0.597529 0
0.415126 0
0.142839 0
0.337629 0
0.473358 0
0.320850 0
1.655608 0
0.109210 0
0.438974 0
0.208623 0
0.176043 0
0.256445 0
1.750975 0
0.806302 0
0.133272 0
0.083078 0
0.108009 0
0.140099 0
0.607821 0
0.007206 0
0.637683 0
0.026258 0
0.047628 0
0.588576 0
0.281827 0
0.238396 0
0.163464 0
0.197854 0
0.680147 0
0.253318 0
0.915662 0
1.288334 0
0.556646 0
0.443119 0
0.459546 0
1.002998 0
0.257434 0
0.486795 0
0.484274 0
