0.343508 0
0.194178 0
0.649043 0
0.449120 0
0.584751 0
0.330023 0
0.354921 0
0.114221 0
0.642635 0
0.069053 0
1.375300 0
0.625247 0
0.262999 0
0.056089 0
0.455551 0
0.469828 0
0.392907 0
0.572735 0
0.323416 0
0.127249 0
0.188300 0
0.923010 0
1.277603 0
0.134564 0
0.007185 0
0.438278 0
1.135231 0
0.197940 0
0.617034 0
1.279466 0
0.159558 0
0.215178 0
0.890614 0
0.086801 0
1.456359 0
0.201112 0
0.256053 0
0.845835 0
0.086384 0
0.441747 0
0.339880 0
0.131414 0
0.038344 0
0.585357 0
0.074708 0
0.012418 0
0.938532 0
0.345072 0
0.381335 0
0.698419 0
0.640646 0
0.091631 0
0.938448 0
1.762012 0
0.039064 0
0.199992 0
0.511674 0
0.512262 0
1.206047 0
0.018205 0
0.408652 0
0.461263 0
0.831016 0
0.068454 0
