0.603317 0
0.083950 0
0.817155 0
0.060786 0
0.315275 0
0.153960 0
1.131149 0
0.462810 0
0.287357 0
0.053610 0
0.087425 0
0.246991 0
0.398163 0
0.315561 0
0.479078 0
0.582651 0
0.030311 0
0.247154 0
0.216876 0
0.222174 0
0.471068 0
1.433256 0
0.010755 0
0.008153 0
0.159389 0
1.063034 0
0.041508 0
0.353197 0
1.543863 0
0.107816 0
0.258820 0
0.244884 0
0.006693 0
0.009704 0
1.009072 0
0.059386 0
0.565643 0
0.246955 0
0.548893 0
0.872174 0
0.242737 0
1.057489 0
0.232218 0
0.223680 0
0.892651 0
0.718496 0
1.454185 0
0.651516 0
0.189428 0
0.264096 0
0.826140 0
0.386295 0
0.354898 0
0.563136 0
0.155500 0
0.845428 0
