0.710965 0
0.455268 0
0.372481 0
0.601428 0
0.787684 0
1.297617 0
0.466409 0
0.974739 0
1.321054 0
0.067116 0
0.026448 0
1.460503 0
0.247832 0
0.288264 0
0.027403 0
0.098926 0
0.123026 0
0.313762 0
0.063144 0
0.968827 0
0.734821 0
0.150531 0
0.215402 0
0.392849 0
0.273434 0
1.284455 0
0.028651 0
0.658340 0
0.217196 0
0.404816 0
0.054105 0
0.086273 0
0.230963 0
0.199917 0
0.356514 0
1.424307 0
0.004941 0
0.870616 0
0.421004 0
0.768764 0
1.015319 0
0.713495 0
1.094975 0
0.033260 0
0.218452 0
0.555823 0
0.184403 0
0.190353 0
0.337822 0
0.652456 0
0.940470 0
0.208616 0
0.335730 0
1.090524 0
0.211230 0
0.511763 0
0.248438 0
0.128708 0
0.162460 0
0.249944 0
0.259475 0
1.420114 0
