0.919584 0
0.566146 0
0.644591 0
0.717802 0
1.135828 0
0.236814 0
0.520542 0
0.285673 0
0.695539 0
0.042449 0
0.116143 0
0.476650 0
0.205095 0
0.592692 0
0.079575 0
0.422955 0
0.217405 0
0.531874 0
0.309819 0
0.182696 0
0.079376 0
0.053090 0
1.393553 0
1.149184 0
1.272837 0
0.010425 0
0.159852 0
0.562725 0
0.608861 0
0.676607 0
1.361011 0
0.327825 0
0.160027 0
0.711331 0
0.205920 0
0.614519 0
1.669450 0
0.563147 0
0.039890 0
0.711051 0
0.070535 0
0.239662 0
0.470700 0
0.427493 0
0.223225 0
0.230308 0
0.213340 0
0.176016 0
1.310159 0
0.262101 0
0.172042 0
0.292805 0
0.525939 0
0.657701 0
0.183424 0
0.336740 0
0.050133 0
1.632375 0
0.424859 0
0.786147 0
0.016033 0
0.157330 0
0.218660 0
