0.166480 0
1.626729 0
0.998222 0
0.194154 0
0.457009 0
0.112707 0
0.297253 0
0.737672 0
0.069795 0
0.514987 0
1.150075 0
0.467823 0
0.299064 0
0.384268 0
0.158160 0
0.274388 0
0.277471 0
0.393836 0
0.819688 0
0.012075 0
0.728694 0
0.261662 0
1.402960 0
0.756787 0
0.023615 0
0.141364 0
0.098403 0
0.528266 0
0.143200 0
0.246596 0
0.348269 0
0.622818 0
0.658850 0
0.290693 0
0.048252 0
0.267677 0
0.014938 0
0.098841 0
0.041973 0
0.441906 0
0.283545 0
0.851619 0
0.195448 0
0.193231 0
0.783919 0
0.135594 0
0.022619 0
1.100146 0
0.388391 0
0.560831 0
0.135970 0
0.180918 0
0.585962 0
0.184630 0
0.741451 0
0.056103 0
2.344540 0
0.209931 0
0.027328 0
0.568073 0
0.032340 0
0.167317 0
0.399977 0
0.211736 0
