1.095884 0
0.419321 0
0.535837 0
1.449185 0
0.367297 0
0.203522 0
0.029861 0
0.369987 0
0.065516 0
0.508238 0
0.038089 0
1.158770 0
0.340674 0
0.306900 0
0.030546 0
0.267586 0
0.034545 0
0.590616 0
0.527338 0
1.052625 0
1.133570 0
0.260346 0
0.264625 0
0.588197 0
0.008263 0
0.544426 0
0.319695 0
0.546686 0
1.214189 0
1.008299 0
0.709618 0
0.034727 0
0.886322 0
0.500887 0
0.110819 0
0.493436 0
0.188626 0
0.173048 0
1.657187 0
0.036538 0
0.709891 0
0.596013 0
1.007939 0
0.397808 0
0.827624 0
0.354881 0
0.484759 0
0.180822 0
0.355982 0
0.011770 0
0.530728 0
0.915716 0
0.103815 0
0.074069 0
0.110261 0
0.867833 0
0.026240 0
0.247518 0
0.496385 0
0.535041 0
0.314970 0
0.146206 0
0.435159 0
0.906115 0
0.189365 0
0.466040 0
0.452488 0
