0.391976 0
0.665854 0
0.845372 0
0.054858 0
0.133641 0
0.967359 0
1.560162 0
1.336555 0
0.096254 0
0.195105 0
0.121209 0
0.338492 0
0.661383 0
0.912865 0
0.053158 0
0.206977 0
0.068503 0
0.359834 0
0.027958 0
0.685285 0
0.979990 0
0.262348 0
1.472517 0
0.065986 0
1.468543 0
0.268505 0
0.174109 0
0.170212 0
0.908387 0
0.297484 0
0.410841 0
0.230068 0
0.389020 0
0.084493 0
1.927536 0
0.279330 0
0.449304 0
0.009226 0
0.208905 0
0.320564 0
0.052905 0
0.523465 0
0.302320 0
0.277283 0
0.838191 0
0.484823 0
0.015013 0
1.152642 0
0.992524 0
1.263350 0
0.391901 0
0.267383 0
0.220587 0
0.486233 0
1.754221 0
0.387740 0
0.322335 0
1.165725 0
0.024543 0
0.040890 0
0.070134 0
0.066906 0
0.864456 0
0.525933 0
1.484661 0
0.293470 0
