1.530182 0
1.497060 0
0.528760 0
0.194148 0
0.515889 0
1.653997 0
1.071534 0
0.644221 0
0.324147 0
0.610986 0
0.333662 0
0.128600 0
0.880762 0
0.362683 0
0.106119 0
0.669617 0
0.134638 0
1.437830 0
0.222216 0
0.211161 0
0.016332 0
0.046662 0
0.024539 0
0.159885 0
0.893182 0
1.362577 0
0.502940 0
0.736287 0
0.020310 0
0.308135 0
0.286323 0
0.070576 0
0.026010 0
0.572170 0
1.851519 0
1.477247 0
0.150445 0
0.539779 0
0.307302 0
0.067140 0
0.283634 0
0.181551 0
0.151984 0
0.067523 0
1.488805 0
0.769060 0
1.604621 0
0.608295 0
0.076204 0
0.779951 0
0.368677 0
0.693622 0
0.197964 0
0.008487 0
0.062252 0
0.139834 0
1.620642 0
0.628613 0
0.390404 0
0.411081 0
0.275905 0
1.150499 0
0.525018 0
