0.323077 0
0.473102 0
0.214137 0
1.247072 0
0.291985 0
1.402777 0
0.151259 0
0.322070 0
0.576264 0
0.531670 0
0.114929 0
0.130752 0
1.643293 0
0.140616 0
0.019081 0
0.283718 0
1.232298 0
0.047360 0
0.517404 0
1.579263 0
0.394623 0
0.340342 0
0.029913 0
1.740568 0
0.297806 0
0.188312 0
0.309377 0
1.174230 0
0.310152 0
0.032707 0
0.470635 0
0.149723 0
0.678571 0
1.074363 0
0.170616 0
0.603764 0
0.518772 0
0.283197 0
0.834267 0
0.779711 0
0.032625 0
0.509713 0
0.234214 0
0.227957 0
0.023104 0
1.428597 0
0.121663 0
0.151253 0
0.035575 0
0.083114 0
1.396598 0
0.176156 0
0.621530 0
0.023262 0
0.282759 0
0.092982 0
0.120726 0
0.914548 0
0.085078 0
0.710949 0
0.639155 0
0.929725 0
0.385943 0
1.075740 0
0.715224 0
0.067547 0
0.897277 0
0.724447 0
