0.179560 0
1.003994 0
0.439467 0
1.708490 0
0.111724 0
0.090870 0
0.254735 0
1.835351 0
0.241190 0
0.381436 0
0.262778 0
0.061320 0
0.074629 0
0.038024 0
1.084937 0
0.575809 0
0.208635 0
1.286844 0
0.158607 0
0.027276 0
0.229299 0
0.257944 0
0.692229 0
0.238404 0
0.640017 0
0.395267 0
0.033955 0
0.167311 0
0.129839 0
0.328955 0
0.071901 0
0.591136 0
0.465895 0
1.825035 0
1.022205 0
0.066595 0
0.141724 0
0.136914 0
0.520223 0
0.306347 0
0.147115 0
0.552925 0
0.008999 0
0.694818 0
0.484646 0
0.570463 0
0.532861 0
0.095597 0
0.559518 0
0.047978 0
0.480653 0
0.472627 0
0.233166 0
0.365780 0
0.222564 0
0.060191 0
0.048394 0
0.012908 0
0.743970 0
0.477368 0
0.305106 0
0.930997 0
0.329124 0
0.448525 0
1.381556 0
0.981637 0
0.219833 0
