0.465550 0
0.169015 0
0.517318 0
0.754668 0
0.188138 0
0.210278 0
0.559080 0
0.719402 0
0.211767 0
0.684269 0
0.392529 0
1.284068 0
0.917176 0
0.632038 0
0.036951 0
0.093673 0
0.195395 0
1.140484 0
0.908910 0
0.179481 0
0.448871 0
0.245245 0
1.143953 0
0.046854 0
0.136028 0
0.067718 0
0.345197 0
0.336331 0
0.194179 0
0.818061 0
1.178535 0
0.400557 0
0.149344 0
0.080663 0
0.646884 0
0.038762 0
0.299134 0
0.319724 0
0.113048 0
0.073050 0
0.202024 0
0.265303 0
0.176895 0
0.617546 0
0.225908 0
1.144165 0
0.108927 0
0.272846 0
0.374530 0
1.391184 0
0.743890 0
0.027329 0
0.524314 0
1.009863 0
0.418335 0
0.601620 0
