0.434902 0
0.080597 0
0.746570 0
0.303115 0
0.448710 0
0.098642 0
0.620333 0
0.390503 0
0.165303 0
0.650450 0
0.075748 0
0.255317 0
1.422348 0
0.280029 0
1.586594 0
0.094664 0
0.015861 0
0.330230 0
1.406659 0
0.344582 0
0.092514 0
0.174730 0
1.074937 0
0.218353 0
0.853208 0
0.149295 0
1.395572 0
0.217510 0
0.577202 0
0.923368 0
0.015230 0
0.030607 0
0.745794 0
0.364712 0
0.172357 0
0.378917 0
1.564961 0
1.414107 0
1.391459 0
0.140908 0
0.081531 0
0.572681 0
0.197010 0
0.398416 0
0.498783 0
1.414186 0
1.092960 0
0.798189 0
0.322963 0
0.792095 0
0.875966 0
0.662853 0
0.143290 0
0.404395 0
0.449512 0
0.446894 0
0.655024 0
0.346809 0
0.513084 0
0.856883 0
0.217285 0
0.813353 0
0.465132 0
0.796017 0
1.216993 0
0.459792 0
1.381653 0
0.031202 0
0.107366 0
0.029174 0
0.062513 0
