0.258499 0
0.179533 0
0.059751 0
0.173062 0
0.170772 0
1.411447 0
1.369041 0
0.225512 0
0.065287 0
0.725053 0
0.185987 0
0.046624 0
0.808920 0
0.384631 0
0.552678 0
0.385905 0
0.234952 0
0.170669 0
0.464468 0
0.177734 0
0.239595 0
0.026196 0
1.363877 0
0.180474 0
0.900884 0
0.464950 0
1.151315 0
0.629478 0
0.458999 0
0.413336 0
0.178925 0
0.421632 0
0.721694 0
0.314157 0
0.974911 0
1.549806 0
0.338013 0
0.571085 0
0.159136 0
0.729330 0
0.405604 0
0.183481 0
0.342763 0
0.097076 0
0.250698 0
0.292768 0
0.771300 0
0.173761 0
0.048279 0
0.948793 0
1.905298 0
1.485932 0
