0.207031 0
0.660807 0
0.501247 0
0.189298 0
0.071653 0
0.055961 0
0.412404 0
0.596042 0
1.374604 0
0.193349 0
1.553067 0
1.415800 0
1.542490 0
0.265816 0
0.080739 0
0.212708 0
0.882609 0
0.112916 0
1.473788 0
1.309655 0
0.631287 0
0.309528 0
0.768694 0
0.049508 0
0.772203 0
0.298046 0
0.138272 0
0.123403 0
0.890583 0
0.891906 0
1.045105 0
0.096454 0
0.387198 0
0.194864 0
0.707193 0
0.195741 0
0.080887 0
0.032068 0
0.324347 0
0.352465 0
0.222802 0
0.365864 0
0.416844 0
0.018233 0
0.127903 0
1.367516 0
0.128504 0
1.069360 0
0.211083 0
0.227911 0
0.628474 0
0.933922 0
0.093105 0
0.884395 0
0.204819 0
