0.146085 0
0.073573 0
0.434992 0
0.315770 0
0.252766 0
0.937919 0
0.153595 0
0.353183 0
0.240109 0
0.171974 0
0.186670 0
0.188788 0
0.766628 0
0.544722 0
0.779928 0
0.177469 0
0.012570 0
0.318318 0
0.211454 0
1.285800 0
0.248702 0
0.340077 0
0.132376 0
0.087268 0
1.652125 0
0.114174 0
0.179338 0
0.440399 0
0.713201 0
0.450808 0
0.935340 0
0.149033 0
0.710902 0
1.329406 0
0.032637 0
0.675656 0
0.026440 0
0.428602 0
0.195503 0
0.010039 0
1.029057 0
0.106984 0
0.645724 0
0.009148 0
0.752678 0
0.008802 0
0.024044 0
0.216239 0
0.539643 0
0.956459 0
2.951818 0
0.195595 0
0.608852 0
0.098919 0
0.612516 0
0.119287 0
0.068536 0
0.517546 0
1.383096 0
0.163394 0
0.217413 0
1.254092 0
