0.213758 0
1.184831 0
0.316083 0
0.543578 0
0.308444 0
0.206960 0
1.773512 0
0.547657 0
0.189339 0
0.440030 0
0.134969 0
0.037555 0
0.318420 0
0.270661 0
0.217613 0
0.149362 0
0.118693 0
1.003388 0
2.445323 0
0.061574 0
0.170844 0
0.494091 0
0.337337 0
0.810205 0
0.263821 0
0.218628 0
1.163563 0
0.043541 0
0.221606 0
0.013461 0
0.818353 0
0.679090 0
0.420891 0
0.265663 0
0.110938 0
0.278666 0
0.114220 0
0.487504 0
0.029654 0
0.406291 0
0.582250 0
0.265381 0
0.014884 0
1.197761 0
0.030568 0
0.020434 0
0.404030 0
0.031206 0
0.034761 0
1.179764 0
0.147428 0
0.200943 0
0.630459 0
1.016133 0
0.002051 0
1.421016 0
0.635649 0
0.373673 0
0.110661 0
0.259607 0
1.026426 0
0.023017 0
