0.129470 0
0.215677 0
0.110511 0
0.524016 0
0.638274 0
0.340739 0
1.122225 0
0.112980 0
0.053922 0
1.172676 0
0.764647 0
0.400292 0
0.664327 0
1.145881 0
0.055370 0
0.121221 0
0.019237 0
0.617104 0
0.471136 0
0.671849 0
0.744875 0
1.004608 0
0.025636 0
0.434316 0
0.484996 0
0.297377 0
0.299249 0
0.109896 0
0.374372 0
0.142600 0
0.207038 0
0.861920 0
0.425077 0
0.489191 0
0.121960 0
1.313333 0
0.391464 0
0.660980 0
0.299414 0
0.021614 0
0.337765 0
0.256603 0
0.081137 0
0.007275 0
0.141887 0
0.316749 0
1.015654 0
0.168270 0
0.155985 0
1.016590 0
0.368394 0
0.591905 0
0.401674 0
0.281056 0
0.638124 0
0.959142 0
0.184387 0
0.637632 0
0.293430 0
0.115408 0
0.014014 0
0.297172 0
0.177582 0
0.079380 0
0.400198 0
0.094486 0
0.648536 0
0.136737 0
0.083815 0
0.295237 0
