0.556263 0
0.677355 0
0.075578 0
0.119976 0
0.321573 0
0.373796 0
0.284643 0
0.095095 0
0.433746 0
0.207874 0
1.376693 0
0.808032 0
0.276318 0
0.794430 0
1.155684 0
0.132036 0
0.116327 0
0.515607 0
0.440173 0
0.454716 0
0.412672 0
0.974235 0
0.525006 0
1.176868 0
1.033340 0
1.489986 0
0.146914 0
1.375747 0
0.181411 0
0.136089 0
0.011910 0
0.439007 0
0.785349 0
0.008417 0
0.561943 0
0.965970 0
0.704369 0
0.806212 0
0.162004 0
0.036626 0
0.061549 0
0.170972 0
1.017145 0
0.072444 0
0.264344 0
1.001796 0
1.143790 0
0.284597 0
0.359750 0
0.122903 0
