0.254786 0
0.974519 0
0.948088 0
0.107285 0
0.750106 0
1.262120 0
1.399271 0
0.461007 0
0.212089 0
0.363941 0
0.332050 0
0.177596 0
0.055797 0
1.110673 0
0.078737 0
0.489095 0
0.167591 0
0.178205 0
0.368821 0
1.035257 0
0.162543 0
0.035778 0
0.020319 0
0.348036 0
0.034379 0
0.813645 0
0.008551 0
0.454134 0
0.604945 0
1.392352 0
2.027781 0
0.732811 0
0.208969 0
0.252770 0
1.389303 0
0.488861 0
0.434013 0
1.243390 0
0.064041 0
1.345144 0
0.575182 0
0.008524 0
0.706776 0
0.314555 0
0.773798 0
0.664318 0
0.465971 0
0.193016 0
0.530875 0
1.492036 0
1.653545 0
0.075972 0
0.792153 0
0.092914 0
0.024408 0
0.412743 0
0.133901 0
0.806449 0
0.371598 0
0.978342 0
0.507385 0
0.894953 0
