1.152917 0
0.322537 0
0.535705 0
0.665059 0
0.247598 0
0.644156 0
0.124919 0
0.444545 0
0.862482 0
0.582646 0
0.060181 0
0.324573 0
0.609418 0
0.029108 0
0.305571 0
0.149013 0
1.516773 0
1.129735 0
0.120548 0
0.194243 0
0.982239 0
0.383304 0
0.158621 0
0.202727 0
0.126557 0
0.112244 0
0.355486 0
0.101154 0
0.497089 0
0.253492 0
0.250808 0
0.159831 0
0.832806 0
0.810211 0
0.642297 0
0.898720 0
0.010836 0
0.076767 0
1.801582 0
0.667688 0
0.480218 0
0.141852 0
1.545970 0
0.762252 0
0.766150 0
0.026259 0
0.911276 0
0.351086 0
0.131216 0
0.500963 0
0.102674 0
0.938476 0
0.260951 0
0.052893 0
1.121617 0
0.916947 0
0.272399 0
0.829130 0
0.133868 0
0.137374 0
0.436406 0
0.300194 0
0.543828 0
0.274606 0
0.494630 0
0.075727 0
0.209957 0
