0.777071 0
0.343347 0
0.583057 0
0.859747 0
0.683390 0
0.123695 0
0.124242 0
0.070561 0
0.462995 0
0.403179 0
1.027519 0
1.957069 0
0.222815 0
0.827754 0
0.162048 0
0.145735 0
0.585790 0
0.617283 0
0.370597 0
0.427531 0
0.334778 0
1.245772 0
0.578210 0
0.218113 0
0.110674 0
1.632192 0
0.871057 0
0.112090 0
0.199343 0
0.132389 0
0.638954 0
0.324215 0
0.151213 0
0.014423 0
0.418942 0
0.154133 0
0.473534 0
0.613752 0
0.091965 0
0.158611 0
0.342082 0
0.021005 0
0.096650 0
1.336901 0
0.321805 0
1.353740 0
0.342428 0
0.515579 0
0.630039 0
0.209009 0
0.448942 0
0.590896 0
0.395974 0
0.419423 0
0.544660 0
1.231892 0
0.060911 0
1.698538 0
1.375496 0
