0.939323 0
0.240707 0
0.845344 0
0.611616 0
0.573909 0
0.775841 0
1.093324 0
0.277458 0
1.580718 0
0.583412 0
0.090802 0
0.415523 0
0.325686 0
0.783301 0
0.732936 0
0.491843 0
0.924469 0
0.896086 0
0.305305 0
1.140461 0
0.655148 0
0.043477 0
0.157526 0
0.722668 0
0.073269 0
0.650317 0
0.582948 0
0.456371 0
0.070252 0
0.152492 0
0.561263 0
0.494729 0
0.557679 0
0.511457 0
0.636063 0
0.668852 0
0.044420 0
0.066801 0
1.418095 0
0.133321 0
1.339955 0
0.226014 0
1.156139 0
0.513942 0
0.277447 0
0.479760 0
0.720528 0
0.011686 0
0.870623 0
0.198385 0
0.703349 0
0.266064 0
0.030691 0
0.795309 0
1.294026 0
0.041801 0
0.445208 0
0.389576 0
0.485171 0
