0.359257 0
0.066859 0
0.407089 0
0.590290 0
0.055693 0
0.244727 0
0.188420 0
0.542834 0
0.880617 0
0.212483 0
0.555002 0
0.195049 0
0.617061 0
0.354736 0
0.108937 0
0.154483 0
0.956199 0
0.459018 0
0.060830 0
1.436043 0
0.409126 0
0.323576 0
0.139550 0
0.046087 0
0.071118 0
0.454039 0
0.141298 0
0.133780 0
0.796267 0
0.123175 0
1.025920 0
0.036845 0
0.534273 0
0.066560 0
0.182012 0
0.043918 0
0.263262 0
0.720885 0
0.081067 0
0.489650 0
0.222179 0
0.049127 0
0.440043 0
0.364599 0
1.369054 0
0.381331 0
0.105410 0
0.783142 0
0.140125 0
0.356621 0
0.325859 0
0.102859 0
0.085267 0
0.469475 0
