1.063523 0
0.870916 0
0.289829 0
0.419444 0
0.415066 0
0.210124 0
0.426592 0
1.577793 0
0.448851 0
0.668428 0
0.270083 0
0.645693 0
1.701215 0
0.329197 0
0.458593 0
0.241982 0
0.489622 0
0.177768 0
0.135373 0
0.298190 0
0.673257 0
0.920056 0
0.262409 0
0.513796 0
0.941411 0
0.116789 0
1.604396 0
0.901300 0
0.718195 0
0.268502 0
0.042538 0
0.146731 0
1.218999 0
0.159624 0
1.610242 0
0.076164 0
0.630121 0
1.530712 0
0.076792 0
1.129057 0
0.614502 0
0.412388 0
1.058078 0
1.357450 0
0.108250 0
0.372419 0
0.230050 0
1.421502 0
0.216195 0
1.434055 0
0.135532 0
0.072998 0
1.412571 0
0.087549 0
0.929382 0
0.341067 0
0.111730 0
0.677298 0
0.034643 0
