0.326507 0
0.759471 0
0.173440 0
0.271557 0
0.280107 0
0.287354 0
1.128615 0
0.179090 0
0.073107 0
0.073449 0
0.117714 0
0.245085 0
0.328862 0
0.352166 0
0.266438 0
0.234452 0
0.484542 0
0.506681 0
0.016721 0
0.028913 0
0.524682 0
0.980131 0
0.122005 0
1.228809 0
0.454926 0
0.722355 0
0.199705 0
0.035929 0
0.896218 0
0.027493 0
0.266557 0
1.617696 0
0.267956 0
0.979679 0
0.377326 0
0.097410 0
0.485956 0
0.461935 0
0.381003 0
0.213960 0
0.152510 0
0.080586 0
0.295484 0
0.177408 0
0.056637 0
0.873428 0
1.211510 0
0.086501 0
