0.728159 0
0.194140 0
0.129740 0
0.922693 0
0.327875 0
0.167793 0
0.129772 0
0.213167 0
0.105412 0
0.171117 0
0.082480 0
0.079087 0
0.933233 0
0.541359 0
1.104578 0
0.094779 0
0.529509 0
0.229935 0
0.983750 0
0.161946 0
0.755849 0
0.471477 0
0.080784 0
0.166217 0
1.584941 0
0.024230 0
0.246142 0
0.087506 0
0.178159 0
0.251297 0
1.022463 0
0.417943 0
0.230176 0
1.724840 0
0.177881 0
0.469126 0
0.762605 0
0.391570 0
0.100830 0
1.373654 0
0.422290 0
0.039814 0
0.372450 0
0.873069 0
0.049861 0
0.258623 0
0.852237 0
0.515855 0
1.700206 0
0.345964 0
0.493585 0
0.306075 0
0.361176 0
1.354341 0
0.857689 0
1.651973 0
0.476602 0
1.613295 0
0.025761 0
1.528700 0
0.523302 0
0.265304 0
0.456648 0
0.117270 0
