0.623326 0
0.405392 0
0.468991 0
0.215659 0
0.137271 0
0.278812 0
0.459622 0
0.374947 0
0.516998 0
0.309366 0
0.373315 0
0.920433 0
0.655755 0
1.143444 0
0.847228 0
0.601881 0
0.127233 0
0.611061 0
1.394663 0
0.660357 0
0.399984 0
0.167989 0
1.489051 0
0.226697 0
0.022077 0
0.522951 0
1.109486 0
1.363094 0
0.564548 0
0.686557 0
0.794989 0
1.535809 0
0.375432 0
1.387361 0
0.091971 0
0.547110 0
0.233172 0
0.398853 0
0.635393 0
0.295612 0
0.185105 0
0.183516 0
0.287503 0
0.105928 0
1.152215 0
0.652636 0
0.585037 0
0.203564 0
0.205811 0
0.091101 0
0.040802 0
0.447311 0
0.059646 0
0.203760 0
0.614933 0
0.331670 0
0.686544 0
1.059691 0
