1.404029 0
0.175839 0
0.329764 0
0.054527 0
0.279775 0
0.507010 0
0.288436 0
0.450034 0
0.757627 0
1.419374 0
0.649789 0
0.116356 0
0.769433 0
0.239283 0
0.167387 0
0.501454 0
1.524238 0
0.381653 0
0.716976 0
0.276329 0
1.106451 0
0.646340 0
0.695567 0
0.304255 0
0.196508 0
0.118087 0
1.374104 0
0.664619 0
0.031389 0
0.378815 0
0.710668 0
0.690657 0
0.377093 0
0.028895 0
0.699617 0
1.103635 0
0.348868 0
0.852876 0
0.351267 0
0.077414 0
0.276280 0
0.220622 0
0.122379 0
0.002661 0
0.095867 0
0.202416 0
0.300112 0
0.306244 0
0.209091 0
1.398054 0
0.250398 0
0.600862 0
0.232937 0
0.827319 0
0.381723 0
0.066768 0
1.041324 0
0.008781 0
1.013329 0
0.705394 0
0.067517 0
0.839750 0
1.578136 0
0.228141 0
0.461051 0
