1.640269 0
0.276580 0
0.450452 0
0.085181 0
0.383972 0
0.361709 0
0.314091 0
0.409493 0
0.826912 0
0.637373 0
0.562132 0
0.265610 0
0.234532 0
0.431830 0
0.021689 0
0.912460 0
0.629156 0
2.139935 0
0.108603 0
0.134998 0
1.428738 0
0.027242 0
0.466820 0
0.998677 0
0.455958 0
0.333165 0
0.646690 0
0.797303 0
0.844451 0
0.070177 0
0.846495 0
0.020244 0
0.085920 0
0.169383 0
1.584712 0
1.026103 0
0.035771 0
0.354014 0
1.162644 0
0.182056 0
0.363747 0
0.352828 0
0.234754 0
0.305271 0
0.365678 0
0.528221 0
0.339840 0
0.757657 0
0.336483 0
0.165327 0
