0.869281 0
0.739431 0
1.483505 0
0.376692 0
0.201406 0
0.067671 0
0.219130 0
0.208157 0
0.017785 0
1.820467 0
1.116747 0
0.012105 0
0.362252 0
0.056829 0
0.012282 0
0.052166 0
0.234828 0
0.318282 0
1.244353 0
0.202503 0
0.349423 0
0.402679 0
0.594062 0
0.181381 0
0.502015 0
0.813890 0
0.985602 0
0.360526 0
1.550210 0
0.118738 0
1.292905 0
0.188618 0
0.839571 0
0.332103 0
0.072760 0
0.301111 0
0.040177 0
0.145856 0
0.160652 0
0.071460 0
0.763765 0
0.081790 0
0.080554 0
0.188501 0
0.245859 0
0.236322 0
0.169043 0
0.294788 0
0.258088 0
1.197802 0
0.108312 0
0.438199 0
0.744689 0
0.104943 0
0.152414 0
0.200942 0
0.185565 0
