0.256186 0
0.537135 0
0.164449 0
0.183732 0
0.788450 0
0.462488 0
1.091803 0
0.053599 0
0.381490 0
0.760117 0
0.259324 0
0.040373 0
1.003379 0
0.208271 0
0.186713 0
0.108544 0
0.851666 0
0.188058 0
0.012576 0
0.606091 0
0.038331 0
0.474378 0
0.026164 0
0.309973 0
0.592560 0
0.835571 0
0.236033 0
0.125340 0
0.013792 0
0.198087 0
0.207917 0
0.308368 0
1.324221 0
0.180444 0
0.127349 0
0.077686 0
0.270787 0
0.199009 0
1.159631 0
0.378116 0
1.066291 0
1.186448 0
1.123636 0
0.207457 0
0.746263 0
0.895900 0
0.189386 0
0.026458 0
0.561895 0
1.186257 0
0.132686 0
0.058304 0
0.366031 0
0.948371 0
0.015233 0
0.024604 0
0.565312 0
0.512370 0
0.025405 0
0.524688 0
0.239051 0
0.366236 0
0.085737 0
0.466310 0
0.206740 0
