0.651311 0
1.416691 0
1.170267 0
0.137866 0
0.093816 0
0.354705 0
0.701511 0
0.657276 0
0.118218 0
0.196587 0
1.112738 0
0.502106 0
1.744975 0
0.437195 0
1.518489 0
0.235682 0
0.094412 0
0.193182 0
0.978900 0
0.924951 0
0.122371 0
0.092420 0
1.308061 0
0.821036 0
0.445925 0
1.239788 0
1.481435 0
0.044337 0
0.316623 0
1.456636 0
0.270584 0
0.322454 0
0.406327 0
1.149453 0
0.416962 0
0.366709 0
0.303540 0
1.026383 0
0.615471 0
0.147589 0
0.003705 0
0.250949 0
0.053618 0
1.418735 0
0.888667 0
0.395918 0
1.041531 0
0.188899 0
0.009377 0
0.125860 0
0.497049 0
0.105622 0
0.064967 0
1.390382 0
0.524454 0
0.269985 0
0.131576 0
0.237988 0
0.067426 0
0.072566 0
0.782441 0
0.184543 0
0.078881 0
