0.512038 0
0.107046 0
0.074339 0
0.243713 0
0.420875 0
1.000707 0
0.124778 0
0.537795 0
1.484372 0
0.083067 0
0.329547 0
1.372934 0
0.162062 0
0.157772 0
0.160910 0
1.111561 0
0.023641 0
1.364053 0
0.060959 0
1.151912 0
0.862161 0
0.113901 0
0.189623 0
0.404999 0
0.668843 0
0.252827 0
0.594960 0
0.401065 0
0.022066 0
1.504892 0
0.072973 0
0.665622 0
0.026265 0
0.777494 0
0.226656 0
0.090780 0
0.385004 0
0.258298 0
0.420655 0
0.280419 0
0.055281 0
0.199073 0
0.358927 0
0.833182 0
1.619670 0
0.080573 0
0.166272 0
0.090204 0
0.247905 0
0.109112 0
0.029159 0
0.552350 0
0.033427 0
0.149441 0
0.836346 0
0.182599 0
0.263273 0
0.260301 0
0.025017 0
0.354242 0
0.312425 0
0.078483 0
0.179249 0
0.718822 0
0.410552 0
