0.301826 0
0.392585 0
0.418942 0
0.149833 0
0.428575 0
0.450035 0
0.555825 0
0.568770 0
0.126664 0
0.148248 0
0.237827 0
0.572384 0
0.807277 0
0.928472 0
0.338548 0
0.254590 0
0.016945 0
0.893764 0
0.019925 0
0.124070 0
0.276830 0
0.239600 0
0.076757 0
0.683276 0
0.281132 0
0.188882 0
0.387885 0
1.408998 0
0.834066 0
0.457582 0
0.364802 0
1.031481 0
0.981875 0
0.243476 0
0.287154 0
0.256007 0
0.069696 0
0.018990 0
0.993960 0
0.533300 0
0.242331 0
0.271849 0
0.391993 0
0.044433 0
0.431271 0
0.451199 0
0.340760 0
0.621862 0
0.066491 0
0.362858 0
0.786096 0
0.557945 0
0.067564 0
0.946265 0
0.380159 0
0.003333 0
0.603586 0
0.454168 0
1.243082 0
0.124909 0
0.458614 0
1.386438 0
0.849708 0
0.002178 0
0.358532 0
0.593616 0
