0.360490 0
1.584530 0
1.387462 0
0.526822 0
0.088694 0
0.400455 0
0.213680 0
0.412867 0
0.775813 0
0.075226 0
0.831014 0
1.474066 0
1.377254 0
0.368218 0
0.405532 0
0.106540 0
0.018200 0
0.083328 0
0.189659 0
0.462625 0
0.056959 0
0.920702 0
1.373616 0
0.379708 0
0.472919 0
0.174815 0
0.105166 0
0.166704 0
0.247926 0
0.428318 0
0.036079 0
0.415871 0
1.064850 0
0.169842 0
1.262054 0
0.289810 0
0.064909 0
0.017604 0
0.486584 0
1.567364 0
0.145191 0
0.750526 0
0.454667 0
0.715806 0
1.024796 0
0.566822 0
0.158517 0
0.111477 0
0.692193 0
0.191115 0
1.900536 0
0.363909 0
0.239700 0
1.526925 0
0.778842 0
0.336530 0
