0.301655 0
1.526483 0
0.369873 0
0.496335 0
0.724683 0
1.479883 0
0.337229 0
0.212973 0
0.097363 0
0.268813 0
0.271774 0
0.677242 0
0.651391 0
0.617278 0
0.050272 0
0.248717 0
0.761902 0
0.071502 0
0.438533 0
0.647190 0
0.123692 0
0.192632 0
0.029272 0
0.920988 0
0.746450 0
1.285628 0
1.565509 0
1.566589 0
0.023163 0
1.003340 0
0.232792 0
0.920777 0
0.141832 0
0.763076 0
0.321987 0
0.506461 0
0.824049 0
0.638427 0
0.085619 0
0.164873 0
0.299458 0
0.741677 0
0.123286 0
1.666836 0
0.416327 0
1.491397 0
0.320023 0
0.336584 0
0.036202 0
0.797666 0
1.363948 0
1.101177 0
0.083939 0
0.131529 0
0.816412 0
0.780607 0
0.245273 0
0.002171 0
