0.385806 0
0.132169 0
0.139528 0
1.280784 0
0.162072 0
0.937597 0
0.557600 0
1.363175 0
0.038601 0
0.149573 0
0.370828 0
0.698447 0
0.106509 0
0.715824 0
0.102121 0
0.110500 0
0.186198 0
0.198322 0
1.133275 0
0.097951 0
0.081628 0
1.005655 0
0.295809 0
0.351725 0
0.208427 0
0.510006 0
0.734408 0
1.293235 0
0.422276 0
0.358590 0
1.493738 0
0.399570 0
1.311476 0
1.582788 0
0.929301 0
0.002727 0
0.331889 0
0.577943 0
0.170302 0
0.676094 0
0.135763 0
0.425149 0
0.267416 0
0.588592 0
0.448316 0
0.165640 0
1.371161 0
0.183384 0
0.061925 0
1.633892 0
0.127532 0
0.256746 0
0.155658 0
0.971959 0
