0.059086 0
0.273347 0
0.047341 0
0.128096 0
1.076041 0
0.404105 0
0.202291 0
0.888519 0
1.393657 0
0.559927 0
0.106377 0
0.415816 0
1.544721 0
0.090195 0
0.170493 0
0.515927 0
1.018827 0
0.158340 0
0.234110 0
0.376093 0
0.807605 0
0.342926 0
0.354100 0
0.673846 0
1.241949 0
0.489414 0
1.203370 0
0.358456 0
0.542210 0
0.101894 0
0.700681 0
0.439109 0
0.042241 0
0.112959 0
0.801313 0
0.910517 0
0.053799 0
1.379936 0
0.480931 0
1.005788 0
0.833488 0
0.022148 0
1.190486 0
0.626795 0
0.032072 0
1.315440 0
0.067550 0
1.014301 0
1.185694 0
0.532917 0
0.749028 0
0.027715 0
0.846451 0
0.100973 0
0.141990 0
