0.146351 0
0.439724 0
0.238669 0
0.055420 0
0.081860 0
1.051376 0
0.060428 0
0.415063 0
1.237811 0
0.202019 0
0.076040 0
0.756299 0
0.214960 0
0.165164 0
0.353702 0
0.196338 0
0.076155 0
0.491682 0
0.224900 0
0.182936 0
0.101190 0
0.064685 0
0.411999 0
0.906868 0
0.065612 0
0.611721 0
0.176715 0
0.307601 0
0.604482 0
0.186717 0
0.024447 0
0.007759 0
0.510847 0
0.267201 0
0.636493 0
0.207526 0
0.507131 0
0.292979 0
0.017097 0
0.100820 0
1.140820 0
0.249204 0
0.268260 0
0.040433 0
0.393409 0
0.399697 0
1.259511 0
0.868929 0
0.738484 0
