0.906894 0
0.832214 0
0.077533 0
1.191916 0
1.481818 0
0.597898 0
0.100906 0
0.693278 0
0.044186 0
0.383285 0
1.226453 0
0.465856 0
0.880185 0
1.330782 0
0.386501 0
0.104811 0
1.250860 0
0.996896 0
0.647632 0
0.568371 0
0.068224 0
0.482021 0
0.115802 0
0.593084 0
0.194906 0
0.032507 0
0.597091 0
1.683650 0
0.046620 0
0.262512 0
0.552566 0
0.168430 0
0.244335 0
0.064170 0
0.475389 0
0.172920 0
0.292294 0
0.143289 0
1.638040 0
0.577583 0
0.702244 0
0.268439 0
0.301367 0
0.583959 0
0.005068 0
1.063820 0
1.278089 0
0.106244 0
0.053834 0
0.063366 0
0.593004 0
0.295894 0
0.070016 0
0.139667 0
0.067040 0
0.689281 0
0.789758 0
0.700909 0
0.058772 0
0.030909 0
0.569216 0
0.067640 0
0.776970 0
0.530524 0
0.083050 0
