0.246892 0
0.878110 0
0.167796 0
1.086762 0
0.200925 0
1.347391 0
0.041517 0
0.593922 0
0.191665 0
0.660055 0
1.207188 0
1.681057 0
0.146017 0
0.148581 0
0.292814 0
0.067458 0
0.270843 0
0.035528 0
0.552170 0
0.376452 0
1.202623 0
0.053281 0
0.017315 0
0.495675 0
0.115064 0
1.442409 0
1.409570 0
0.840756 0
0.098306 0
0.134290 0
0.635067 0
0.192541 0
1.123524 0
0.462837 0
0.167296 0
0.198174 0
0.774822 0
0.175767 0
0.270884 0
0.633582 0
0.253438 0
0.636926 0
1.349985 0
1.518700 0
0.499097 0
1.123368 0
1.745886 0
0.866802 0
0.198136 0
0.165061 0
0.096892 0
0.134933 0
0.006155 0
0.957346 0
0.014840 0
0.562888 0
1.305206 0
0.937225 0
0.063440 0
0.155035 0
0.112582 0
0.407406 0
0.091443 0
0.116350 0
0.304959 0
