0.155769 0
0.453671 0
0.354056 0
0.510397 0
0.177203 0
0.372362 0
1.915293 0
0.475290 0
0.592900 0
0.309962 0
0.542864 0
0.116704 0
0.885017 0
0.217932 0
0.061122 0
0.249413 0
0.204368 0
1.111524 0
1.244156 0
0.461408 0
1.498686 0
0.110208 0
0.075722 0
1.510312 0
0.955908 0
1.090069 0
0.886829 0
1.430105 0
0.171451 0
0.306189 0
0.178429 0
0.230241 0
0.012597 0
0.695366 0
0.223220 0
0.594161 0
0.054678 0
0.190009 0
1.591846 0
1.379616 0
0.324620 0
0.094460 0
0.497098 0
0.495003 0
0.045733 0
0.012323 0
1.758118 0
0.590572 0
0.205727 0
0.458250 0
1.281489 0
1.153678 0
1.371742 0
0.274243 0
0.376225 0
0.168514 0
0.199330 0
