0.344118 0
1.290596 0
0.444675 0
0.075277 0
0.504568 0
0.261010 0
0.607055 0
0.334710 0
0.523183 0
0.165010 0
0.040962 0
1.684804 0
0.259103 0
0.482324 0
0.758166 0
1.360526 0
1.047897 0
0.116906 0
0.310398 0
0.096678 0
0.082760 0
0.235021 0
0.467620 0
0.576618 0
0.870549 0
0.154648 0
0.857029 0
0.201681 0
0.406097 0
0.615943 0
0.055121 0
0.747313 0
0.591455 0
0.721719 0
0.084423 0
0.140106 0
0.592923 0
0.185383 0
0.038904 0
0.508643 0
0.513937 0
0.556660 0
0.113183 0
1.056761 0
0.581881 0
0.044292 0
0.030219 0
0.221422 0
0.049247 0
0.133089 0
0.853227 0
1.106431 0
0.311855 0
1.962857 0
0.891790 0
0.071233 0
0.511066 0
0.594704 0
0.788328 0
0.982912 0
0.227420 0
0.079713 0
1.057883 0
0.896014 0
1.291575 0
0.808342 0
0.010142 0
0.349344 0
0.448849 0
0.106211 0
0.662124 0
0.328596 0
1.597004 0
0.070229 0
1.515342 0
0.060724 0
