1.010169 0
0.122647 0
0.064361 0
0.806997 0
0.462105 0
0.844068 0
0.351700 0
0.894389 0
0.744188 0
0.154759 0
0.288794 0
0.651381 0
0.032644 0
0.449491 0
0.373265 0
0.442264 0
0.223255 0
0.029843 0
0.197556 0
0.077584 0
0.759332 0
0.344193 0
0.298342 0
0.245188 0
0.009741 0
0.056736 0
0.061144 0
0.130383 0
1.034243 0
0.878974 0
0.561918 0
0.411894 0
0.720000 0
0.151999 0
0.017823 0
1.217870 0
0.172620 0
0.083585 0
0.987684 0
0.110445 0
0.111802 0
0.057716 0
0.216299 0
0.017542 0
0.062848 0
0.020947 0
0.198572 0
0.053072 0
0.232823 0
0.553561 0
0.566473 0
0.802795 0
0.013118 0
0.492772 0
0.878221 0
0.266359 0
0.284311 0
0.920248 0
0.069270 0
0.667889 0
