0.147373 0
0.360669 0
0.424002 0
0.534117 0
0.447635 0
1.797074 0
0.086029 0
0.573933 0
0.091937 0
0.290019 0
1.223444 0
0.176655 0
0.189846 0
0.118161 0
0.083981 0
0.217627 0
0.580609 0
0.579548 0
0.575380 0
0.115691 0
0.305888 0
1.544129 0
0.041985 0
1.471970 0
0.460076 0
0.426817 0
0.216852 0
0.842129 0
0.006192 0
0.395977 0
0.566251 0
0.150121 0
0.067654 0
0.053995 0
1.054539 0
0.268935 0
0.811091 0
0.260646 0
0.137456 0
0.091308 0
0.821736 0
0.541592 0
1.285406 0
0.579419 0
0.368450 0
0.217820 0
0.234330 0
0.855692 0
0.008590 0
0.668182 0
0.402958 0
1.023538 0
1.259106 0
0.539805 0
0.430340 0
