0.462962 0
0.655342 0
0.491902 0
0.671108 0
0.094832 0
0.345986 0
0.490804 0
0.081361 0
0.497556 0
0.177702 0
0.347613 0
0.302973 0
0.097268 0
0.108224 0
0.021772 0
0.567019 0
0.642567 0
0.666241 0
0.235980 0
0.070747 0
0.690369 0
0.011145 0
0.023041 0
0.854168 0
0.165136 0
1.064643 0
0.298176 0
0.110692 0
0.169339 0
0.935322 0
0.637525 0
0.725773 0
1.157831 0
1.317088 0
0.206856 0
0.783492 0
0.023719 0
0.170037 0
0.981015 0
0.247317 0
1.486451 0
0.959602 0
0.182062 0
0.695482 0
0.096456 0
1.018560 0
0.081661 0
1.246871 0
0.460862 0
0.288376 0
0.228457 0
0.478939 0
1.069964 0
0.447515 0
1.353760 0
1.026304 0
0.370775 0
