1.453498 0
0.624460 0
0.613846 0
1.004505 0
0.258398 0
0.206265 0
0.254288 0
0.579167 0
0.125696 0
0.206307 0
0.095143 0
0.034103 0
0.311050 0
1.033624 0
1.557168 0
0.528150 0
0.222768 0
0.217710 0
0.117614 0
0.065277 0
0.045538 0
1.137371 0
0.476060 0
0.090718 0
0.157145 0
1.226691 0
0.213748 0
0.848854 0
0.411276 0
0.025077 0
0.410194 0
0.219024 0
1.370508 0
0.252488 0
0.512460 0
0.076897 0
0.738092 0
0.149884 0
0.049209 0
0.635617 0
0.113759 0
0.856822 0
0.218349 0
1.776405 0
0.137718 0
1.285469 0
0.014937 0
0.081748 0
0.677509 0
0.691963 0
0.541513 0
0.600352 0
0.052151 0
