0.326222 0
0.709325 0
0.419604 0
0.150291 0
0.575174 0
0.266567 0
1.495073 0
0.315578 0
0.142223 0
1.424933 0
0.130121 0
0.666365 0
0.550826 0
1.167208 0
1.362662 0
0.925421 0
0.024431 0
0.201429 0
0.026485 0
0.329411 0
0.571348 0
1.264748 0
0.099510 0
1.217283 0
0.036975 0
0.399502 0
0.419015 0
0.721804 0
0.123585 0
0.255532 0
0.096688 0
0.078887 0
0.555668 0
0.616142 0
0.348501 0
0.658858 0
0.007708 0
0.593769 0
1.376485 0
0.318188 0
0.143429 0
0.272025 0
0.842467 0
0.244193 0
0.155799 0
0.575077 0
0.133894 0
0.018172 0
0.636690 0
0.048184 0
0.168562 0
0.305785 0
1.111975 0
0.401819 0
0.400199 0
0.502311 0
0.218267 0
0.419311 0
0.517585 0
0.226737 0
1.417989 0
