1.265943 0
0.525859 0
0.332832 0
0.039534 0
0.115947 0
2.139318 0
0.088676 0
0.855249 0
0.300245 0
0.421054 0
1.423284 0
0.559275 0
0.045294 0
0.551069 0
0.110246 0
0.495076 0
1.451744 0
0.364067 0
0.514792 0
0.016523 0
0.036273 0
0.348246 0
0.137201 0
0.803929 0
0.032066 0
1.278292 0
0.472937 0
0.450690 0
0.373244 0
0.396681 0
0.511963 0
1.142949 0
1.588714 0
0.099198 0
0.438657 0
1.370624 0
0.015943 0
0.466727 0
0.030680 0
0.323450 0
0.051107 0
0.086907 0
1.163610 0
0.063240 0
0.260699 0
0.087558 0
0.015099 0
0.310576 0
0.075442 0
0.429897 0
0.782750 0
1.007166 0
0.204642 0
0.718679 0
0.899592 0
0.977335 0
0.665149 0
0.158016 0
0.189892 0
0.415911 0
0.229057 0
