0.579505 0
0.261821 0
0.194484 0
0.073031 0
0.030366 0
0.051921 0
0.153844 0
0.217190 0
1.279869 0
0.374114 0
0.313170 0
0.411565 0
0.392843 0
1.167440 0
1.189989 0
1.488278 0
0.366402 0
0.606108 0
0.498120 0
0.221189 0
0.200538 0
0.536328 0
0.751712 0
0.404133 0
0.074416 0
0.460040 0
1.029367 0
0.564410 0
2.024055 0
0.376466 0
0.327811 0
0.302880 0
0.807024 0
1.490232 0
0.120710 0
1.478369 0
0.186392 0
0.259571 0
0.151650 0
0.160554 0
0.027087 0
0.532009 0
0.200911 0
0.953026 0
0.425387 0
0.589519 0
0.392968 0
0.223268 0
0.121119 0
1.088683 0
1.445791 0
0.302130 0
0.451675 0
0.351318 0
0.121426 0
0.804018 0
1.369707 0
