0.128696 0
0.197341 0
0.668613 0
0.421290 0
0.563011 0
0.756757 0
0.382547 0
0.822315 0
0.414025 0
0.650570 0
0.791106 0
0.300336 0
0.051076 0
0.051285 0
0.303052 0
0.186007 0
0.447510 0
0.575295 0
0.157016 0
0.533197 0
0.773370 0
1.421733 0
0.433687 0
0.100346 0
0.578990 0
0.808764 0
0.222929 0
0.857767 0
0.234136 0
1.049009 0
0.440849 0
0.288407 0
0.507654 0
0.681833 0
0.699771 0
0.126815 0
0.235244 0
0.418703 0
0.477942 0
0.366716 0
1.434771 0
0.020515 0
0.633066 0
0.604089 0
0.107718 0
0.709090 0
1.500104 0
0.305004 0
0.138014 0
0.148155 0
0.336644 0
0.072184 0
0.561891 0
0.238163 0
0.044750 0
0.168167 0
0.435486 0
0.262123 0
0.392652 0
0.230702 0
0.077603 0
0.376752 0
0.228233 0
0.406724 0
0.483832 0
0.001808 0
