0.111715 0
0.071365 0
0.081298 0
0.318922 0
0.141371 0
0.048075 0
0.536230 0
0.553406 0
1.456686 0
0.554840 0
0.381644 0
0.821484 0
0.184868 0
1.879813 0
0.417808 0
1.225498 0
0.172598 0
1.061065 0
0.172612 0
1.396388 0
2.006861 0
0.380513 0
1.447174 0
0.021012 0
0.320340 0
0.089428 0
0.684492 0
0.019887 0
0.234475 0
0.152166 0
0.274803 0
0.564141 0
0.714871 0
0.412431 0
0.348779 0
0.341350 0
0.926316 0
0.449798 0
0.773608 0
0.857066 0
0.420392 0
0.032777 0
0.692716 0
1.220364 0
0.557017 0
0.088121 0
0.136598 0
0.016235 0
0.194135 0
0.015841 0
0.186631 0
1.118736 0
0.607321 0
0.612050 0
0.606262 0
0.571608 0
0.552030 0
0.791575 0
0.328097 0
1.337388 0
0.624574 0
0.813943 0
1.184080 0
