0.204676 0
0.837097 0
1.209385 0
0.028341 0
0.067390 0
0.333006 0
0.490580 0
0.559139 0
0.517194 0
0.485476 0
1.423832 0
0.203226 0
1.306245 0
1.422576 0
0.224614 0
1.747358 0
0.210341 0
1.606113 0
0.956985 0
0.453462 0
0.509909 0
0.260360 0
0.482640 0
0.086925 0
0.081622 0
0.511621 0
0.115356 0
0.953038 0
0.338069 0
0.848047 0
0.197347 0
0.034202 0
0.774356 0
1.166855 0
0.360344 0
1.213210 0
0.110155 0
0.641775 0
1.374777 0
0.077988 0
0.212828 0
0.401964 0
0.043096 0
0.334798 0
1.471767 0
0.597380 0
0.497992 0
0.128327 0
0.622530 0
0.635174 0
0.150381 0
0.017937 0
0.214568 0
