0.667063 0
0.065370 0
0.361085 0
1.386220 0
0.508238 0
0.485555 0
0.137320 0
0.278865 0
1.279083 0
0.138612 0
1.051017 0
0.343258 0
0.028076 0
0.557768 0
0.258169 0
1.172657 0
0.457369 0
0.410837 0
0.026666 0
0.196856 0
0.559204 0
0.143882 0
0.186774 0
0.265094 0
0.177476 0
0.241356 0
1.055956 0
0.249475 0
0.924597 0
0.525359 0
0.184581 0
0.209636 0
0.072461 0
0.087209 0
0.541856 0
0.280591 0
0.664765 0
0.212736 0
0.598766 0
0.900637 0
0.156586 0
0.029943 0
0.616130 0
0.419486 0
0.403180 0
0.024234 0
0.152899 0
0.027479 0
0.137117 0
0.078586 0
0.861521 0
0.019320 0
0.798691 0
0.275221 0
0.073847 0
0.491067 0
0.043159 0
0.564938 0
0.092152 0
0.024122 0
1.808226 0
0.442265 0
1.444402 0
0.528061 0
