1.396366 0
1.630178 0
0.830867 0
0.331436 0
0.592663 0
0.216676 0
0.652552 0
0.268632 0
0.595921 0
1.214742 0
0.614771 0
0.535777 0
0.818388 0
0.078794 0
0.710586 0
0.537068 0
0.651615 0
0.008715 0
0.485566 0
0.711595 0
1.481885 0
0.757045 0
0.029944 0
0.193979 0
1.404941 0
0.234483 0
0.041985 0
0.490747 0
0.042300 0
0.631135 0
0.698758 0
0.192740 0
0.385501 0
0.290316 0
0.858154 0
0.065726 0
0.976252 0
0.061017 0
0.087607 0
0.200222 0
1.044020 0
0.123733 0
0.183025 0
0.361267 0
1.201187 0
0.050956 0
