0.096527 0
1.445462 0
0.403275 0
0.669690 0
1.782644 0
0.915952 0
0.844418 0
0.067736 0
0.173496 0
0.404055 0
0.120319 0
0.259323 0
0.024859 0
0.810734 0
0.233557 0
0.157854 0
0.344800 0
0.219410 0
0.098777 0
1.025236 0
0.408988 0
1.040620 0
0.189516 0
0.735181 0
0.381773 0
0.012604 0
0.252874 0
0.614073 0
0.252318 0
0.276940 0
0.871387 0
0.049743 0
0.275484 0
0.071276 0
0.127954 0
0.867295 0
0.472179 0
0.278540 0
1.313567 0
0.757465 0
0.038949 0
0.086749 0
0.102745 0
0.027928 0
0.462047 0
0.485652 0
