0.063049 0
1.014912 0
0.218537 0
0.604780 0
0.037800 0
0.445048 0
0.420369 0
0.617316 0
0.078117 0
0.343427 0
0.636865 0
0.461051 0
0.422063 0
0.373627 0
0.142188 0
0.487197 0
0.191398 0
0.324003 0
1.430104 0
1.341415 0
0.011203 0
0.127562 0
0.017272 0
0.497927 0
0.422668 0
0.275924 0
0.464573 0
1.338682 0
0.084259 0
0.131842 0
0.548681 0
0.152538 0
0.121001 0
0.291680 0
0.047383 0
0.309258 0
0.362277 0
1.587653 0
0.132429 0
0.212116 0
1.362813 0
0.227717 0
0.899612 0
0.025641 0
0.878594 0
0.243085 0
0.393454 0
0.870638 0
0.631525 0
0.055654 0
0.247535 0
0.094510 0
0.652010 0
0.406533 0
0.232311 0
0.020939 0
0.079281 0
0.104039 0
0.166157 0
0.054310 0
0.705907 0
0.092363 0
