0.656128 0
0.078704 0
0.078165 0
0.136365 0
0.505345 0
0.051747 0
0.275384 0
1.116100 0
0.191212 0
0.463373 0
0.835483 0
0.590619 0
0.244153 0
0.967358 0
0.508344 0
0.520920 0
0.062983 0
0.345323 0
0.218447 0
0.111833 0
0.034314 0
0.397480 0
0.174407 0
0.225196 0
0.155552 0
0.870227 0
0.388145 0
0.092312 0
0.069621 0
0.495243 0
0.113230 0
0.456726 0
0.234162 0
0.081682 0
0.968640 0
0.392053 0
0.677806 0
0.381602 0
0.061604 0
0.911281 0
0.748024 0
0.693880 0
0.551756 0
1.057706 0
0.180438 0
0.108817 0
0.315502 0
0.031645 0
1.119431 0
0.301371 0
0.251683 0
0.183676 0
0.058626 0
0.784515 0
0.166086 0
0.893086 0
0.257182 0
0.761127 0
0.029929 0
0.922606 0
0.618278 0
0.222248 0
0.419226 0
0.438430 0
0.755889 0
0.157812 0
1.014538 0
0.058489 0
