1.109168 0
0.217018 0
0.342627 0
0.065133 0
0.047061 0
0.152025 0
0.317482 0
0.455791 0
0.036685 0
0.323018 0
0.093698 0
0.285627 0
0.361914 0
0.883585 0
0.709603 0
0.213764 0
0.112860 0
1.699319 0
0.320168 0
0.341045 0
0.848753 0
0.048168 0
0.500333 0
1.470259 0
1.074798 0
0.168264 0
0.267627 0
0.035039 0
0.237097 0
0.104835 0
0.728281 0
0.674142 0
0.383246 0
0.059706 0
0.442690 0
0.118640 0
0.217713 0
0.125222 0
0.490188 0
0.793927 0
0.256038 0
0.230569 0
1.475104 0
0.305608 0
0.905810 0
0.666346 0
0.315227 0
0.630047 0
0.132341 0
0.990082 0
0.171651 0
1.053762 0
1.659792 0
0.151721 0
0.605293 0
0.257724 0
0.447115 0
0.258862 0
0.269226 0
0.528252 0
0.819071 0
