0.720091 0
0.281519 0
0.798638 0
0.454548 0
0.055438 0
0.096547 0
0.684300 0
0.043142 0
0.239049 0
1.436779 0
0.435311 0
1.345777 0
0.937171 0
0.988102 0
0.990152 0
0.329597 0
0.047651 0
1.260327 0
1.541712 0
0.705109 0
0.834073 0
0.122254 0
0.261142 0
1.238224 0
1.164276 0
0.211726 0
0.473136 0
0.152274 0
0.023732 0
0.297363 0
0.026081 0
0.469542 0
0.700586 0
0.014191 0
0.336271 0
0.471744 0
0.069350 0
0.513038 0
0.081819 0
0.185207 0
0.290419 0
1.173775 0
1.137392 0
0.013821 0
0.519155 0
0.162090 0
0.027138 0
0.015860 0
0.349252 0
0.326776 0
0.124452 0
0.370167 0
0.114450 0
0.011560 0
0.047680 0
0.175835 0
0.330530 0
0.207052 0
0.308971 0
0.004779 0
0.025462 0
0.345256 0
0.322286 0
0.740741 0
0.723314 0
0.895555 0
0.332695 0
0.120722 0
0.278979 0
1.368614 0
0.873101 0
0.138188 0
1.377853 0
0.275550 0
0.725551 0
1.635390 0
0.150876 0
1.038757 0
0.369973 0
1.259233 0
0.337436 0
