0.161210 0
0.195720 0
0.050139 0
0.093617 0
0.127320 0
0.131026 0
0.171425 0
0.028750 0
1.368994 0
0.217602 0
0.673961 0
0.863247 0
0.646300 0
0.166832 0
1.038744 0
0.154380 0
0.717258 0
0.610568 0
0.364104 0
0.696940 0
0.244723 0
0.311436 0
0.301229 0
0.244968 0
0.264702 0
0.078415 0
0.229073 0
0.681634 0
0.402850 0
0.159238 0
0.951309 0
1.480638 0
0.428552 0
0.154358 0
0.329980 0
0.219169 0
0.097045 0
1.488157 0
0.763940 0
0.414775 0
0.007476 0
0.099492 0
0.215378 0
1.128319 0
0.307874 0
0.807690 0
1.527881 0
0.151159 0
0.054047 0
0.749221 0
0.327315 0
0.578877 0
0.339136 0
0.185610 0
0.191384 0
0.139998 0
0.410498 0
0.476752 0
0.263185 0
1.265120 0
0.639948 0
