0.798764 0
1.338203 0
0.171108 0
1.438843 0
0.133988 0
1.378793 0
0.392495 0
0.888715 0
0.108617 0
0.356343 0
0.642865 0
1.039962 0
0.195421 0
0.318149 0
0.374312 0
0.033148 0
0.501422 0
0.538563 0
0.404984 0
0.396506 0
0.104929 0
0.158042 0
0.012958 0
0.190089 0
0.495169 0
0.674725 0
0.805600 0
0.190270 0
0.078458 0
0.117550 0
0.173352 0
0.030474 0
0.309840 0
0.154887 0
0.034821 0
1.138311 0
0.683158 0
1.853996 0
0.012871 0
0.310170 0
0.156523 0
0.849727 0
0.101756 0
0.021430 0
1.145269 0
0.402838 0
0.238261 0
0.075804 0
0.170887 0
0.344708 0
0.733226 0
0.360582 0
0.072858 0
1.498719 0
0.506957 0
