0.480908 0
0.324498 0
0.528692 0
0.108562 0
0.220819 0
0.415962 0
1.364696 0
0.313450 0
0.530579 0
0.258977 0
0.171634 0
0.313405 0
0.074361 0
0.032400 0
1.181497 0
0.390341 0
0.227850 0
0.019817 0
0.453705 0
0.267407 0
0.456652 0
0.055562 0
1.394140 0
0.079762 0
0.594655 0
0.076141 0
1.690134 0
0.851221 0
0.554264 0
0.553158 0
0.749690 0
0.409225 0
1.355729 0
0.008954 0
0.227136 0
0.087444 0
0.331451 0
0.439260 0
0.051023 0
0.238578 0
0.799687 0
0.358384 0
0.414816 0
0.434235 0
1.382449 0
0.193920 0
0.431994 0
0.100170 0
0.781310 0
0.176791 0
0.332907 0
0.455129 0
0.898137 0
1.052781 0
0.629126 0
1.101526 0
0.858841 0
0.214101 0
0.482255 0
0.198753 0
0.034266 0
0.279634 0
0.362457 0
0.973790 0
0.300675 0
