0.379811 0
0.653286 0
0.729584 0
0.891496 0
0.415069 0
0.364184 0
0.189595 0
0.273949 0
0.652755 0
0.679542 0
1.422388 0
0.052632 0
0.215496 0
0.195651 0
0.454298 0
0.603994 0
0.416790 0
0.119860 0
0.591211 0
0.037735 0
0.179327 0
0.280377 0
0.932845 0
0.203667 0
0.473921 0
0.524034 0
0.608082 0
0.670671 0
0.368596 0
0.031415 0
0.915892 0
0.315907 0
0.905646 0
1.488917 0
0.034094 0
0.229281 0
0.697093 0
0.320540 0
0.283813 0
0.484702 0
0.107024 0
0.282329 0
0.393014 0
0.176657 0
0.165442 0
1.074716 0
0.996761 0
0.471227 0
0.240556 0
0.483574 0
0.806538 0
0.602251 0
0.050294 0
0.411880 0
0.304769 0
0.194818 0
0.394141 0
1.055646 0
0.165475 0
0.186827 0
1.532001 0
0.564926 0
0.447270 0
0.046039 0
0.042436 0
0.034738 0
1.211882 0
0.182732 0
0.391929 0
0.405185 0
0.041400 0
0.195854 0
1.011745 0
