0.078805 0
0.381686 0
0.517165 0
0.406438 0
0.143753 0
0.099232 0
0.345246 0
0.248083 0
1.664396 0
0.236371 0
0.130669 0
1.167567 0
0.034333 0
0.490341 0
0.180984 0
0.739710 0
0.444213 0
0.016957 0
0.375314 0
0.346725 0
0.237919 0
0.786421 0
0.701222 0
0.805256 0
0.607564 0
1.489579 0
0.393989 0
0.188854 0
0.195342 0
0.444129 0
0.071169 0
1.187956 0
0.218278 0
0.908785 0
0.561114 0
0.023383 0
1.186047 0
0.267468 0
0.658560 0
0.526876 0
1.461116 0
0.711588 0
0.439646 0
0.346594 0
1.403461 0
0.054656 0
0.327918 0
0.486373 0
0.585674 0
1.142787 0
1.434045 0
0.266233 0
0.549384 0
0.139382 0
0.126329 0
0.551297 0
0.451336 0
0.149404 0
