0.129954 0
0.618931 0
0.444506 0
1.174418 0
0.217211 0
0.094951 0
0.939653 0
0.489446 0
1.158933 0
0.707549 0
1.027427 0
0.961073 0
0.458255 0
0.497311 0
0.251819 0
1.290505 0
0.711039 0
0.201822 0
0.074283 0
0.508366 0
0.559197 0
0.156817 0
0.399565 0
0.604721 0
0.391701 0
0.805971 0
0.015226 0
0.145569 0
1.236862 0
0.218311 0
0.824045 0
0.504128 0
0.695473 0
0.027085 0
0.823588 0
0.285643 0
0.594965 0
0.108245 0
0.091213 0
0.016945 0
0.467053 0
0.310695 0
0.809793 0
0.328696 0
0.559815 0
0.199648 0
0.063559 0
0.990381 0
0.074804 0
0.116374 0
0.942783 0
0.551351 0
0.537526 0
0.545901 0
0.077142 0
0.096501 0
0.646538 0
0.230831 0
