1.417223 0
1.584335 0
0.058507 0
0.710541 0
0.356950 0
0.273247 0
0.171660 0
0.183797 0
0.228511 0
0.226129 0
0.231208 0
0.300355 0
0.067974 0
0.214172 0
0.022396 0
0.432373 0
1.048820 0
0.022878 0
1.617082 0
1.396219 0
1.738788 0
0.601059 0
1.516556 0
0.811047 0
0.130831 0
0.931296 0
0.203156 0
0.357972 0
0.072084 0
0.492203 0
0.127586 0
0.101874 0
0.222050 0
0.277550 0
0.545042 0
0.121675 0
0.598076 0
0.287801 0
1.070209 0
0.142662 0
1.249958 0
0.178153 0
0.188072 0
0.293121 0
0.455503 0
0.494773 0
0.100874 0
0.347441 0
0.238245 0
0.298228 0
