0.665204 0
0.465658 0
0.076545 0
0.404456 0
0.070077 0
0.074855 0
0.384083 0
0.520866 0
1.404522 0
0.165495 0
0.680705 0
0.858868 0
0.353804 0
0.095123 0
0.935199 0
0.506628 0
0.557850 0
1.579344 0
0.073101 0
0.459816 0
0.150589 0
0.578321 0
0.638514 0
0.017458 0
1.338340 0
0.151287 0
0.282672 0
0.017534 0
0.122343 0
0.531703 0
0.375590 0
0.473946 0
0.118065 0
0.152137 0
0.180341 0
0.706683 0
0.043044 0
0.018335 0
0.031526 0
0.462677 0
0.048168 0
0.482254 0
1.098123 0
0.005408 0
0.500334 0
0.060453 0
0.960252 0
0.065451 0
0.140815 0
0.033475 0
0.445801 0
0.471405 0
0.081735 0
0.066595 0
0.417801 0
0.083583 0
0.124858 0
1.173862 0
0.090971 0
0.308845 0
0.527956 0
1.266526 0
0.631504 0
0.286178 0
0.295730 0
