0.966647 0
0.905725 0
0.655928 0
0.087084 0
0.278590 0
1.169774 0
0.594570 0
1.306393 0
0.303441 0
0.966148 0
0.235381 0
0.022739 0
0.569365 0
0.106635 0
0.189360 0
0.149722 0
0.253984 0
0.190554 0
0.407728 0
0.026601 0
0.623315 0
0.890310 0
0.461597 0
0.432738 0
0.821545 0
0.544235 0
0.062872 0
1.381147 0
0.179461 0
1.009547 0
0.427233 0
0.247295 0
0.046352 0
0.711721 0
1.449332 0
0.442361 0
0.014860 0
0.791639 0
1.457372 0
2.082176 0
0.569138 0
0.113732 0
0.314411 0
0.089713 0
0.014480 0
0.157182 0
0.358232 0
0.194297 0
0.081350 0
0.128204 0
0.114523 0
0.266059 0
0.198157 0
0.305635 0
1.379966 0
0.161825 0
1.132187 0
0.429918 0
0.081036 0
