0.177205 0
0.946474 0
0.429574 0
0.287948 0
0.223153 0
0.398872 0
0.566269 0
0.596865 0
0.032403 0
0.614876 0
0.105715 0
0.068024 0
0.148267 0
0.555475 0
0.046288 0
0.184305 0
0.321801 0
0.040036 0
0.194684 0
0.682301 0
0.229166 0
0.634806 0
0.451385 0
0.400058 0
0.169782 0
1.326160 0
0.052011 0
0.080913 0
0.681382 0
0.088739 0
0.008028 0
0.308160 0
0.748112 0
0.187482 0
1.225254 0
0.495331 0
0.341911 0
0.104870 0
0.114353 0
0.089461 0
0.115902 0
0.012291 0
0.167795 0
0.413212 0
0.288577 0
0.780789 0
0.053404 0
0.034356 0
0.108109 0
0.214800 0
0.642918 0
0.051470 0
0.135859 0
0.907114 0
0.134972 0
0.535522 0
0.102843 0
0.866915 0
0.279356 0
1.115674 0
0.182764 0
1.271290 0
1.554905 0
