0.235970 0
0.124398 0
0.354565 0
0.243201 0
0.297477 0
0.074378 0
0.100015 0
1.120273 0
0.401445 0
0.430277 0
1.834324 0
0.298945 0
0.154215 0
0.302232 0
0.150366 0
1.047192 0
0.551562 0
0.243572 0
0.664817 0
0.191859 0
0.109864 0
1.575492 0
0.145078 0
1.255149 0
0.636977 0
0.164171 0
1.080083 0
1.134811 0
0.257826 0
0.567072 0
0.978876 0
0.106388 0
0.699207 0
0.169779 0
0.451133 0
0.045587 0
0.047647 0
0.936028 0
0.014173 0
0.439783 0
0.350309 0
0.048053 0
0.009996 0
0.242376 0
0.704957 0
0.065164 0
0.900559 0
0.802949 0
0.602213 0
0.421710 0
0.041572 0
0.026542 0
1.097247 0
0.096728 0
0.029562 0
0.065932 0
0.931185 0
0.123115 0
1.432986 0
0.226936 0
0.498075 0
0.158005 0
1.553583 0
0.059656 0
0.887405 0
