0.118162 0
0.411634 0
0.694157 0
1.084274 0
0.233508 0
0.983762 0
0.167512 0
1.072351 0
0.189102 0
0.019067 0
0.765595 0
1.601308 0
0.273631 0
1.324030 0
0.180775 0
0.306091 0
0.409203 0
0.027519 0
0.134075 0
0.471043 0
0.203217 0
0.375742 0
1.050370 0
0.078554 0
0.415798 0
1.453705 0
0.101637 0
0.422132 0
0.283554 0
0.022730 0
1.382160 0
0.057287 0
0.294954 0
0.116541 0
0.579851 0
0.060155 0
0.081857 0
0.615724 0
0.793826 0
0.009651 0
1.144714 0
0.624323 0
0.488387 0
0.029711 0
0.031790 0
0.469500 0
0.006002 0
0.334432 0
0.231857 0
0.475641 0
0.802085 0
0.771387 0
0.847035 0
1.110942 0
0.043855 0
0.344795 0
0.917752 0
0.410407 0
