1.213695 0
1.399068 0
0.571691 0
0.092722 0
0.619795 0
0.429132 0
0.744088 0
0.639350 0
1.591130 0
0.833239 0
0.867702 0
1.842072 0
1.489733 0
0.024294 0
0.819666 0
0.227755 0
0.014218 0
0.794810 0
0.014179 0
0.871614 0
0.710211 0
0.040165 0
0.057024 0
0.309250 0
0.147495 0
1.205217 0
0.440553 0
0.590030 0
0.035576 0
0.023981 0
0.259103 0
0.158821 0
0.603047 0
0.532087 0
0.375620 0
0.374733 0
0.468419 0
0.966309 0
1.728199 0
0.644830 0
0.049159 0
0.252634 0
0.640312 0
1.351610 0
0.826718 0
0.776225 0
0.483148 0
0.108209 0
0.218072 0
0.035312 0
0.688596 0
0.012863 0
0.385935 0
0.058485 0
0.793388 0
0.061829 0
1.241852 0
0.891018 0
0.003441 0
0.706106 0
