0.520159 0
0.531526 0
0.130751 0
0.613490 0
0.211823 0
0.175775 0
0.163196 0
0.073337 0
1.177958 0
0.196984 0
0.272134 0
0.094747 0
0.613964 0
0.029046 0
1.362411 0
0.062929 0
0.137129 0
0.463214 0
0.626565 0
0.300040 0
1.417396 0
0.286296 0
0.726927 0
1.385619 0
0.263634 0
0.097705 0
0.390638 0
0.556556 0
0.158961 0
0.477293 0
0.375920 0
0.339188 0
0.092429 0
0.180039 0
0.145837 0
0.057788 0
0.243228 0
0.022400 0
0.129360 0
0.485042 0
0.114880 0
0.412337 0
0.088732 0
0.195489 0
0.887661 0
0.012482 0
0.069841 0
0.502456 0
0.287325 0
0.188297 0
0.534504 0
0.855405 0
0.002260 0
0.888574 0
1.081521 0
0.004077 0
0.326913 0
0.106091 0
0.153524 0
0.255341 0
0.334761 0
0.578932 0
0.405014 0
