0.285238 0
0.182796 0
0.085317 0
0.364696 0
0.795198 0
0.805418 0
0.329702 0
0.156613 0
0.068422 0
0.402050 0
0.861846 0
0.183088 0
0.226068 0
0.384976 0
0.743538 0
0.640761 0
0.259712 0
0.759789 0
1.281910 0
0.885095 0
0.463786 0
0.114516 0
0.150975 0
0.223738 0
1.490326 0
1.168226 0
0.685840 0
0.120037 0
0.744575 0
0.089392 0
0.044046 0
0.159212 0
0.570007 0
1.114996 0
0.051113 0
0.215800 0
0.977522 0
1.476467 0
0.065786 0
0.158067 0
0.177030 0
0.166881 0
0.296889 0
0.173528 0
0.087225 0
0.683472 0
1.120607 0
0.370507 0
0.698609 0
0.240253 0
0.766542 0
0.611860 0
0.368958 0
0.327772 0
0.117264 0
0.020871 0
1.398987 0
0.542454 0
0.081694 0
0.171168 0
0.673002 0
0.010170 0
0.019594 0
1.530825 0
0.302473 0
1.108267 0
0.309062 0
0.435232 0
0.970559 0
0.054606 0
0.069992 0
0.013107 0
0.180206 0
0.115817 0
0.161851 0
0.027195 0
0.602634 0
0.078072 0
0.569074 0
