0.904237 0
0.194643 0
0.515530 0
0.938251 0
0.075000 0
1.705623 0
0.498431 0
0.582098 0
0.826974 0
0.104487 0
0.192001 0
0.361269 0
1.090660 0
0.263684 0
0.449401 0
0.309727 0
0.673152 0
0.097927 0
0.070934 0
0.211572 0
1.676324 0
0.377907 0
0.182849 0
0.015515 0
0.937448 0
0.553403 0
0.154838 0
0.096657 0
1.407990 0
0.328242 0
0.748931 0
0.085985 0
0.071922 0
0.511311 0
0.650799 0
0.248023 0
0.270259 0
0.322800 0
0.951545 0
0.663840 0
0.379182 0
0.855541 0
0.336976 0
0.434125 0
0.340399 0
0.074599 0
0.154506 0
0.272291 0
0.048701 0
0.531836 0
0.067948 0
0.177420 0
0.386372 0
1.112733 0
0.183426 0
0.007687 0
0.585839 0
0.367561 0
0.714777 0
