1.338810 0
0.118516 0
0.836469 0
0.654518 0
0.481864 0
0.916917 0
1.329274 0
0.099899 0
0.030923 0
0.307661 0
0.867210 0
0.419079 0
0.100416 0
0.261785 0
0.254521 0
0.377941 0
0.355601 0
0.170855 0
0.889117 0
0.032735 0
0.409852 0
1.073905 0
0.195327 0
0.648088 0
0.613578 0
0.122472 0
0.199986 0
1.508499 0
0.584582 0
0.179397 0
0.872240 0
0.062351 0
0.066495 0
0.227345 0
0.225584 0
0.192479 0
0.590161 0
0.030829 0
0.197594 0
1.548640 0
0.520401 0
0.185754 0
0.512227 0
0.072670 0
0.070261 0
0.516197 0
0.235612 0
0.562642 0
0.158605 0
1.011341 0
1.260174 0
0.755051 0
0.166649 0
0.839445 0
0.563436 0
1.377143 0
0.143634 0
0.190471 0
