0.479979 0
1.074282 0
0.635851 0
0.120261 0
1.301696 0
0.033442 0
0.128204 0
0.313294 0
0.081752 0
0.022177 0
0.498608 0
0.457919 0
0.062735 0
0.124180 0
0.397346 0
0.038326 0
1.493702 0
0.024073 0
0.309553 0
0.261999 0
0.058690 0
0.516850 0
0.311850 0
0.276593 0
1.460708 0
0.438992 0
0.083786 0
2.120073 0
0.152584 0
0.004244 0
0.721666 0
0.596631 0
0.287540 0
1.884088 0
1.276709 0
1.656346 0
0.605720 0
0.921210 0
0.081125 0
0.141881 0
1.466431 0
0.147502 0
0.572725 0
0.137161 0
0.329723 0
1.759560 0
0.200120 0
0.223332 0
0.233884 0
0.178952 0
0.138751 0
0.520733 0
0.888717 0
0.741584 0
0.122335 0
0.946905 0
1.123850 0
0.413523 0
