0.308028 0
0.490354 0
0.358622 0
0.171864 0
0.534422 0
0.566477 0
0.122509 0
0.102499 0
0.135891 0
0.596436 0
0.809126 0
0.052595 0
0.363171 0
0.070351 0
0.317448 0
0.741589 0
0.130530 0
0.011680 0
0.481409 0
0.070652 0
0.116246 0
0.820873 0
0.605660 0
0.084692 0
0.796159 0
1.090735 0
0.695466 0
0.506121 0
0.182160 0
0.030652 0
0.602203 0
1.081074 0
0.873001 0
0.106576 0
0.318468 0
0.680497 0
0.028322 0
0.980367 0
0.316061 0
0.265501 0
0.596280 0
0.104707 0
0.556886 0
0.084680 0
0.222028 0
1.045201 0
0.333708 0
0.642783 0
0.256253 0
0.367326 0
1.449801 0
0.290900 0
1.357855 0
0.002643 0
0.433643 0
0.217883 0
0.560616 0
0.025608 0
0.102094 0
0.048417 0
1.662921 0
0.494580 0
0.913608 0
0.040172 0
0.248658 0
0.741647 0
0.083168 0
