0.393090 0
0.763982 0
0.703654 0
0.276127 0
0.864163 0
0.086302 0
0.316211 0
0.188851 0
0.253004 0
0.120790 0
0.955730 0
0.408418 0
0.581066 0
0.123815 0
0.578938 0
0.041973 0
0.021141 0
1.479812 0
0.019479 0
0.228348 0
0.695063 0
0.915372 0
0.326407 0
0.364562 0
0.461106 0
0.701888 0
0.596731 0
1.524874 0
0.146864 0
1.292205 0
0.407534 0
1.328444 0
0.442530 0
0.123456 0
0.116349 0
1.015954 0
0.188252 0
0.627089 0
0.367947 0
0.546708 0
0.563122 0
0.113125 0
0.513853 0
0.264343 0
0.033080 0
0.437150 0
0.677291 0
0.193583 0
0.083303 0
0.299782 0
0.047881 0
0.202971 0
1.288233 0
0.300891 0
1.517458 0
0.485308 0
0.178992 0
0.596743 0
0.175150 0
0.962695 0
0.648680 0
0.894707 0
0.271361 0
1.169643 0
0.462429 0
0.121629 0
0.027817 0
0.171954 0
0.088126 0
0.364195 0
0.222656 0
0.020658 0
0.190907 0
0.313258 0
0.061114 0
1.668005 0
