0.610568 0
0.129871 0
0.576477 0
0.301798 0
0.294122 0
0.961968 0
0.216104 0
0.115101 0
0.670867 0
0.406641 0
0.095433 0
0.439468 0
0.677544 0
0.348791 0
0.074613 0
0.088082 0
0.267994 0
0.320447 0
1.617423 0
0.164208 0
1.444373 0
0.173707 0
0.306673 0
0.050512 0
0.740385 0
0.473103 0
1.175813 0
0.174267 0
0.156014 0
0.720611 0
0.243904 0
1.060450 0
0.282705 0
0.335102 0
0.158400 0
0.386231 0
0.146123 0
1.474568 0
0.180295 0
0.556984 0
0.364846 0
0.481480 0
1.248722 0
0.067266 0
0.865043 0
0.306631 0
0.865997 0
0.597555 0
0.077056 0
0.423420 0
1.028456 0
0.464793 0
1.399781 0
0.142532 0
1.037324 0
0.399952 0
0.053220 0
1.395536 0
0.066220 0
0.730230 0
0.160523 0
0.279216 0
0.256197 0
0.034721 0
0.223321 0
0.032425 0
0.062509 0
0.200647 0
0.485553 0
0.446997 0
