0.391093 0
1.417946 0
0.312028 0
0.071511 0
0.105425 0
0.426601 0
0.648052 0
0.404357 0
0.611372 0
0.395347 0
0.234257 0
1.557206 0
0.115482 0
0.688009 0
0.020368 0
0.147406 0
0.769175 0
1.530514 0
0.180715 0
0.881362 0
1.940032 0
0.684151 0
1.144466 0
1.386280 0
0.033888 0
1.920501 0
0.459801 0
0.402068 0
0.315975 0
0.634488 0
0.140760 0
0.182369 0
0.594043 0
1.556269 0
0.527858 0
0.102901 0
0.756715 0
0.053174 0
0.171309 0
0.316262 0
0.873218 0
0.116433 0
0.158584 0
0.313957 0
0.939531 0
0.324568 0
0.769107 0
0.538148 0
0.227923 0
0.005819 0
0.016153 0
0.636078 0
0.754830 0
0.180505 0
0.754488 0
0.939929 0
1.149989 0
0.324155 0
0.453516 0
0.468205 0
0.057440 0
0.122315 0
0.147458 0
0.178073 0
1.284315 0
0.137914 0
0.403449 0
0.223183 0
