0.141714 0
0.820460 0
1.095957 0
0.189032 0
0.066104 0
0.416900 0
0.137664 0
0.304208 0
0.164454 0
0.230529 0
0.107815 0
1.618140 0
0.040766 0
0.854098 0
1.327287 0
0.051480 0
0.504755 0
0.595785 0
0.050330 0
0.113062 0
0.010471 0
0.765054 0
1.402377 0
0.096568 0
1.122680 0
0.222822 0
0.057347 0
0.166662 0
0.369312 0
0.141028 0
0.581820 0
0.341159 0
0.457059 0
0.340491 0
0.743258 0
0.818604 0
0.179176 0
1.514043 0
0.995679 0
1.403210 0
0.895022 0
0.028946 0
0.131883 0
0.078111 0
1.483516 0
0.398856 0
0.790798 0
0.417566 0
1.633798 0
0.089901 0
0.717364 0
0.039474 0
0.125095 0
0.651971 0
0.696648 0
0.532252 0
0.295731 0
0.203445 0
0.109956 0
1.734493 0
0.192613 0
1.275435 0
0.023749 0
0.358504 0
0.230541 0
0.338710 0
0.071109 0
0.169385 0
0.310954 0
0.429479 0
0.180549 0
0.266056 0
0.584759 0
