0.434697 0
0.437887 0
0.054336 0
0.105324 0
0.168022 0
0.720226 0
0.733741 0
1.271747 0
1.365742 0
0.210993 0
0.363590 0
0.602042 0
0.154114 0
0.232343 0
0.205648 0
0.112058 0
0.128945 0
0.292767 0
0.457029 0
0.996102 0
0.973448 0
0.564803 0
0.909848 0
0.546664 0
0.289470 0
0.844141 0
0.094403 0
0.360262 0
0.878236 0
0.264593 0
0.334881 0
0.410195 0
0.607715 0
0.107453 0
0.045544 0
0.363915 0
0.218828 0
0.920045 0
1.000316 0
0.407632 0
0.827301 0
1.539196 0
0.188475 0
0.737993 0
0.018812 0
0.129659 0
0.119306 0
1.029263 0
0.482327 0
0.114605 0
0.247190 0
0.003388 0
0.693326 0
0.491031 0
0.368995 0
0.160953 0
0.055231 0
0.478350 0
1.089768 0
0.108901 0
0.804121 0
0.775486 0
0.072821 0
0.030147 0
0.176258 0
0.394779 0
0.856785 0
0.634531 0
