1.289800 0
0.213935 0
0.172408 0
1.149513 0
1.366023 0
1.407794 0
0.697614 0
0.695499 0
0.116000 0
0.493978 0
1.242997 0
0.260444 0
0.687432 0
0.096987 0
0.690660 0
0.189245 0
0.567610 0
0.244078 0
1.122615 0
0.654830 0
0.046239 0
0.427668 0
0.145717 0
0.879211 0
0.026482 0
0.742482 0
0.452913 0
1.116486 0
0.450565 0
0.350448 0
0.102905 0
1.461428 0
0.345851 0
0.996952 0
0.918484 0
1.008165 0
0.947020 0
0.148524 0
0.652228 0
0.427371 0
0.171075 0
0.248833 0
0.107822 0
0.047355 0
0.328339 0
0.304167 0
0.080951 0
1.497714 0
1.741665 0
0.628550 0
1.278181 0
