0.670504 0
0.475578 0
0.498867 0
0.259568 0
0.908518 0
0.199998 0
0.231128 0
0.917428 0
0.896961 0
0.082864 0
0.580521 0
0.181155 0
1.587145 0
0.312109 0
0.358182 0
0.972168 0
1.080976 0
0.297871 0
0.118788 0
0.694138 0
0.287296 0
0.062452 0
0.159849 0
0.446917 0
0.211530 0
0.541072 0
0.006498 0
0.185814 0
0.227360 0
0.077186 0
0.018296 0
1.655640 0
0.029275 0
0.337682 0
0.932641 0
1.424233 0
0.255736 0
0.170463 0
0.658780 0
0.071578 0
0.329848 0
1.160034 0
0.057916 0
0.244835 0
0.373691 0
1.257540 0
0.100282 0
0.287724 0
0.872495 0
1.314154 0
0.028497 0
0.019863 0
1.317532 0
0.905811 0
0.211214 0
1.271864 0
1.317408 0
