0.250494 0
0.384967 0
0.860184 0
0.853405 0
1.215248 0
0.740238 0
0.165087 0
1.624969 0
0.837112 0
0.264596 0
0.055572 0
0.804592 0
0.138668 0
1.122131 0
0.178910 0
0.089024 0
0.215286 0
0.285485 0
0.271461 0
0.250965 0
0.621357 0
0.243298 0
0.364060 0
0.930599 0
0.304146 0
0.008359 0
0.174369 0
0.164720 0
0.099233 0
0.353999 0
0.076614 0
0.145296 0
0.013200 0
0.478757 0
0.790661 0
0.201068 0
0.137799 0
0.209332 0
0.015741 0
0.931563 0
0.303502 0
1.411982 0
0.388066 0
1.326142 0
0.019784 0
0.150892 0
0.110723 0
0.475577 0
0.728174 0
0.160718 0
0.300155 0
0.858875 0
1.141806 0
0.201399 0
0.046850 0
0.877305 0
0.585352 0
0.210298 0
0.103451 0
1.000228 0
0.236430 0
0.063875 0
