0.529483 0
0.845404 0
0.219664 0
0.760833 0
0.550773 0
0.066555 0
0.911821 0
0.115850 0
0.270404 0
0.641968 0
0.211689 0
0.121997 0
0.607538 0
0.967821 0
0.598362 0
0.252908 0
0.728254 0
0.118737 0
1.358004 0
0.443772 0
0.160260 0
0.445128 0
0.198475 0
0.029268 0
0.542097 0
0.070439 0
0.025862 0
0.228092 0
0.224915 0
0.155660 0
0.116048 0
0.806498 0
0.318359 0
0.152277 0
0.071648 0
0.064520 0
0.541048 0
0.455085 0
0.161851 0
0.534119 0
0.003807 0
0.021322 0
0.144590 0
1.372316 0
1.408754 0
0.835116 0
0.644133 0
0.250948 0
0.820313 0
0.605517 0
1.702350 0
0.162042 0
0.889088 0
1.147151 0
1.324066 0
