0.633816 0
0.887362 0
0.248307 0
0.532574 0
0.242105 0
0.152221 0
1.064180 0
0.951139 0
0.612751 0
1.372705 0
0.295088 0
0.499431 0
0.513679 0
0.890509 0
0.297410 0
1.002599 0
0.408404 0
1.065678 0
0.142198 0
0.246606 0
1.566160 0
0.326036 0
0.395428 0
0.265210 0
0.530248 0
0.618220 0
0.696177 0
0.319059 0
1.419314 0
0.562157 0
0.701990 0
1.026638 0
0.453709 0
1.569722 0
0.723081 0
0.063996 0
0.832346 0
0.269742 0
0.270221 0
0.072236 0
0.226834 0
1.434418 0
1.429542 0
0.431652 0
0.073191 0
0.731086 0
0.308555 0
0.326665 0
0.609830 0
0.028949 0
0.041053 0
0.352833 0
0.171010 0
0.568210 0
