1.003365 0
1.558135 0
0.279370 0
1.028260 0
0.269610 0
1.397197 0
0.297837 0
0.779999 0
1.349530 0
0.395833 0
0.362721 0
0.223133 0
0.034887 0
0.461756 0
0.195186 0
0.261725 0
0.019494 0
0.161737 0
0.776882 0
0.419814 0
0.094695 0
0.330233 0
0.459680 0
0.919837 0
1.390787 0
0.280347 0
0.349534 0
0.075498 0
0.895246 0
0.082549 0
0.172287 0
0.829364 0
0.041383 0
0.675836 0
0.332605 0
0.462098 0
0.696033 0
0.319543 0
0.045221 0
0.324966 0
0.019235 0
0.151467 0
0.037894 0
0.132015 0
0.503488 0
0.194347 0
0.397891 0
0.641582 0
0.014537 0
1.421690 0
0.127189 0
0.137275 0
0.020437 0
0.334318 0
0.125939 0
0.275542 0
0.734512 0
0.125942 0
0.482599 0
0.125520 0
0.418755 0
1.591210 0
0.114403 0
