0.857311 0
1.170486 0
1.064463 0
0.168472 0
0.681001 0
0.115497 0
0.434752 0
0.177096 0
0.275761 0
1.087744 0
0.166797 0
0.192493 0
0.493738 0
0.343868 0
1.176360 0
0.229682 0
0.438955 0
0.338684 0
0.881127 0
0.131175 0
0.637933 0
1.586143 0
0.120938 0
0.207073 0
0.364895 0
0.800771 0
2.039332 0
1.439651 0
0.124086 0
0.249685 0
0.207919 0
0.935014 0
0.139506 0
1.381466 0
0.250860 0
0.324726 0
0.748878 0
0.804308 0
0.317642 0
0.370636 0
0.473251 0
0.823969 0
0.341055 0
0.178189 0
1.402317 0
0.582264 0
1.009462 0
0.265793 0
0.135071 0
0.339428 0
1.260493 0
0.670787 0
0.307446 0
0.170379 0
0.820092 0
0.469099 0
0.219831 0
0.676911 0
0.377015 0
0.171863 0
0.223405 0
1.574859 0
1.003503 0
1.375477 0
0.076264 0
1.699081 0
