1.570257 0
0.590538 0
0.614252 0
0.295974 0
0.478136 0
0.530777 0
0.175165 0
0.680044 0
0.027091 0
1.319242 0
0.096031 0
0.050085 0
0.043178 0
0.437318 0
0.364390 0
0.225541 0
1.367444 0
0.052915 0
0.268889 0
0.328920 0
0.611115 0
0.258587 0
1.662517 0
0.015843 0
0.189106 0
0.043477 0
1.460263 0
0.059119 0
1.266997 0
0.104653 0
0.102773 0
0.041653 0
0.327736 0
0.469575 0
0.144114 0
0.446675 0
0.031262 0
0.138419 0
0.628454 0
0.587377 0
0.435963 0
0.815766 0
0.112676 0
0.835561 0
0.143717 0
0.351045 0
1.122125 0
0.433266 0
0.843766 0
0.196384 0
0.431247 0
0.018197 0
0.270949 0
0.027848 0
0.154224 0
1.018876 0
1.506591 0
0.232243 0
0.908832 0
