0.953638 0
0.557420 0
0.512902 0
1.005221 0
1.642512 0
0.428588 0
0.203032 0
0.193515 0
0.165298 0
0.304459 0
0.696360 0
0.445880 0
0.280044 0
0.359799 0
0.427670 0
0.921022 0
0.062094 0
0.420532 0
0.411240 0
0.866165 0
0.421790 0
1.344989 0
0.183759 0
0.863549 0
0.100507 0
0.021397 0
0.037455 0
0.320356 0
0.329564 0
1.438675 0
0.218190 0
0.612023 0
0.667035 0
1.403745 0
0.067574 0
0.674346 0
0.224436 0
0.194779 0
0.347346 0
0.323274 0
0.036506 0
0.442268 0
1.309969 0
0.006101 0
0.784266 0
0.177437 0
0.573371 0
0.693767 0
0.759543 0
0.007592 0
0.824505 0
0.073407 0
0.020783 0
0.176698 0
0.340886 0
0.277094 0
0.101081 0
0.630029 0
1.202966 0
0.059887 0
0.647831 0
0.392825 0
0.353028 0
0.940075 0
0.599142 0
0.168114 0
