0.347237 0
0.552122 0
0.438668 0
0.462240 0
1.290995 0
0.290601 0
1.300315 0
0.765072 0
0.256330 0
0.388820 0
0.041924 0
0.125497 0
0.152296 0
0.221669 0
0.269845 0
1.368866 0
0.920455 0
0.327979 0
0.318187 0
0.736900 0
0.967565 0
2.060597 0
1.247203 0
1.364755 0
0.391676 0
0.344873 0
0.038144 0
1.281916 0
0.756504 0
0.679259 0
0.616105 0
0.207398 0
1.458974 0
1.266339 0
0.510976 0
0.127386 0
0.876190 0
0.581049 0
1.367619 0
0.526210 0
0.367683 0
0.373576 0
1.050005 0
0.165709 0
0.676709 0
0.095198 0
0.682308 0
