0.155950 0
0.336976 0
0.459988 0
1.420610 0
1.399438 0
0.119320 0
0.732297 0
0.690975 0
0.057475 0
0.568831 0
0.148102 0
0.497307 0
0.544169 0
0.320075 0
0.433248 0
0.050823 0
0.128465 0
0.410169 0
0.059910 0
0.235373 0
0.036347 0
0.107976 0
1.506247 0
0.019247 0
1.422955 0
0.049281 0
0.827993 0
0.169625 0
0.236060 0
0.263789 0
0.593448 0
0.139739 0
0.038523 0
0.449717 0
0.625965 0
1.047766 0
0.399396 0
0.093171 0
0.192866 0
0.300847 0
0.518470 0
0.166572 0
0.278729 0
0.059664 0
0.093107 0
0.595205 0
0.442770 0
0.304541 0
0.469475 0
0.242953 0
0.309211 0
0.050354 0
0.402804 0
0.271396 0
1.221505 0
0.041140 0
0.081722 0
