1.204427 0
0.113429 0
0.335379 0
0.439064 0
0.170255 0
1.448360 0
0.377666 0
0.150210 0
0.796861 0
1.276328 0
0.174146 0
0.053441 0
0.047687 0
0.967737 0
1.129897 0
0.176538 0
0.293598 0
0.767835 0
0.542924 0
0.360631 0
0.054929 0
0.193158 0
0.032128 0
0.012377 0
1.099262 0
0.914203 0
1.011391 0
0.371919 0
0.504335 0
0.415208 0
1.273543 0
0.188458 0
0.958172 0
0.690276 0
1.405219 0
1.167632 0
0.172138 0
0.004767 0
0.578838 0
0.012100 0
0.343068 0
0.454792 0
0.264719 0
0.219049 0
0.342631 0
0.034143 0
0.422824 0
0.746825 0
0.046555 0
0.612953 0
0.561423 0
0.513945 0
0.208877 0
0.016440 0
0.760188 0
0.239514 0
1.503677 0
0.502491 0
0.296643 0
