0.150722 0
0.138420 0
1.177576 0
0.185686 0
0.381973 0
0.257980 0
0.054661 0
0.132594 0
0.479319 0
0.319989 0
0.769515 0
0.171732 0
0.497433 0
0.452338 0
0.758638 0
0.368323 0
0.090697 0
0.707252 0
0.050577 0
0.343436 0
0.008918 0
0.253141 0
0.332964 0
0.643208 0
0.240359 0
0.150405 0
1.458328 0
0.247948 0
0.385427 0
0.248255 0
0.360302 0
0.103849 0
0.512557 0
0.772717 0
0.161412 0
0.259513 0
0.040116 0
0.169440 0
0.024836 0
0.495515 0
0.509465 0
0.204874 0
0.201892 0
0.086781 0
0.822296 0
0.237223 0
0.372935 0
0.250938 0
0.244536 0
0.718804 0
1.023808 0
0.225664 0
0.085810 0
0.089062 0
0.420288 0
