0.180963 0
0.888969 0
1.549627 0
0.623866 0
0.606328 0
0.788817 0
1.675926 0
0.590802 0
0.656851 0
0.080338 0
0.093610 0
0.995185 0
0.274666 0
1.439398 0
0.071154 0
0.062903 0
0.122020 0
0.228682 0
0.093871 0
0.098829 0
0.230793 0
0.144772 0
0.103337 0
0.587987 0
0.065270 0
0.405900 0
0.521303 0
0.072924 0
0.592676 0
0.283430 0
0.058206 0
0.400139 0
0.265993 0
0.234677 0
0.667310 0
0.295439 0
0.188953 0
0.040914 0
1.090334 0
0.592979 0
1.390948 0
0.253393 0
0.857695 0
0.087454 0
0.528627 0
0.632061 0
0.037375 0
0.155978 0
0.376041 0
0.690925 0
0.045281 0
0.602693 0
0.203160 0
0.229287 0
0.360011 0
0.241149 0
0.697935 0
