0.203246 0
0.059541 0
0.753852 0
0.114117 0
0.737832 0
1.163719 0
1.098316 0
0.839305 0
0.251747 0
0.986465 0
0.016537 0
0.167237 0
0.846681 0
0.262933 0
1.203571 0
0.129966 0
0.236639 0
0.095324 0
0.046803 0
0.286204 0
0.024853 0
0.215595 0
0.654800 0
0.038079 0
0.842789 0
0.741912 0
0.533980 0
0.072070 0
0.357245 0
0.781363 0
0.962668 0
1.071976 0
0.037194 0
0.252302 0
0.091664 0
0.033188 0
1.605707 0
1.434064 0
1.272872 0
0.161670 0
0.599970 0
0.736844 0
1.910056 0
0.193255 0
0.630999 0
0.168302 0
1.147666 0
0.196241 0
0.231895 0
0.062291 0
0.445496 0
0.984591 0
1.424884 0
0.955380 0
0.189262 0
0.174327 0
0.131967 0
