0.342053 0
0.335986 0
0.229828 0
0.543819 0
0.024312 0
1.442343 0
0.433396 0
0.462464 0
0.366383 0
0.126615 0
1.530833 0
0.112191 0
1.419645 0
0.706830 0
0.828180 0
0.834799 0
0.290742 0
0.037136 0
0.225309 0
0.350574 0
1.249085 0
0.199399 0
0.124824 0
0.385506 0
0.036170 0
1.066457 0
0.295406 0
0.942920 0
0.184088 0
0.334495 0
1.431775 0
0.513155 0
0.021521 0
0.779712 0
0.222072 0
0.252567 0
0.036800 0
0.516911 0
0.698402 0
0.355932 0
0.040682 0
0.023880 0
1.052797 0
0.451526 0
0.250840 0
0.027639 0
0.359192 0
1.137306 0
