1.592485 0
0.384123 0
1.326845 0
0.680934 0
0.452934 0
1.378606 0
0.248251 0
0.961411 0
1.594573 0
0.164610 0
0.738259 0
0.041519 0
0.429060 0
0.174523 0
0.420453 0
0.158760 0
0.443916 0
0.717765 0
0.311488 0
0.500187 0
1.769506 0
0.727860 0
0.458240 0
0.366727 0
0.469212 0
0.120934 0
0.247721 0
0.397364 0
0.957947 0
1.448053 0
1.365707 0
0.381434 0
1.129681 0
0.712186 0
1.106532 0
0.606766 0
0.453989 0
0.301343 0
1.842914 0
0.474162 0
1.178473 0
0.352018 0
1.443336 0
0.254993 0
1.256600 0
0.344323 0
0.593583 0
0.414371 0
0.096775 0
0.631204 0
1.868822 0
0.078591 0
0.615827 0
0.033167 0
1.074584 0
0.133345 0
1.254282 0
0.293214 0
