0.161691 0
0.936408 0
0.658796 0
1.253623 0
0.062597 0
0.861920 0
0.037286 0
0.340672 0
0.027029 0
0.367785 0
0.266403 0
0.085282 0
1.072501 0
0.277859 0
0.435822 0
0.864552 0
0.697747 0
0.077019 0
0.690299 0
0.797185 0
1.073759 0
0.275324 0
0.035162 0
0.581126 0
0.283447 0
0.947915 0
0.698221 0
0.352895 0
0.672710 0
0.635026 0
1.498784 0
0.179492 0
0.064578 0
0.082885 0
0.841195 0
1.544885 0
0.019455 0
0.404609 0
0.107802 0
0.290633 0
0.483650 0
0.385945 0
1.081471 0
1.932549 0
0.634515 0
0.656959 0
0.018227 0
0.541800 0
0.064878 0
1.754675 0
0.250497 0
0.158704 0
0.337676 0
0.046192 0
0.975869 0
0.278432 0
0.531730 0
0.810972 0
1.815509 0
1.121288 0
0.021520 0
0.251181 0
0.137196 0
0.424847 0
0.164113 0
0.198657 0
