0.554326 0
1.425852 0
0.684682 0
0.189652 0
0.429209 0
0.416847 0
0.286539 0
0.697131 0
0.156909 0
0.355688 0
0.638758 0
0.042358 0
0.141283 0
0.035795 0
0.240504 0
0.795864 0
0.234835 0
0.287863 0
0.119428 0
0.045332 0
0.232001 0
0.687302 0
0.305797 0
0.618220 0
0.251312 0
1.275437 0
0.480059 0
0.526170 0
0.174686 0
0.302294 0
1.187431 0
0.374823 0
0.424077 0
0.018299 0
0.493399 0
1.046429 0
0.121459 0
0.863269 0
0.027247 0
0.179543 0
1.125285 0
0.978059 0
1.522607 0
0.027011 0
0.348159 0
0.237702 0
0.035164 0
0.556212 0
0.474286 0
1.679007 0
0.010349 0
