0.087878 0
1.704914 0
0.552338 0
0.704917 0
0.248475 0
0.067048 0
0.103944 0
0.473220 0
0.391398 0
0.438077 0
0.099083 0
1.510523 0
1.814216 0
0.193858 0
0.614157 0
0.155749 0
0.135003 0
0.236294 0
0.019089 0
0.181236 0
1.239084 0
0.681135 0
0.228634 0
0.281899 0
0.594680 0
0.241565 0
0.154161 0
0.016219 0
1.752474 0
0.749631 0
0.316892 0
0.496515 0
1.145308 0
0.523398 0
0.537896 0
0.094735 0
0.621935 0
0.371915 0
0.087270 0
0.614806 0
0.069071 0
0.200714 0
0.573528 0
1.081123 0
0.728694 0
0.239550 0
0.482191 0
0.600203 0
1.031174 0
0.788316 0
0.551107 0
0.005535 0
0.194694 0
0.081818 0
0.067659 0
0.213898 0
0.532703 0
0.369249 0
0.081853 0
0.103299 0
0.743437 0
0.239438 0
0.498101 0
