0.378411 0
0.965979 0
0.172781 0
0.062948 0
0.172230 0
0.184676 0
0.068333 0
0.174237 0
0.288995 0
1.583309 0
0.096008 0
1.575779 0
0.224584 0
0.254867 0
0.315403 0
0.666492 0
0.573866 0
0.873098 0
0.834197 0
0.440283 0
1.388648 0
0.177643 0
0.022854 0
0.208995 0
0.264255 0
0.142890 0
0.311515 0
0.068093 0
0.698364 0
0.614012 0
0.268594 0
0.374056 0
0.307967 0
0.209843 0
0.377923 0
0.281245 0
0.171803 0
0.008024 0
0.075684 0
0.267538 0
0.211790 0
1.431233 0
1.411660 0
0.006913 0
1.371715 0
0.689374 0
0.375543 0
0.370686 0
1.489364 0
0.772056 0
1.022978 0
0.343786 0
0.154861 0
1.076392 0
0.762918 0
0.221033 0
0.726358 0
1.132543 0
0.226219 0
0.196742 0
0.327246 0
