0.412643 0
0.574057 0
0.234341 0
1.245435 0
1.268376 0
0.447042 0
0.286191 0
0.213453 0
0.939873 0
0.092907 0
1.121607 0
0.803187 0
0.102916 0
1.310987 0
0.229203 0
0.357954 0
0.521834 0
0.774562 0
0.689742 0
0.316887 0
0.175805 0
0.371255 0
0.694897 0
0.135954 0
0.285227 0
0.661198 0
0.690413 0
1.453612 0
0.525413 0
0.023957 0
0.478952 0
0.163116 0
0.197473 0
0.983248 0
0.121704 0
0.359278 0
0.285735 0
0.711529 0
0.492250 0
0.127171 0
0.856642 0
0.026942 0
0.229988 0
1.399074 0
0.479755 0
0.952136 0
0.025223 0
0.686691 0
0.538806 0
0.282336 0
1.133355 0
0.461656 0
0.726261 0
0.054195 0
0.785880 0
0.610362 0
0.128091 0
0.273358 0
0.295682 0
0.068302 0
0.448060 0
0.191093 0
0.387856 0
0.007689 0
0.523927 0
0.297468 0
0.485244 0
0.415752 0
0.283194 0
0.305243 0
0.733639 0
