0.137595 0
0.130058 0
0.872288 0
0.836558 0
1.520913 0
0.136650 0
0.124195 0
0.218305 0
0.503944 0
0.511773 0
1.074809 0
0.172113 0
0.291882 0
0.310050 0
0.278725 0
0.121498 0
0.037190 0
0.149739 0
0.035710 0
0.774383 0
0.454248 0
0.606748 0
0.374427 0
0.375800 0
0.540490 0
0.489332 0
0.010726 0
0.201644 0
0.386994 0
0.804935 0
0.963446 0
0.345472 0
0.171157 0
0.706980 0
0.216340 0
1.493657 0
0.051685 0
1.277580 0
0.788976 0
0.716506 0
1.106166 0
0.667321 0
0.094189 0
0.302558 0
0.631811 0
0.116223 0
0.049971 0
0.236305 0
0.065199 0
0.270501 0
0.274778 0
0.130484 0
0.650403 0
0.749931 0
0.089259 0
0.202600 0
0.082068 0
1.152436 0
0.032847 0
0.322788 0
0.529269 0
0.280241 0
0.056433 0
