1.135435 0
0.663385 0
0.473174 0
0.044779 0
1.497562 0
0.933264 0
0.106467 0
0.022269 0
0.453844 0
0.092135 0
0.044535 0
0.032872 0
0.346201 0
1.015143 0
0.769321 0
0.232697 0
0.298656 0
0.107613 0
0.198220 0
0.544863 0
0.365458 0
0.152836 0
0.376261 0
1.017304 0
0.240759 0
0.254572 0
0.265447 0
0.334571 0
1.729807 0
0.417069 0
0.661450 0
0.113085 0
1.164404 0
0.523050 0
1.146166 0
0.536787 0
0.057859 0
0.678395 0
0.009438 0
0.480752 0
1.533397 0
1.232924 0
1.515097 0
0.831246 0
1.175282 0
0.241016 0
1.089397 0
0.140356 0
0.036696 0
0.443255 0
0.202416 0
0.585389 0
0.885072 0
0.301315 0
0.779751 0
0.044312 0
0.750095 0
0.059985 0
0.817660 0
0.269511 0
0.364976 0
0.292820 0
0.072929 0
0.716763 0
0.971731 0
0.483880 0
