0.919906 0
0.348557 0
0.148774 0
0.050124 0
0.139084 0
0.871236 0
0.470346 0
0.744525 0
0.114547 0
0.953721 0
1.104617 0
0.651690 0
0.503283 0
0.802206 0
0.358008 0
0.444103 0
0.648098 0
0.115203 0
0.439549 0
0.257769 0
0.270037 0
0.108916 0
0.238072 0
0.062835 0
0.297894 0
0.372622 0
1.064636 0
0.087861 0
0.440124 0
0.379801 0
0.041909 0
0.879493 0
0.078424 0
0.122520 0
0.038621 0
0.254794 0
0.058527 0
0.420109 0
0.355082 0
0.716578 0
0.613454 0
0.065876 0
1.373505 0
0.705151 0
1.012584 0
0.103353 0
0.272200 0
0.168985 0
0.165407 0
0.095550 0
0.109161 0
0.810247 0
1.364281 0
0.322791 0
0.036858 0
0.791584 0
0.617596 0
