0.770768 0
1.411933 0
0.627784 0
0.620580 0
0.185712 0
0.323774 0
0.092769 0
0.490561 0
1.385539 0
0.292238 0
0.186825 0
0.012554 0
1.422285 0
1.136681 0
0.070304 0
0.200290 0
0.256544 0
0.278417 0
0.505230 0
0.255453 0
0.848855 0
0.069191 0
0.231685 0
0.099812 0
0.175643 0
0.077948 0
0.065027 0
0.639872 0
0.429129 0
0.072392 0
0.051900 0
0.065649 0
0.033944 0
0.007972 0
0.210997 0
0.518158 0
0.694365 0
0.041733 0
0.058372 0
0.824599 0
0.387371 0
1.099387 0
0.240214 0
0.492222 0
0.137883 0
0.598490 0
0.314929 0
0.027137 0
0.043458 0
0.036911 0
0.198511 0
0.985104 0
0.220424 0
0.160999 0
1.118950 0
0.557407 0
1.438880 0
0.560318 0
