0.324938 0
0.203290 0
0.548871 0
0.245411 0
0.159000 0
0.182953 0
0.741393 0
0.424703 0
0.699878 0
0.828913 0
0.082790 0
0.614775 0
0.348199 0
0.190712 0
0.042758 0
0.884029 0
0.026125 0
0.155673 0
0.651744 0
1.316497 0
0.773534 0
0.584906 0
0.171847 0
0.311219 0
0.051812 0
1.888837 0
0.084007 0
0.441525 0
0.350389 0
0.009272 0
0.345104 0
0.261075 0
0.549091 0
0.431222 0
0.416102 0
1.417708 0
0.315712 0
0.285229 0
0.885623 0
0.005106 0
0.219503 0
0.105726 0
0.206704 0
0.437392 0
1.022030 0
1.052421 0
0.402892 0
0.241315 0
0.467368 0
1.528453 0
0.184118 0
1.175207 0
0.701716 0
0.111020 0
0.026472 0
0.055904 0
0.275434 0
0.067276 0
0.274649 0
