0.663993 0
0.741540 0
0.722058 0
0.642999 0
0.936736 0
0.457856 0
0.081987 0
1.238946 0
0.581148 0
0.197496 0
0.049649 0
0.247144 0
0.419038 0
0.701196 0
0.664687 0
0.565854 0
0.671805 0
0.324389 0
0.066282 0
0.360769 0
1.530930 0
0.702818 0
0.129499 0
0.233998 0
0.044937 0
0.013492 0
0.227409 0
0.320653 0
0.039917 0
0.613693 0
0.123046 0
1.367693 0
0.802582 0
0.532709 0
0.113044 0
0.544201 0
1.534604 0
1.070470 0
0.115273 0
0.255430 0
1.348771 0
0.826317 0
1.379137 0
0.879046 0
0.108562 0
0.223355 0
0.503362 0
0.280665 0
0.070075 0
0.307469 0
0.498996 0
0.973795 0
0.544989 0
0.014753 0
0.922151 0
1.086217 0
0.179574 0
0.374520 0
0.718466 0
0.291086 0
1.055154 0
1.288354 0
