0.334532 0
0.164601 0
0.704083 0
0.318137 0
0.257651 0
0.295059 0
0.409665 0
0.052007 0
0.863240 0
0.182143 0
0.160762 0
0.117392 0
0.245231 0
0.956177 0
0.294528 0
0.268413 0
0.135767 0
1.031620 0
0.171167 0
0.224598 0
1.167456 0
1.794223 0
0.147672 0
0.643358 0
0.894107 0
0.820310 0
0.034188 0
0.451358 0
0.021040 0
1.097975 0
0.328058 0
0.644946 0
0.238310 0
1.633447 0
0.968756 0
0.393794 0
0.387009 0
0.432855 0
0.167870 0
0.282577 0
0.625409 0
0.304245 0
0.043950 0
0.076459 0
0.289488 0
0.007543 0
0.199169 0
0.347291 0
1.681471 0
0.242206 0
0.804412 0
0.394017 0
0.046610 0
0.153955 0
0.083290 0
0.364148 0
0.087785 0
0.083690 0
0.991543 0
0.297809 0
1.311503 0
