0.066632 0
0.204470 0
0.530290 0
0.291689 0
0.118803 0
0.210977 0
0.819957 0
0.487781 0
0.284448 0
0.810340 0
0.770078 0
0.074894 0
0.057833 0
0.148063 0
0.122865 0
0.695751 0
0.120198 0
0.909433 0
1.002990 0
1.309541 0
0.481357 0
0.546402 0
0.425090 0
1.008295 0
0.132341 0
0.985746 0
0.013835 0
0.025214 0
0.082813 0
0.333882 0
0.278133 0
0.628885 0
0.106674 0
0.194575 0
0.017229 0
1.082113 0
0.722614 0
0.316639 0
0.138060 0
0.372062 0
0.360011 0
0.403755 0
1.152115 0
0.526856 0
0.115925 0
0.057276 0
0.215824 0
0.339273 0
0.504013 0
0.022994 0
0.696025 0
1.548703 0
0.332053 0
0.045373 0
0.557592 0
0.037288 0
0.228215 0
1.549069 0
0.065660 0
0.333160 0
0.177260 0
0.209084 0
0.094241 0
0.086090 0
0.307381 0
0.414068 0
0.887072 0
0.099985 0
0.093538 0
0.401576 0
0.413236 0
0.987621 0
0.050075 0
1.068490 0
0.255391 0
0.393022 0
