0.236714 0
0.220190 0
0.408787 0
0.183875 0
1.294498 0
0.311965 0
0.273952 0
0.494601 0
0.302319 0
0.652103 0
0.086630 0
0.158721 0
0.258479 0
0.094074 0
0.231690 0
1.132592 0
0.338075 0
0.887179 0
0.124986 0
0.365223 0
0.237471 0
0.069946 0
1.449921 0
0.104484 0
0.007020 0
1.295766 0
0.237185 0
0.231022 0
0.121645 0
0.268708 0
0.181385 0
0.391211 0
0.902746 0
0.020426 0
0.610931 0
0.439845 0
0.227607 0
0.051781 0
0.627826 0
0.289282 0
0.361327 0
0.339350 0
0.372072 0
0.123611 0
0.576718 0
0.287044 0
0.155930 0
0.287142 0
0.492085 0
0.852555 0
0.124985 0
1.306265 0
0.592152 0
0.709711 0
0.323247 0
0.413275 0
0.131742 0
0.850896 0
1.447185 0
0.812238 0
1.397309 0
0.670214 0
0.166486 0
