0.131893 0
1.516277 0
0.548298 0
0.554996 0
0.099830 0
0.786986 0
0.822568 0
0.243565 0
0.272239 0
0.482263 0
0.085989 0
1.440752 0
0.477993 0
0.302886 0
0.251653 0
0.250036 0
0.666978 0
0.661955 0
0.997535 0
0.648023 0
0.362956 0
0.098920 0
0.128482 0
0.436529 0
0.626362 0
0.252951 0
0.289920 0
0.782930 0
0.016779 0
0.044849 0
0.244592 0
0.663245 0
1.384320 0
0.313994 0
0.040909 0
0.015313 0
0.004870 0
0.078726 0
1.042151 0
0.132703 0
0.227110 0
0.007478 0
0.414835 0
0.093699 0
0.329151 0
0.096980 0
0.058704 0
0.200814 0
0.530262 0
1.430005 0
0.255538 0
0.772927 0
0.061352 0
0.103506 0
0.120897 0
0.559584 0
0.695241 0
0.203177 0
0.735813 0
