0.130360 0
0.125847 0
0.080552 0
0.579247 0
0.216504 0
0.203136 0
0.054196 0
0.645644 0
0.582818 0
1.448411 0
0.655350 0
0.232107 0
0.853618 0
0.250022 0
0.859520 0
0.295660 0
0.271174 0
0.672345 0
0.464722 0
0.802938 0
0.310024 0
0.071082 0
0.769171 0
0.139253 0
0.185224 0
0.827423 0
0.149049 0
0.317349 0
1.409152 0
0.713364 0
0.174446 0
0.681901 0
0.070224 0
0.079363 0
0.036333 0
0.620656 0
0.327377 0
0.416363 0
0.826471 0
0.718889 0
0.230204 0
0.108972 0
0.363403 0
0.911336 0
0.194823 0
0.445771 0
0.244605 0
0.400585 0
1.039966 0
0.106186 0
0.677653 0
0.029476 0
1.020728 0
1.690796 0
0.254033 0
