0.422513 0
0.349183 0
0.624624 0
1.472999 0
0.092493 0
0.174196 0
0.117194 0
0.224543 0
0.851319 0
0.140652 0
0.050053 0
0.026575 0
0.387966 0
0.784078 0
0.193311 0
0.449911 0
0.571127 0
0.657209 0
0.424914 0
0.044311 0
1.183411 0
2.181209 0
0.222677 0
0.772743 0
0.436554 0
0.401390 0
1.515256 0
0.782496 0
0.400682 0
0.294306 0
0.744190 0
0.063599 0
0.053647 0
0.077424 0
0.066645 0
0.277176 0
0.705880 0
0.619286 0
0.211714 0
0.350439 0
0.311191 0
0.575448 0
0.396269 0
0.036900 0
0.571322 0
0.116620 0
1.017434 0
0.538633 0
0.768435 0
1.088015 0
0.083586 0
1.020755 0
0.125645 0
0.537347 0
0.612698 0
0.870895 0
0.204276 0
0.215103 0
0.003521 0
1.513803 0
0.551382 0
0.303024 0
0.406217 0
0.512095 0
