0.217015 0
0.102353 0
0.500815 0
0.460437 0
0.055456 0
0.239202 0
1.335017 0
0.108769 0
0.408369 0
0.471869 0
0.338796 0
0.035492 0
0.103984 0
0.224401 0
0.187320 0
1.083671 0
0.626600 0
0.113433 0
0.084050 0
0.211262 0
0.054269 0
0.324724 0
0.461148 0
0.408724 0
1.340445 0
0.138300 0
0.350331 0
0.044731 0
0.738415 0
0.843451 0
0.400655 0
1.419165 0
0.237633 0
0.227867 0
0.609581 0
0.075467 0
0.846513 0
0.975244 0
0.383029 0
0.578150 0
0.255627 0
0.073327 0
0.573093 0
1.455771 0
0.105221 0
1.077325 0
0.576598 0
0.554540 0
1.552816 0
0.016511 0
0.291034 0
0.008170 0
0.034881 0
0.301316 0
0.262277 0
0.665341 0
