1.258858 0
0.498943 0
0.876824 0
1.342344 0
0.080127 0
0.663045 0
0.222429 0
0.078840 0
0.118706 0
0.524314 0
0.082842 0
0.201592 0
1.673809 0
0.925732 0
0.197771 0
0.677764 0
0.865239 0
0.641961 0
1.258727 0
0.345069 0
0.062431 0
0.262463 0
0.607631 0
0.678571 0
0.789059 0
0.818223 0
0.239112 0
0.054904 0
0.452249 0
0.142832 0
0.232239 0
0.003718 0
0.162176 0
0.605969 0
0.853425 0
0.740538 0
0.103107 0
0.587598 0
0.184702 0
0.126615 0
1.127356 0
0.091902 0
0.110294 0
0.518327 0
0.754924 0
0.465488 0
0.070089 0
1.093768 0
0.049138 0
0.011365 0
0.320618 0
0.270272 0
0.335697 0
0.860401 0
0.368579 0
0.232493 0
0.044113 0
0.205166 0
0.620574 0
0.134379 0
0.989123 0
1.458931 0
1.447083 0
1.127077 0
1.112373 0
0.515484 0
