1.521376 0
0.095479 0
1.061364 0
0.628743 0
1.019448 0
0.200117 0
2.288804 0
1.198117 0
0.362177 0
0.348637 0
1.393702 0
0.682533 0
0.259676 0
0.376804 0
0.080152 0
0.171166 0
0.024471 0
0.065771 0
0.310372 0
0.045948 0
1.151037 0
0.888382 0
0.815385 0
0.031345 0
0.443915 0
0.424726 0
0.871441 0
0.404057 0
0.899309 0
0.087715 0
0.262936 0
0.104986 0
0.687467 0
0.462877 0
0.212628 0
0.044922 0
0.119154 0
0.321436 0
0.460471 0
0.079459 0
0.450180 0
0.750843 0
0.391716 0
0.169944 0
0.024732 0
0.597911 0
0.344768 0
0.186445 0
1.486055 0
0.213251 0
0.183270 0
0.340581 0
0.452985 0
0.269886 0
0.100759 0
0.163385 0
1.511045 0
0.445000 0
0.901914 0
0.337937 0
0.278939 0
0.771144 0
0.300298 0
