0.364380 0
0.365421 0
0.239503 0
0.064479 0
0.185590 0
0.535666 0
0.959387 0
0.471247 0
0.109713 0
1.577577 0
0.413070 0
0.349927 0
0.368652 0
0.067688 0
0.268201 0
0.230984 0
1.684871 0
0.270151 0
1.544258 0
0.396456 0
0.713004 0
0.981850 0
0.983341 0
0.688497 0
1.001052 0
0.147061 0
0.561971 0
0.114353 0
0.667055 0
2.167062 0
1.496791 0
1.029580 0
0.946460 0
1.680565 0
0.998791 0
0.104400 0
0.139790 0
0.134192 0
0.651873 0
0.853502 0
0.532335 0
0.141859 0
0.143199 0
0.613297 0
0.410362 0
1.098517 0
0.547737 0
0.637027 0
0.724442 0
0.995093 0
0.226305 0
