1.365784 0
1.199916 0
0.934036 0
0.176261 0
0.054628 0
0.196419 0
0.630163 0
1.381650 0
0.081942 0
0.050548 0
0.882697 0
0.342608 0
0.546214 0
0.031996 0
0.186137 0
0.211551 0
0.339023 0
0.670776 0
0.082025 0
0.028051 0
0.104661 0
0.531702 0
0.057648 0
0.633566 0
0.976749 0
0.387786 0
0.550285 0
0.447302 0
1.477293 0
0.074308 0
0.619846 0
0.188046 0
1.110982 0
0.277765 0
0.939567 0
1.172668 0
0.057798 0
0.140540 0
0.496897 0
1.368741 0
0.067841 0
0.698086 0
0.042006 0
0.812756 0
0.359783 0
0.531643 0
0.362447 0
0.327249 0
0.747446 0
0.240230 0
0.204385 0
1.103523 0
0.015312 0
0.711489 0
0.517234 0
1.576125 0
0.198254 0
0.197275 0
0.613454 0
0.046977 0
0.440083 0
0.411521 0
0.020147 0
0.783676 0
