0.350536 0
0.562634 0
0.843327 0
0.119090 0
0.286712 0
0.252883 0
0.543405 0
0.119411 0
0.379402 0
0.030239 0
0.526395 0
0.011544 0
0.102166 0
0.552966 0
1.380754 0
0.234560 0
0.889243 0
0.777788 0
0.349948 0
0.652264 0
0.024635 0
0.154508 0
0.233752 0
0.439486 0
0.096415 0
0.070141 0
0.451817 0
0.117996 0
0.114028 0
0.839816 0
1.728939 0
0.391421 0
0.587096 0
0.076026 0
1.995875 0
0.194811 0
0.114643 0
0.563214 0
0.510668 0
0.024219 0
0.285909 0
0.426601 0
0.181019 0
0.545377 0
0.625027 0
0.023031 0
0.290919 0
0.402920 0
0.249050 0
0.044005 0
1.267641 0
