2.386327 0
0.250448 0
0.264637 0
0.117680 0
0.952176 0
0.057851 0
1.225084 0
0.467738 0
0.785500 0
0.259660 0
0.485880 0
0.049950 0
0.228967 0
0.216690 0
0.203630 0
0.055131 0
0.489278 0
0.078318 0
0.455443 0
0.566876 0
1.549656 0
1.911268 0
1.718143 0
0.318925 0
1.248494 0
0.082192 0
0.217744 0
0.007043 0
0.578058 0
1.103658 0
0.285180 0
0.293172 0
0.927116 0
0.048220 0
0.299770 0
1.147586 0
0.185454 0
0.365905 0
0.666544 0
1.380048 0
0.364210 0
0.114211 0
0.773489 0
1.438676 0
0.236666 0
0.473416 0
0.237087 0
0.552309 0
0.174962 0
0.328902 0
