0.154937 0
0.078346 0
1.361763 0
0.939304 0
0.080110 0
0.039421 0
0.531153 0
0.313779 0
0.460434 0
0.406713 0
1.032722 0
0.180674 0
0.534786 0
1.402707 0
0.052512 0
0.251662 0
0.021722 0
0.448074 0
0.011008 0
1.311941 0
0.096513 0
1.008096 0
1.430990 0
0.075077 0
0.346813 0
1.367278 0
0.101396 0
0.603859 0
0.204496 0
0.353615 0
0.047902 0
1.494056 0
0.180264 0
1.608072 0
0.558464 0
0.905424 0
0.921215 0
0.464985 0
0.629750 0
0.392111 0
0.308605 0
0.117136 0
1.500250 0
0.556147 0
0.180159 0
0.688758 0
0.205342 0
0.414604 0
0.005805 0
0.024201 0
0.404214 0
1.564016 0
0.009071 0
0.199566 0
0.726300 0
0.129521 0
0.007739 0
0.135532 0
1.599128 0
0.377062 0
