0.327022 0
0.669197 0
0.369301 0
0.168110 0
1.679011 0
1.014131 0
0.240682 0
0.417996 0
0.290104 0
0.202930 0
0.287124 0
0.224300 0
0.459740 0
0.693848 0
0.087818 0
0.078829 0
0.767251 0
0.800961 0
0.342504 0
0.844821 0
0.597718 0
0.379910 0
0.136491 0
0.288985 0
1.214772 0
0.015398 0
0.327906 0
0.113783 0
0.352517 0
0.478736 0
0.881375 0
0.079021 0
0.016738 0
0.015820 0
0.734579 0
0.033896 0
0.227694 0
0.146932 0
0.156648 0
0.024934 0
0.703050 0
0.036852 0
0.334599 0
0.638922 0
0.150660 0
0.117534 0
0.009450 0
0.513083 0
0.136514 0
0.677501 0
0.735477 0
0.467351 0
0.011403 0
0.614295 0
0.350917 0
0.136349 0
0.246064 0
0.406904 0
1.117641 0
0.136910 0
