0.703532 0
0.142856 0
0.219958 0
0.347842 0
0.543363 0
1.619962 0
0.830124 0
0.091745 0
0.042454 0
0.877200 0
0.186926 0
0.383094 0
0.176653 0
0.416578 0
0.683256 0
0.041896 0
0.944367 0
0.599932 0
0.184048 0
0.208312 0
0.836307 0
0.024308 0
0.175652 0
0.716211 0
0.819527 0
0.136300 0
0.322739 0
0.213494 0
0.648610 0
0.514178 0
0.437507 0
0.165193 0
0.753328 0
0.220430 0
0.490062 0
0.526559 0
0.598213 0
0.627897 0
0.319821 0
0.615507 0
0.478759 0
0.654801 0
0.486106 0
0.058936 0
0.256041 0
0.049523 0
0.189656 0
0.236621 0
1.444736 0
0.358731 0
0.033639 0
1.205441 0
0.576458 0
0.289731 0
0.072525 0
0.486701 0
0.123146 0
0.149804 0
0.187886 0
0.327011 0
0.501236 0
0.429141 0
0.426112 0
1.143144 0
