0.599431 0
0.288875 0
0.094080 0
0.260923 0
1.237844 0
0.047319 0
1.562203 0
0.802803 0
1.076836 0
0.578122 0
0.345537 0
0.210863 0
1.174578 0
0.061001 0
0.368346 0
0.215766 0
1.588089 0
1.318890 0
0.117357 0
0.890896 0
0.746144 0
0.472017 0
0.049656 0
0.485068 0
0.052155 0
0.110055 0
0.067988 0
0.120217 0
0.454664 0
0.796072 0
0.352074 0
0.815593 0
1.582069 0
0.273528 0
1.446399 0
0.269465 0
0.341317 0
1.517482 0
0.263181 0
0.122499 0
0.017091 0
0.412246 0
0.945336 0
1.486743 0
0.368049 0
0.662749 0
1.588287 0
0.066429 0
0.383068 0
0.162144 0
0.177270 0
0.157117 0
1.364549 0
0.568992 0
0.822516 0
0.135970 0
0.688729 0
0.688551 0
0.030054 0
1.172188 0
