0.175060 0
0.120463 0
0.053125 0
0.604007 0
0.287667 0
0.122572 0
0.537399 0
0.210931 0
0.325740 0
0.407168 0
0.358356 0
0.160167 0
0.206262 0
0.431804 0
0.564726 0
0.104100 0
1.944358 0
0.037828 0
0.061765 0
0.148567 0
0.232372 0
0.406590 0
0.042348 0
0.096066 0
0.764105 0
0.146518 0
0.326604 0
0.297404 0
0.478753 0
0.259452 0
0.164207 0
0.010368 0
2.244394 0
1.366146 0
1.132749 0
1.495694 0
0.434624 0
0.159270 0
0.047700 0
0.198273 0
0.111607 0
0.260419 0
0.166029 0
0.080366 0
0.189367 0
1.448081 0
0.225070 0
