0.572904 0
0.243942 0
0.676754 0
0.224111 0
0.458353 0
0.076965 0
1.238565 0
0.060135 0
0.090052 0
0.783901 0
1.455232 0
0.148714 0
0.556184 0
0.131841 0
0.552786 0
0.176969 0
1.547669 0
0.268936 0
0.295121 0
0.051232 0
0.575284 0
0.093380 0
0.386509 0
1.650680 0
0.284323 0
0.130726 0
1.533674 0
0.190180 0
0.065513 0
0.621673 0
1.466913 0
0.571081 0
0.262525 0
0.420525 0
0.591360 0
0.086310 0
0.349666 0
0.427260 0
0.784472 0
0.446816 0
0.197795 0
0.056481 0
1.119277 0
0.202037 0
1.114126 0
0.597055 0
0.108016 0
0.413454 0
0.372198 0
