0.303916 0
0.408401 0
0.573155 0
0.060504 0
0.131420 0
0.316426 0
1.176435 0
0.276853 0
1.393438 0
0.986481 0
0.132198 0
0.022037 0
0.779724 0
0.434350 0
0.403286 0
0.874601 0
0.873769 0
1.457107 0
0.237930 0
0.102887 0
0.249982 0
0.935836 0
0.537961 0
0.047510 0
0.244080 0
0.032033 0
0.139350 0
0.009589 0
1.582547 0
1.375499 0
0.269399 0
0.215844 0
0.189647 0
0.315974 0
1.006726 0
0.253142 0
0.867667 0
0.289626 0
0.197054 0
0.114546 0
0.262125 0
1.878552 0
0.014964 0
1.453298 0
0.141196 0
0.054960 0
0.459949 0
0.366179 0
0.059950 0
0.304076 0
0.069393 0
0.098625 0
0.596344 0
0.153790 0
0.269591 0
0.873681 0
0.122218 0
1.093043 0
