0.384870 0
0.151541 0
0.228383 0
0.136221 0
1.236414 0
0.287392 0
0.465911 0
0.310136 0
0.484924 0
0.088040 0
0.241696 0
0.603917 0
0.160422 0
0.626649 0
0.243764 0
1.369899 0
0.254207 0
0.091884 0
0.419486 0
1.528123 0
0.646237 0
1.360783 0
0.593469 0
0.156838 0
0.340280 0
0.153858 0
0.527213 0
1.561740 0
0.990440 0
0.052893 0
0.138969 0
0.234234 0
0.688247 0
0.902910 0
0.092328 0
0.200768 0
1.495831 0
0.849370 0
0.298035 0
0.381877 0
1.625456 0
0.300413 0
1.005709 0
1.148570 0
0.244046 0
0.083177 0
0.188082 0
0.149351 0
0.116275 0
0.012023 0
0.154520 0
0.066398 0
0.128703 0
0.648996 0
1.516070 0
0.315751 0
0.138303 0
0.829756 0
0.602102 0
0.262525 0
0.169682 0
1.493458 0
1.467530 0
0.151676 0
0.444071 0
1.299775 0
0.453064 0
1.379582 0
0.864167 0
0.042210 0
0.730884 0
