0.840694 0
0.639615 0
0.054559 0
0.652826 0
0.699250 0
0.407941 0
0.451048 0
0.233454 0
0.590428 0
0.392022 0
0.086962 0
0.105891 0
0.064919 0
0.485954 0
0.074873 0
1.433998 0
0.272621 0
0.337717 0
0.581946 0
0.036499 0
0.126495 0
0.537123 0
0.238882 0
0.408844 0
0.486739 0
0.700311 0
0.575003 0
0.161897 0
0.688846 0
0.397709 0
0.253378 0
0.541665 0
0.616513 0
0.251422 0
0.367969 0
0.106943 0
0.304958 0
0.519411 0
0.070084 0
0.102148 0
0.499633 0
0.050316 0
0.319740 0
0.625891 0
0.447393 0
0.466175 0
0.088963 0
0.225342 0
