0.704332 0
0.103406 0
0.247035 0
1.178147 0
0.137528 0
0.315263 0
0.318013 0
0.186160 0
0.646178 0
0.608632 0
0.347480 0
0.429791 0
0.367186 0
0.128751 0
0.274553 0
0.314123 0
0.081716 0
1.383844 0
0.200082 0
0.007041 0
0.317031 0
0.245692 0
0.337208 0
0.285927 0
0.043905 0
0.981127 0
0.199112 0
0.148162 0
0.080373 0
0.342491 0
0.444372 0
0.604344 0
0.745362 0
1.692151 0
0.365863 0
0.447901 0
0.315784 0
0.393536 0
0.706184 0
0.095890 0
0.062156 0
0.116984 0
0.419971 0
0.573853 0
0.079412 0
0.161226 0
0.123247 0
0.318868 0
1.049884 0
0.086395 0
0.071131 0
0.132805 0
