0.554437 0
1.358813 0
1.365430 0
0.144665 0
0.123321 0
0.260075 0
0.341786 0
0.275749 0
0.610786 0
0.647244 0
0.643323 0
0.779823 0
0.466597 0
0.182623 0
0.727718 0
0.179721 0
0.491867 0
0.065018 0
0.104435 0
0.952725 0
0.241339 0
0.029738 0
1.377802 0
0.093921 0
0.355038 0
1.162467 0
1.299438 0
0.150701 0
0.708245 0
0.182193 0
0.305194 0
0.119224 0
0.070898 0
0.146270 0
0.884355 0
0.170406 0
0.315913 0
0.842706 0
0.481085 0
1.424176 0
0.136647 0
0.034925 0
0.361313 0
0.222803 0
0.590468 0
0.542909 0
0.674919 0
0.543832 0
0.209153 0
0.257424 0
1.276340 0
0.046385 0
1.392351 0
0.638487 0
