0.516481 0
1.095312 0
0.445559 0
0.366457 0
0.420909 0
1.220715 0
0.179431 0
1.288129 0
0.399707 0
0.543203 0
1.171177 0
0.330550 0
1.375914 0
0.240469 0
0.599703 0
0.256878 0
0.060954 0
0.223545 0
1.558668 0
1.318858 0
0.102350 0
1.314883 0
1.454654 0
0.471544 0
0.450638 0
0.348156 0
0.343677 0
0.950596 0
0.459393 0
0.089405 0
0.212761 0
0.265657 0
0.220431 0
0.416568 0
1.534796 0
1.084334 0
1.955640 0
0.740465 0
0.230583 0
0.196152 0
0.253169 0
0.337919 0
0.686754 0
0.012776 0
1.403588 0
1.032967 0
0.829371 0
0.549562 0
0.191105 0
0.509080 0
0.228246 0
0.052149 0
0.030822 0
0.273530 0
0.247638 0
0.809336 0
0.194744 0
0.304527 0
0.449619 0
0.018420 0
