0.120422 0
0.160560 0
0.729765 0
0.539974 0
0.251112 0
0.029472 0
2.066621 0
0.697989 0
0.103599 0
0.101397 0
0.265773 0
0.584634 0
0.311313 0
1.064397 0
0.868647 0
0.518328 0
0.090999 0
0.352996 0
0.341386 0
0.362208 0
0.814440 0
0.310938 0
0.019269 0
1.435761 0
1.371782 0
1.099287 0
0.531342 0
0.134036 0
1.119230 0
0.660941 0
0.354191 0
0.044576 0
0.114910 0
0.038485 0
0.008595 0
0.471887 0
0.101876 0
0.408020 0
0.944005 0
0.168382 0
0.265251 0
0.241312 0
0.004101 0
1.347703 0
1.154538 0
1.092899 0
0.405001 0
0.061047 0
1.524127 0
0.578721 0
1.512055 0
0.240599 0
0.302936 0
0.484882 0
0.228262 0
0.020290 0
0.032498 0
0.207017 0
0.386978 0
