0.239994 0
1.201796 0
0.429389 0
0.242000 0
0.126093 0
0.869968 0
0.349367 0
0.247294 0
0.422629 0
0.891135 0
0.089458 0
0.028939 0
0.910411 0
0.117195 0
0.232160 0
0.504849 0
0.180012 0
0.290528 0
1.033244 0
0.062622 0
0.514318 0
0.306651 0
0.436189 0
0.030955 0
0.182549 0
0.223214 0
0.894395 0
0.591267 0
0.207569 0
0.250083 0
0.995162 0
0.145803 0
1.018683 0
0.060375 0
1.220525 0
0.100717 0
0.366732 0
0.462829 0
0.390935 0
0.385645 0
0.169778 0
0.236949 0
0.385258 0
0.046531 0
0.088821 0
0.934697 0
0.281644 0
1.620083 0
0.372857 0
0.876095 0
0.892408 0
0.388298 0
0.799617 0
0.239427 0
0.399949 0
0.412051 0
1.219699 0
0.720807 0
