1.476673 0
0.371255 0
0.061649 0
0.042472 0
0.163791 0
1.051239 0
0.526687 0
0.521780 0
0.916406 0
1.484413 0
0.170533 0
0.080528 0
1.260770 0
1.118527 0
0.107960 0
0.855278 0
0.175289 0
0.311085 0
0.512664 0
1.120334 0
0.361328 0
0.063334 0
0.554648 0
0.028009 0
0.733652 0
0.216490 0
0.552840 0
0.606525 0
0.523290 0
0.297751 0
0.236216 0
1.240965 0
0.249176 0
0.219492 0
0.452732 0
0.154619 0
0.332981 0
0.153500 0
0.091473 0
0.353511 0
1.206052 0
1.525774 0
0.873509 0
0.070821 0
0.648608 0
0.611290 0
0.552517 0
0.853278 0
0.164174 0
0.191049 0
0.249241 0
0.599298 0
0.243760 0
0.513600 0
0.282634 0
0.165788 0
0.293772 0
0.197483 0
0.212501 0
0.591183 0
0.557683 0
1.116500 0
1.490470 0
0.329876 0
0.082859 0
0.151073 0
0.443940 0
0.298016 0
0.043520 0
1.296843 0
0.030258 0
1.118480 0
0.073886 0
0.028292 0
