0.155498 0
0.475781 0
1.200202 0
0.330074 0
0.301850 0
0.173437 0
0.280050 0
0.356869 0
0.432238 0
0.075415 0
0.611404 0
0.378853 0
0.058249 0
1.083183 0
1.426055 0
0.083096 0
0.318600 0
0.338410 0
0.154616 0
0.293139 0
1.379213 0
0.820089 0
1.759178 0
0.071438 0
0.618061 0
0.845244 0
0.864293 0
0.433391 0
0.659094 0
0.390579 0
0.585441 0
1.624218 0
0.095740 0
0.081077 0
0.362688 0
0.276257 0
0.043725 0
0.339277 0
0.196989 0
0.976379 0
0.152767 0
0.392627 0
0.491861 0
0.597677 0
0.812224 0
0.225767 0
0.731315 0
0.940544 0
0.160894 0
0.530896 0
0.256017 0
0.732333 0
0.072952 0
0.340662 0
0.979445 0
