0.094527 0
0.051640 0
1.524291 0
0.446060 0
0.676956 0
0.028749 0
1.200364 0
1.245206 0
0.099953 0
0.124528 0
0.241825 0
0.473943 0
0.349643 0
0.164605 0
0.808583 0
0.483281 0
1.083513 0
0.720544 0
0.648687 0
0.402409 0
0.017081 0
1.087208 0
0.391229 0
1.976866 0
0.225561 0
0.112710 0
0.184773 0
0.029211 0
0.100873 0
0.030184 0
0.033067 0
0.403826 0
0.769910 0
0.270439 0
0.026087 0
0.118084 0
0.731021 0
0.903087 0
0.397571 0
0.290641 0
0.100038 0
0.972600 0
0.168046 0
0.315200 0
0.293264 0
1.298907 0
0.116500 0
1.439164 0
1.214722 0
0.391696 0
0.700299 0
0.011686 0
0.275646 0
0.398499 0
0.115458 0
