1.287334 0
0.052214 0
0.463308 0
0.475834 0
0.316465 0
0.473943 0
0.923436 0
0.039264 0
0.305269 0
0.566377 0
0.302702 0
0.528628 0
0.728543 0
0.593460 0
0.522276 0
0.568312 0
0.596996 0
0.334426 0
0.161268 0
0.029458 0
0.535355 0
0.288865 0
0.462965 0
0.046183 0
0.202328 0
0.250391 0
0.627781 0
0.247566 0
0.216989 0
0.205816 0
0.252920 0
0.221018 0
0.692767 0
0.058850 0
0.737881 0
1.687505 0
0.121158 0
0.117580 0
0.244839 0
1.536273 0
0.068935 0
0.112735 0
0.612827 0
0.046933 0
0.078006 0
0.167278 0
0.143939 0
0.178746 0
1.450901 0
0.576120 0
0.441742 0
1.083114 0
0.013179 0
1.230466 0
0.808147 0
0.473810 0
1.086382 0
0.395598 0
