0.792487 0
0.398486 0
0.156112 0
0.107253 0
1.113164 0
1.060665 0
0.415347 0
0.246261 0
0.046879 0
0.245416 0
0.037028 0
0.540258 0
0.220545 0
0.144750 0
1.427744 0
0.992870 0
0.334623 0
0.026230 0
0.743386 0
1.153916 0
0.085372 0
0.198168 0
1.531120 0
0.093219 0
0.081525 0
0.547656 0
0.341144 0
0.119605 0
0.031750 0
0.995094 0
0.129761 0
0.063394 0
0.321747 0
0.320230 0
0.042769 0
0.684981 0
0.046606 0
0.104185 0
0.359323 0
0.122445 0
1.173893 0
0.558167 0
0.242088 0
0.846036 0
0.183442 0
0.572595 0
0.164435 0
2.081578 0
0.392072 0
0.276081 0
0.118419 0
1.128289 0
0.075804 0
0.381177 0
1.407802 0
0.750673 0
0.245869 0
0.528107 0
0.812749 0
0.269711 0
0.275263 0
0.947137 0
1.678909 0
0.251819 0
0.159954 0
0.613050 0
0.092177 0
0.190881 0
0.236145 0
0.535863 0
0.282057 0
0.485564 0
0.061796 0
