0.360689 0
1.485888 0
0.053806 0
0.107471 0
0.197507 0
0.992605 0
0.289710 0
1.392563 0
0.510298 0
0.210473 0
0.425411 0
0.353669 0
0.065658 0
0.032124 0
0.416983 0
0.729368 0
0.014029 0
0.316019 0
0.297545 0
1.665146 0
0.221837 0
0.107931 0
0.870552 0
0.025167 0
0.619714 0
0.281229 0
0.847752 0
0.064234 0
0.199043 0
0.126726 0
0.133768 0
0.879380 0
0.834038 0
0.341865 0
0.046116 0
0.193053 0
0.016275 0
0.431916 0
1.764376 0
1.477896 0
0.966052 0
0.513054 0
1.703418 0
0.516659 0
0.114181 0
0.716443 0
0.127246 0
1.608409 0
0.278032 0
0.225790 0
0.748902 0
1.673828 0
0.767863 0
0.033246 0
1.477236 0
0.080462 0
0.089713 0
0.316565 0
0.259427 0
0.623330 0
0.466561 0
0.084205 0
0.602595 0
0.624761 0
0.551896 0
0.665881 0
