0.204345 0
0.442154 0
0.760047 0
0.125836 0
0.179527 0
0.034616 0
0.257340 0
0.051794 0
0.138952 0
0.096859 0
0.239147 0
0.144687 0
1.917428 0
1.085415 0
0.125836 0
0.246631 0
0.639317 0
0.824778 0
1.403607 0
0.507186 0
0.337568 0
0.091117 0
0.166265 0
1.177997 0
0.635375 0
0.012450 0
0.108733 0
0.485801 0
0.659413 0
0.955719 0
0.335938 0
0.591484 0
0.025558 0
0.516607 0
0.167620 0
0.531934 0
0.940040 0
0.318069 0
0.467963 0
0.081182 0
0.377563 0
1.086317 0
0.630451 0
1.299344 0
0.358980 0
0.017384 0
0.960792 0
0.195297 0
0.032579 0
0.428904 0
0.310883 0
1.138147 0
0.445656 0
0.075833 0
0.753192 0
0.144989 0
0.039071 0
0.024728 0
