0.252343 0
0.074192 0
0.244729 0
0.592143 0
0.061158 0
0.580049 0
0.122506 0
0.099179 0
1.236072 0
0.402576 0
0.329254 0
1.376537 0
0.565254 0
0.234282 0
0.456952 0
1.199698 0
0.166835 0
0.968514 0
0.194713 0
0.090122 0
0.035743 0
0.137071 0
1.522868 0
1.086213 0
0.307149 0
0.223364 0
0.811867 0
1.296523 0
0.748282 0
0.807021 0
0.933611 0
1.020412 0
0.394501 0
0.157144 0
0.234987 0
0.083752 0
0.020911 0
0.558665 0
0.203489 0
0.066617 0
0.277233 0
0.222733 0
0.459989 0
1.676159 0
1.224910 0
0.136276 0
0.035316 0
1.346570 0
0.457073 0
1.174957 0
1.416086 0
0.225334 0
0.517777 0
0.405133 0
0.034347 0
0.642759 0
0.560771 0
