1.024602 0
0.897714 0
0.838995 0
0.737776 0
0.118933 0
0.194201 0
0.758389 0
0.956212 0
0.369067 0
0.685794 0
0.031401 0
0.508019 0
0.077865 0
0.199796 0
0.473754 0
0.452646 0
1.486871 0
0.068215 0
0.579010 0
1.202414 0
0.499462 0
0.481889 0
0.144993 0
0.661159 0
0.489636 0
0.356750 0
0.204780 0
0.151636 0
0.865808 0
0.272794 0
0.018524 0
0.798949 0
1.632061 0
0.257035 0
0.462255 0
0.306939 0
0.228090 0
0.083193 0
1.174500 0
0.104049 0
0.081264 0
1.157926 0
0.354450 0
0.043485 0
0.843230 0
0.763064 0
0.324217 0
0.476057 0
0.014909 0
0.340354 0
0.255030 0
0.220828 0
0.315357 0
0.419285 0
0.285229 0
0.342324 0
0.205638 0
0.936473 0
0.237864 0
0.046493 0
0.454866 0
0.316929 0
1.317292 0
0.035203 0
0.672640 0
1.485103 0
