0.150857 0
0.624285 0
0.463951 0
0.438150 0
0.326278 0
1.469257 0
0.227104 0
0.356336 0
0.318570 0
0.558157 0
0.196891 0
0.479895 0
0.174789 0
0.204353 0
0.912112 0
0.021896 0
1.381193 0
0.072141 0
1.221924 0
0.996084 0
0.264235 0
0.204037 0
0.097987 0
0.046357 0
0.329899 0
0.072979 0
0.437932 0
0.441189 0
0.049180 0
0.095822 0
0.165441 0
0.126641 0
0.760877 0
0.462821 0
0.613711 0
1.355860 0
0.012651 0
0.668543 0
0.004336 0
0.149732 0
0.150600 0
0.990005 0
0.033376 0
0.013419 0
0.319420 0
0.006476 0
0.151953 0
0.213240 0
0.196419 0
0.685907 0
0.380072 0
0.372866 0
2.059309 0
0.140251 0
0.134988 0
0.062052 0
0.353232 0
0.609109 0
0.281408 0
0.058958 0
0.460597 0
1.389239 0
0.181300 0
0.046009 0
0.168109 0
1.428735 0
0.001231 0
0.195614 0
0.050607 0
0.026396 0
0.041105 0
1.426962 0
0.940685 0
0.016291 0
0.529608 0
