0.579452 0
0.100221 0
0.280317 0
1.518853 0
0.279614 0
0.135511 0
0.538870 0
0.183268 0
0.251036 0
0.049045 0
0.695154 0
0.416792 0
0.047325 0
0.077937 0
1.394991 0
0.832979 0
0.304806 0
0.426420 0
0.443522 0
0.068427 0
1.367824 0
0.043503 0
0.218984 0
0.143677 0
0.201417 0
0.089493 0
1.126621 0
0.165237 0
0.619371 0
0.227020 0
1.201537 0
0.305580 0
0.646802 0
0.006828 0
0.075085 0
0.326842 0
0.772565 0
0.679471 0
0.214570 0
0.164701 0
1.114071 0
0.077988 0
0.520778 0
0.648844 0
0.897382 0
0.238454 0
0.701438 0
0.413200 0
1.591521 0
0.094877 0
0.104863 0
0.438898 0
0.344747 0
0.305348 0
1.459181 0
0.557942 0
0.127949 0
0.511164 0
0.065019 0
0.635754 0
0.253605 0
0.742748 0
0.028713 0
0.125099 0
