0.250171 0
0.644878 0
1.286960 0
0.252158 0
0.130593 0
1.004735 0
0.170523 0
1.304955 0
0.782534 0
0.033449 0
1.560039 0
1.414118 0
0.773472 0
1.366245 0
0.105566 0
0.337299 0
1.537876 0
0.056361 0
1.056962 0
0.047933 0
0.149354 0
0.075046 0
0.177754 0
0.053162 0
0.352271 0
0.362179 0
0.229955 0
0.688617 0
0.159977 0
0.704996 0
0.556581 0
1.904120 0
0.014196 0
0.561155 0
0.602548 0
0.160388 0
0.118457 0
0.457878 0
0.079863 0
1.072986 0
0.069837 0
0.089339 0
0.019872 0
0.055246 0
0.639629 0
0.210085 0
0.817395 0
0.034503 0
0.252994 0
0.723049 0
0.699239 0
0.081440 0
0.381191 0
1.176835 0
0.223913 0
0.644290 0
0.670150 0
0.617199 0
1.362443 0
0.271791 0
0.158613 0
1.020271 0
0.503631 0
0.978397 0
0.418899 0
0.042404 0
0.127195 0
0.222890 0
0.433333 0
1.380712 0
0.038684 0
0.132140 0
0.029797 0
0.255553 0
0.722806 0
0.450831 0
0.422949 0
0.063089 0
0.548453 0
0.743251 0
0.405114 0
1.373470 0
0.330314 0
0.661524 0
0.047278 0
0.079316 0
0.034790 0
0.185261 0
0.133330 0
0.154480 0
0.156183 0
0.708957 0
0.122178 0
0.803194 0
0.147427 0
0.228695 0
0.191766 0
0.193054 0
0.345226 0
0.047795 0
0.506866 0
0.278514 0
0.097766 0
0.078795 0
0.586983 0
0.148039 0
0.058686 0
0.615613 0
0.111158 0
0.196083 0
0.412387 0
0.121618 0
0.240702 0
1.418513 0
0.131096 0
0.262963 0
0.036212 0
1.303262 0
1.063009 0
0.341642 0
0.105487 0
0.280943 0
1.416804 0
0.124149 0
0.042202 0
0.189939 0
1.119255 0
1.021556 0
0.494230 0
1.288459 0
0.021005 0
0.180254 0
1.368515 0
0.878191 0
0.324341 0
0.011186 0
0.430326 0
0.264597 0
0.391572 0
0.295759 0
0.449540 0
0.207675 0
0.080531 0
0.312346 0
1.261632 0
0.089834 0
0.311495 0
0.276435 0
0.330205 0
0.192044 0
0.039595 0
0.860476 0
0.157035 0
0.006401 0
0.412813 0
0.533781 0
0.100659 0
0.077263 0
0.744400 0
1.429914 0
0.384721 0
1.533406 0
0.816033 0
0.602667 0
0.518691 0
0.262025 0
0.041252 0
0.533542 0
0.538616 0
0.521043 0
0.625380 0
0.118967 0
0.057522 0
0.149688 0
0.048357 0
0.202926 0
0.414851 0
0.205103 0
0.540040 0
1.383344 0
0.601015 0
0.588085 0
0.007521 0
0.259670 0
0.260468 0
0.516776 0
0.015196 0
1.311056 0
0.722708 0
0.433926 0
0.984228 0
0.147335 0
0.296493 0
0.319650 0
0.290301 0
0.233651 0
0.058613 0
1.077302 0
1.002892 0
0.612921 0
0.250894 0
0.510175 0
0.797945 0
0.309426 0
0.425316 0
1.058457 0
0.241498 0
0.971841 0
0.092645 0
1.665645 0
1.372237 0
1.126944 0
0.051441 0
0.523510 0
0.281736 0
0.277085 0
0.100630 0
0.050049 0
0.027254 0
0.040437 0
0.272216 0
0.383288 0
1.641546 0
0.204824 0
0.076583 0
0.235922 0
0.607432 0
0.070940 0
0.546530 0
0.745373 0
0.045978 0
0.489527 0
0.031372 0
0.038600 0
0.042215 0
1.589153 0
0.071269 0
0.046641 0
0.118838 0
0.379044 0
0.761025 0
0.152622 0
0.003476 0
0.153708 0
0.337499 0
1.199817 0
0.942028 0
1.208878 0
0.887659 0
0.071116 0
1.367829 0
1.497390 0
0.574178 0
0.219812 0
0.127568 0
0.591437 0
0.021920 0
0.815589 0
0.184338 0
0.454171 0
0.660978 0
1.297815 0
0.032645 0
0.041636 0
0.919413 0
0.193461 0
0.052434 0
0.181917 0
1.107292 0
0.546957 0
0.773020 0
0.032505 0
0.744501 0
0.722905 0
0.116336 0
0.730610 0
0.423602 0
0.264379 0
0.309064 0
0.184688 0
0.472469 0
0.032693 0
0.782294 0
0.087557 0
1.090558 0
0.324391 0
0.442349 0
0.239520 0
0.178718 0
0.573111 0
0.220468 0
0.374864 0
0.094297 0
0.027721 0
0.523127 0
0.088680 0
0.331091 0
0.154714 0
1.012717 0
0.803088 0
0.134356 0
0.391563 0
0.093979 0
0.023585 0
0.250225 0
0.584234 0
0.697102 0
0.100038 0
0.954227 0
0.490840 0
0.276366 0
0.805100 0
1.285234 0
0.719794 0
1.448768 0
0.633429 0
0.801033 0
0.355517 0
0.419045 0
0.082339 0
0.196131 0
1.558299 0
0.135202 0
0.202141 0
0.173500 0
0.989415 0
0.182339 0
0.030829 0
0.131856 0
0.798320 0
0.161983 0
0.275538 0
0.692356 0
0.090917 0
0.347159 0
0.629695 0
0.232187 0
1.201998 0
0.066912 0
1.497902 0
0.233407 0
0.488723 0
0.251969 0
0.023694 0
1.441225 0
0.149054 0
1.380271 0
0.426087 0
0.195114 0
0.743098 0
0.320686 0
1.674327 0
0.159699 0
0.329616 0
0.977325 0
0.213547 0
0.041792 0
0.404015 0
0.460869 0
0.684169 0
0.004405 0
0.451915 0
0.593442 0
0.120532 0
0.166877 0
0.209392 0
0.072060 0
1.043750 0
0.178371 0
0.797448 0
0.385182 0
0.013662 0
0.670173 0
0.099151 0
0.508803 0
0.170265 0
0.963749 0
0.328807 0
0.062372 0
0.352414 0
0.201292 0
0.342262 0
0.011317 0
0.774376 0
0.814316 0
0.526875 0
1.024349 0
0.527569 0
0.765218 0
0.362109 0
0.676697 0
0.176385 0
0.163086 0
0.100906 0
0.312702 0
0.665848 0
0.482075 0
1.368947 0
0.010130 0
1.480592 0
0.052132 0
1.362573 0
0.951183 0
0.027900 0
1.502882 0
1.045944 0
0.790598 0
0.253677 0
0.193581 0
0.352480 0
0.348673 0
0.539256 0
0.486203 0
0.070669 0
0.414032 0
0.026768 0
0.969883 0
0.218527 0
0.661380 0
1.558986 0
0.773490 0
0.530817 0
0.021290 0
1.408044 0
0.175395 0
0.362223 0
0.611057 0
0.098725 0
0.767608 0
0.029695 0
0.319983 0
0.332666 0
0.392020 0
0.761697 0
0.286229 0
0.165821 0
0.083324 0
0.536704 0
0.123963 0
0.634624 0
0.217348 0
0.028240 0
0.183393 0
0.067854 0
1.010442 0
0.115838 0
0.334855 0
0.243949 0
0.718732 0
0.013505 0
0.873814 0
0.561503 0
0.499372 0
0.163441 0
0.625928 0
0.712038 0
0.375533 0
0.283853 0
0.014631 0
0.573881 0
0.132698 0
1.356931 0
0.468788 0
0.006423 0
0.408824 0
1.341275 0
1.559807 0
0.688454 0
0.509775 0
0.869688 0
0.771510 0
0.673254 0
0.808823 0
0.662039 0
0.673445 0
0.030126 0
0.501674 0
0.012647 0
0.200924 0
1.331259 0
0.162234 0
0.534696 0
0.907107 0
0.192580 0
0.226150 0
0.773714 0
1.322217 0
1.114536 0
0.160674 0
0.144358 0
0.523984 0
0.112266 0
0.911388 0
0.439490 0
0.098398 0
0.153020 0
0.145934 0
0.144313 0
0.035060 0
0.042723 0
1.095941 0
0.277796 0
0.353493 0
0.582941 0
0.637134 0
0.198357 0
0.588530 0
1.686845 0
0.160532 0
0.475809 0
0.970993 0
0.037354 0
0.363387 0
0.354710 0
0.230177 0
0.333469 0
0.639075 0
0.295468 0
0.017378 0
0.188132 0
0.229163 0
0.031599 0
0.304944 0
0.110766 0
0.031563 0
0.010013 0
0.034391 0
0.016156 0
0.375256 0
0.157817 0
0.010564 0
0.634510 0
0.461665 0
0.763394 0
0.383766 0
0.492367 0
0.022888 0
0.120289 0
0.157263 0
0.593631 0
0.060978 0
0.044187 0
0.509203 0
0.265753 0
0.605914 0
0.669951 0
0.799934 0
1.369156 0
0.089695 0
0.594916 0
0.478851 0
0.252850 0
0.044612 0
0.485792 0
0.249993 0
0.694265 0
0.390083 0
0.240247 0
0.014861 0
0.371701 0
1.652281 0
0.056796 0
0.071407 0
0.470131 0
0.041112 0
0.040028 0
0.239301 0
0.349030 0
0.363380 0
0.399371 0
0.759758 0
0.753464 0
0.250647 0
0.179515 0
0.055615 0
0.353064 0
0.117557 0
0.109433 0
0.564378 0
0.190295 0
1.320574 0
0.538977 0
1.593136 0
0.162473 0
0.103202 0
0.148633 0
0.146526 0
0.746421 0
0.804139 0
0.715078 0
0.250868 0
0.465992 0
0.022859 0
0.946339 0
0.078343 0
0.880754 0
0.349427 0
0.591742 0
0.153424 0
0.111761 0
0.279807 0
0.091964 0
0.100643 0
0.006227 0
1.631967 0
1.117630 0
0.214931 0
0.205626 0
0.183534 0
0.100304 0
0.813120 0
0.368836 0
0.416830 0
0.371747 0
0.524895 0
0.985120 0
0.029010 0
0.835487 0
0.225689 0
0.083229 0
1.115399 0
0.088428 0
0.475087 0
0.075317 0
0.036091 0
0.308957 0
0.044234 0
0.471792 0
1.782935 0
0.061957 0
0.344191 0
0.144481 0
1.028245 0
0.110778 0
0.018949 0
0.023570 0
0.890893 0
0.959071 0
0.411083 0
0.102879 0
0.039964 0
0.233298 0
0.077024 0
0.827627 0
0.267271 0
0.277965 0
1.360253 0
0.148067 0
0.049706 0
0.518798 0
0.009037 0
0.335735 0
0.189587 0
0.088308 0
0.597344 0
1.698589 0
0.727020 0
0.052955 0
0.208373 0
0.634901 0
0.166980 0
0.575795 0
0.054095 0
0.353481 0
0.581500 0
0.867572 0
0.775566 0
0.030615 0
0.031479 0
0.071328 0
0.756392 0
0.541788 0
0.447121 0
0.400695 0
0.018987 0
0.884562 0
0.178137 0
0.287962 0
0.331387 0
1.042775 0
0.120143 0
1.397144 0
0.081278 0
0.119448 0
0.002837 0
0.292094 0
1.155787 0
0.571553 0
0.346322 0
0.267693 0
1.353421 0
0.390323 0
0.500608 0
0.116701 0
0.363055 0
0.701513 0
0.002971 0
0.322639 0
1.717741 0
