0.239525 0
0.045126 0
0.157660 0
0.181411 0
0.148573 0
0.137911 0
0.450300 0
1.207791 0
0.347760 0
0.137604 0
0.460748 0
0.203282 0
0.470559 0
1.219899 0
0.091261 0
1.078655 0
0.088478 0
0.581460 0
0.027703 0
0.208480 0
0.196605 0
0.415324 0
0.131197 0
0.091564 0
0.427171 0
0.903675 0
1.425407 0
0.560238 0
0.509927 0
1.111904 0
0.006674 0
0.060127 0
1.365344 0
0.270553 0
0.531969 0
0.354078 0
0.183228 0
0.779776 0
0.360011 0
0.045116 0
0.036681 0
0.430509 0
0.370173 0
0.713747 0
0.091851 0
0.436890 0
0.841862 0
0.146788 0
0.998022 0
1.008951 0
0.892328 0
0.113047 0
0.984490 0
0.306446 0
1.046591 0
1.418647 0
0.008653 0
0.265796 0
0.237149 0
0.941704 0
0.176667 0
0.263258 0
0.160179 0
0.110831 0
1.379622 0
0.183536 0
0.041851 0
0.483303 0
0.141049 0
0.264025 0
0.035473 0
0.904704 0
0.015086 0
0.882646 0
0.053600 0
1.379379 0
0.374939 0
0.022091 0
0.688879 0
0.652172 0
0.049407 0
0.612812 0
0.129099 0
0.129940 0
1.110758 0
0.699391 0
0.237099 0
0.426574 0
0.852834 0
0.157769 0
0.208059 0
0.720862 0
0.485646 0
0.777055 0
0.276910 0
0.275917 0
0.806538 0
1.477856 0
0.083143 0
0.044550 0
0.178808 0
1.438529 0
0.420077 0
0.145314 0
0.072970 0
0.162915 0
0.039770 0
0.174344 0
0.103405 0
0.120440 0
0.658083 0
0.163996 0
0.712263 0
0.468651 0
0.511436 0
0.209801 0
0.068965 0
0.889369 0
0.192679 0
0.237997 0
0.195304 0
0.520937 0
0.484639 0
1.032868 0
0.043340 0
0.027633 0
0.553222 0
0.251882 0
1.571570 0
0.410092 0
0.004754 0
0.261480 0
0.071800 0
0.648050 0
0.903423 0
0.217392 0
0.155694 0
0.697784 0
0.022393 0
0.156704 0
0.075106 0
0.356153 0
0.216391 0
0.050775 0
0.249267 0
0.524651 0
0.170898 0
0.072668 0
0.467540 0
1.737880 0
1.441400 0
0.223456 0
1.090105 0
0.149953 0
0.082158 0
0.000959 0
1.887963 0
0.964841 0
0.840835 0
0.021369 0
0.303253 0
0.189487 0
0.440637 0
0.635382 0
0.769318 0
0.425487 0
0.767479 0
0.578299 0
0.156529 0
0.422248 0
1.290638 0
0.482512 0
0.293735 0
0.856620 0
0.022842 0
0.240887 0
0.379755 0
0.153548 0
0.163425 0
0.082280 0
0.153792 0
0.100829 0
0.212243 0
0.387721 0
0.422890 0
1.368896 0
0.264025 0
0.161366 0
0.120462 0
0.545263 0
1.474881 0
1.462488 0
0.084325 0
0.523997 0
0.226623 0
0.451044 0
0.202034 0
1.332631 0
0.027206 0
0.076114 0
0.222808 0
0.375377 0
0.349718 0
0.505920 0
0.780908 0
0.503114 0
0.231994 0
0.480164 0
0.513592 0
0.066742 0
0.038467 0
0.297162 0
0.338698 0
0.225809 0
0.443536 0
0.285862 0
0.181847 0
1.286510 0
0.200131 0
0.261751 0
0.654524 0
1.038073 0
0.816736 0
0.123517 0
1.232271 0
0.666083 0
0.119271 0
0.401273 0
1.827044 0
0.359343 0
0.149694 0
0.976206 0
0.613601 0
0.054449 0
1.690516 0
0.326109 0
0.078388 0
0.391641 0
0.274494 0
0.548130 0
1.380847 0
1.077920 0
0.515849 0
0.003379 0
0.504374 0
0.424981 0
0.401885 0
0.236344 0
0.444033 0
0.077614 0
0.105106 0
1.346543 0
1.883245 0
0.106472 0
0.386762 0
0.506141 0
0.584840 0
0.182388 0
0.028088 0
0.768946 0
0.311229 0
0.388333 0
0.271422 0
0.174570 0
0.693301 0
0.211728 0
0.741951 0
0.391909 0
0.970529 0
1.064678 0
0.261850 0
0.027618 0
0.233820 0
0.128186 0
0.622258 0
0.323718 0
0.520628 0
0.030441 0
0.486827 0
0.031802 0
0.052352 0
0.165185 0
0.431787 0
1.377289 0
0.247471 0
0.020327 0
0.402553 0
0.149599 0
1.036053 0
0.017190 0
0.151661 0
0.167925 0
0.200578 0
0.063627 0
0.168399 0
1.267321 0
0.095997 0
1.548804 0
1.240751 0
0.840752 0
0.261472 0
0.146373 0
0.056637 0
0.486432 0
0.487836 0
1.592681 0
0.152488 0
0.298307 0
0.812833 0
0.036447 0
0.942538 0
0.206129 0
0.325659 0
0.459563 0
0.377504 0
0.659324 0
0.088614 0
0.062526 0
0.851007 0
0.571180 0
0.337933 0
0.143335 0
0.413180 0
0.372140 0
0.381699 0
0.182638 0
1.573384 0
0.206585 0
0.497652 0
0.167790 0
0.172551 0
0.622555 0
0.142780 0
1.226145 0
1.067748 0
0.273137 0
0.989993 0
0.520639 0
0.784318 0
0.182529 0
0.598957 0
0.702126 0
0.609578 0
0.170662 0
0.064444 0
0.994692 0
0.722538 0
0.557433 0
0.111506 0
1.006460 0
0.537149 0
0.838572 0
0.855002 0
0.246866 0
0.458725 0
0.353487 0
0.233960 0
0.010991 0
0.028846 0
0.233550 0
0.125353 0
1.296306 0
0.271935 0
0.260911 0
0.047628 0
1.505649 0
0.050204 0
0.645381 0
