0.244001 0
0.153122 0
0.764872 0
0.239362 0
0.848036 0
0.661363 0
0.248428 0
0.191876 0
1.920180 0
0.364119 0
1.238241 0
0.344416 0
0.233772 0
0.475978 0
0.137631 0
0.266704 0
0.081529 0
0.927514 0
1.293855 0
0.203053 0
1.363073 0
0.047857 0
0.472589 0
1.693059 0
0.291119 0
0.461473 0
1.069391 0
0.220689 0
0.038202 0
0.705512 0
0.718339 0
0.109787 0
0.102879 0
0.228038 0
0.179787 0
0.669356 0
0.065877 0
1.554127 0
1.378225 0
0.563003 0
1.013839 0
0.622425 0
0.114504 0
0.382637 0
0.380963 0
0.223269 0
0.408706 0
1.170226 0
0.260254 0
0.755557 0
0.776330 0
1.698638 0
0.072102 0
0.432450 0
0.378885 0
0.128835 0
1.291908 0
0.318923 0
0.197814 0
1.364584 0
0.393889 0
1.268171 0
0.225052 0
0.035229 0
0.202425 0
0.449392 0
1.082810 0
0.099914 0
1.429801 0
0.061715 0
0.230605 0
0.209265 0
0.579109 0
1.151926 0
0.251543 0
0.749757 0
0.858615 0
1.483047 0
0.123556 0
0.916958 0
0.119604 0
0.471844 0
0.025150 0
0.354263 0
0.616913 0
0.535448 0
0.016413 0
0.061182 0
0.311161 0
0.121960 0
0.654369 0
0.162143 0
0.667133 0
0.029663 0
1.058090 0
0.171026 0
0.431402 0
0.070013 0
0.132456 0
0.624766 0
0.293320 0
0.089296 0
0.204915 0
1.658481 0
0.126612 0
0.742279 0
0.019601 0
0.991279 0
1.505025 0
0.220277 0
0.108167 0
0.631308 0
0.031948 0
0.167471 0
0.542378 0
0.038345 0
0.582521 0
0.234828 0
0.275873 0
0.398264 0
0.083644 0
0.794110 0
0.464833 0
0.589024 0
1.317704 0
0.097806 0
0.529435 0
1.394869 0
0.020991 0
0.714629 0
0.509834 0
0.033950 0
0.554590 0
0.058688 0
0.426771 0
1.063650 0
0.118893 0
0.477939 0
0.697285 0
0.182815 0
0.788863 0
0.650568 0
1.497602 0
0.560527 0
0.349518 0
0.624591 0
0.060080 0
0.021656 0
0.176156 0
1.224719 0
1.526236 0
0.291791 0
1.446255 0
0.209502 0
1.032393 0
0.364895 0
0.066007 0
0.467044 0
0.327814 0
0.374382 0
0.421371 0
0.259168 0
0.802746 0
0.822176 0
0.798940 0
0.151921 0
0.990095 0
0.303316 0
1.197085 0
0.164810 0
0.483316 0
0.423879 0
0.043372 0
0.014828 0
0.229915 0
0.435251 0
0.098790 0
0.431858 0
1.230084 0
1.498002 0
0.027542 0
0.179360 0
0.233073 0
0.183700 0
0.082709 0
