0.177205 0
0.946474 0
0.429574 0
0.287948 0
0.223153 0
0.398872 0
0.566269 0
0.596865 0
0.032403 0
0.614876 0
0.105715 0
0.068024 0
0.148267 0
0.555475 0
0.046288 0
0.184305 0
0.321801 0
0.040036 0
0.194684 0
0.682301 0
0.229166 0
0.634806 0
0.451385 0
0.400058 0
0.169782 0
1.326160 0
0.052011 0
0.080913 0
0.681382 0
0.088739 0
0.008028 0
0.308160 0
0.748112 0
0.187482 0
1.225254 0
0.495331 0
0.341911 0
0.104870 0
0.114353 0
0.089461 0
0.115902 0
0.012291 0
0.167795 0
0.413212 0
0.288577 0
0.780789 0
0.053404 0
0.034356 0
0.108109 0
0.214800 0
0.642918 0
0.051470 0
0.135859 0
0.907114 0
0.134972 0
0.535522 0
0.102843 0
0.866915 0
0.279356 0
1.115674 0
0.182764 0
1.271290 0
1.554905 0
0.379811 0
0.653286 0
0.729584 0
0.891496 0
0.415069 0
0.364184 0
0.189595 0
0.273949 0
0.652755 0
0.679542 0
1.422388 0
0.052632 0
0.215496 0
0.195651 0
0.454298 0
0.603994 0
0.416790 0
0.119860 0
0.591211 0
0.037735 0
0.179327 0
0.280377 0
0.932845 0
0.203667 0
0.473921 0
0.524034 0
0.608082 0
0.670671 0
0.368596 0
0.031415 0
0.915892 0
0.315907 0
0.905646 0
1.488917 0
0.034094 0
0.229281 0
0.697093 0
0.320540 0
0.283813 0
0.484702 0
0.107024 0
0.282329 0
0.393014 0
0.176657 0
0.165442 0
1.074716 0
0.996761 0
0.471227 0
0.240556 0
0.483574 0
0.806538 0
0.602251 0
0.050294 0
0.411880 0
0.304769 0
0.194818 0
0.394141 0
1.055646 0
0.165475 0
0.186827 0
1.532001 0
0.564926 0
0.447270 0
0.046039 0
0.042436 0
0.034738 0
1.211882 0
0.182732 0
0.391929 0
0.405185 0
0.041400 0
0.195854 0
1.011745 0
0.665204 0
0.465658 0
0.076545 0
0.404456 0
0.070077 0
0.074855 0
0.384083 0
0.520866 0
1.404522 0
0.165495 0
0.680705 0
0.858868 0
0.353804 0
0.095123 0
0.935199 0
0.506628 0
0.557850 0
1.579344 0
0.073101 0
0.459816 0
0.150589 0
0.578321 0
0.638514 0
0.017458 0
1.338340 0
0.151287 0
0.282672 0
0.017534 0
0.122343 0
0.531703 0
0.375590 0
0.473946 0
0.118065 0
0.152137 0
0.180341 0
0.706683 0
0.043044 0
0.018335 0
0.031526 0
0.462677 0
0.048168 0
0.482254 0
1.098123 0
0.005408 0
0.500334 0
0.060453 0
0.960252 0
0.065451 0
0.140815 0
0.033475 0
0.445801 0
0.471405 0
0.081735 0
0.066595 0
0.417801 0
0.083583 0
0.124858 0
1.173862 0
0.090971 0
0.308845 0
0.527956 0
1.266526 0
0.631504 0
0.286178 0
0.295730 0
1.338810 0
0.118516 0
0.836469 0
0.654518 0
0.481864 0
0.916917 0
1.329274 0
0.099899 0
0.030923 0
0.307661 0
0.867210 0
0.419079 0
0.100416 0
0.261785 0
0.254521 0
0.377941 0
0.355601 0
0.170855 0
0.889117 0
0.032735 0
0.409852 0
1.073905 0
0.195327 0
0.648088 0
0.613578 0
0.122472 0
0.199986 0
1.508499 0
0.584582 0
0.179397 0
0.872240 0
0.062351 0
0.066495 0
0.227345 0
0.225584 0
0.192479 0
0.590161 0
0.030829 0
0.197594 0
1.548640 0
0.520401 0
0.185754 0
0.512227 0
0.072670 0
0.070261 0
0.516197 0
0.235612 0
0.562642 0
0.158605 0
1.011341 0
1.260174 0
0.755051 0
0.166649 0
0.839445 0
0.563436 0
1.377143 0
0.143634 0
0.190471 0
0.118162 0
0.411634 0
0.694157 0
1.084274 0
0.233508 0
0.983762 0
0.167512 0
1.072351 0
0.189102 0
0.019067 0
0.765595 0
1.601308 0
0.273631 0
1.324030 0
0.180775 0
0.306091 0
0.409203 0
0.027519 0
0.134075 0
0.471043 0
0.203217 0
0.375742 0
1.050370 0
0.078554 0
0.415798 0
1.453705 0
0.101637 0
0.422132 0
0.283554 0
0.022730 0
1.382160 0
0.057287 0
0.294954 0
0.116541 0
0.579851 0
0.060155 0
0.081857 0
0.615724 0
0.793826 0
0.009651 0
1.144714 0
0.624323 0
0.488387 0
0.029711 0
0.031790 0
0.469500 0
0.006002 0
0.334432 0
0.231857 0
0.475641 0
0.802085 0
0.771387 0
0.847035 0
1.110942 0
0.043855 0
0.344795 0
0.917752 0
0.410407 0
0.308028 0
0.490354 0
0.358622 0
0.171864 0
0.534422 0
0.566477 0
0.122509 0
0.102499 0
0.135891 0
0.596436 0
0.809126 0
0.052595 0
0.363171 0
0.070351 0
0.317448 0
0.741589 0
0.130530 0
0.011680 0
0.481409 0
0.070652 0
0.116246 0
0.820873 0
0.605660 0
0.084692 0
0.796159 0
1.090735 0
0.695466 0
0.506121 0
0.182160 0
0.030652 0
0.602203 0
1.081074 0
0.873001 0
0.106576 0
0.318468 0
0.680497 0
0.028322 0
0.980367 0
0.316061 0
0.265501 0
0.596280 0
0.104707 0
0.556886 0
0.084680 0
0.222028 0
1.045201 0
0.333708 0
0.642783 0
0.256253 0
0.367326 0
1.449801 0
0.290900 0
1.357855 0
0.002643 0
0.433643 0
0.217883 0
0.560616 0
0.025608 0
0.102094 0
0.048417 0
1.662921 0
0.494580 0
0.913608 0
0.040172 0
0.248658 0
0.741647 0
0.083168 0
0.520159 0
0.531526 0
0.130751 0
0.613490 0
0.211823 0
0.175775 0
0.163196 0
0.073337 0
1.177958 0
0.196984 0
0.272134 0
0.094747 0
0.613964 0
0.029046 0
1.362411 0
0.062929 0
0.137129 0
0.463214 0
0.626565 0
0.300040 0
1.417396 0
0.286296 0
0.726927 0
1.385619 0
0.263634 0
0.097705 0
0.390638 0
0.556556 0
0.158961 0
0.477293 0
0.375920 0
0.339188 0
0.092429 0
0.180039 0
0.145837 0
0.057788 0
0.243228 0
0.022400 0
0.129360 0
0.485042 0
0.114880 0
0.412337 0
0.088732 0
0.195489 0
0.887661 0
0.012482 0
0.069841 0
0.502456 0
0.287325 0
0.188297 0
0.534504 0
0.855405 0
0.002260 0
0.888574 0
1.081521 0
0.004077 0
0.326913 0
0.106091 0
0.153524 0
0.255341 0
0.334761 0
0.578932 0
0.405014 0
0.966647 0
0.905725 0
0.655928 0
0.087084 0
0.278590 0
1.169774 0
0.594570 0
1.306393 0
0.303441 0
0.966148 0
0.235381 0
0.022739 0
0.569365 0
0.106635 0
0.189360 0
0.149722 0
0.253984 0
0.190554 0
0.407728 0
0.026601 0
0.623315 0
0.890310 0
0.461597 0
0.432738 0
0.821545 0
0.544235 0
0.062872 0
1.381147 0
0.179461 0
1.009547 0
0.427233 0
0.247295 0
0.046352 0
0.711721 0
1.449332 0
0.442361 0
0.014860 0
0.791639 0
1.457372 0
2.082176 0
0.569138 0
0.113732 0
0.314411 0
0.089713 0
0.014480 0
0.157182 0
0.358232 0
0.194297 0
0.081350 0
0.128204 0
0.114523 0
0.266059 0
0.198157 0
0.305635 0
1.379966 0
0.161825 0
1.132187 0
0.429918 0
0.081036 0
0.129954 0
0.618931 0
0.444506 0
1.174418 0
0.217211 0
0.094951 0
0.939653 0
0.489446 0
1.158933 0
0.707549 0
1.027427 0
0.961073 0
0.458255 0
0.497311 0
0.251819 0
1.290505 0
0.711039 0
0.201822 0
0.074283 0
0.508366 0
0.559197 0
0.156817 0
0.399565 0
0.604721 0
0.391701 0
0.805971 0
0.015226 0
0.145569 0
1.236862 0
0.218311 0
0.824045 0
0.504128 0
0.695473 0
0.027085 0
0.823588 0
0.285643 0
0.594965 0
0.108245 0
0.091213 0
0.016945 0
0.467053 0
0.310695 0
0.809793 0
0.328696 0
0.559815 0
0.199648 0
0.063559 0
0.990381 0
0.074804 0
0.116374 0
0.942783 0
0.551351 0
0.537526 0
0.545901 0
0.077142 0
0.096501 0
0.646538 0
0.230831 0
0.235970 0
0.124398 0
0.354565 0
0.243201 0
0.297477 0
0.074378 0
0.100015 0
1.120273 0
0.401445 0
0.430277 0
1.834324 0
0.298945 0
0.154215 0
0.302232 0
0.150366 0
1.047192 0
0.551562 0
0.243572 0
0.664817 0
0.191859 0
0.109864 0
1.575492 0
0.145078 0
1.255149 0
0.636977 0
0.164171 0
1.080083 0
1.134811 0
0.257826 0
0.567072 0
0.978876 0
0.106388 0
0.699207 0
0.169779 0
0.451133 0
0.045587 0
0.047647 0
0.936028 0
0.014173 0
0.439783 0
0.350309 0
0.048053 0
0.009996 0
0.242376 0
0.704957 0
0.065164 0
0.900559 0
0.802949 0
0.602213 0
0.421710 0
0.041572 0
0.026542 0
1.097247 0
0.096728 0
0.029562 0
0.065932 0
0.931185 0
0.123115 0
1.432986 0
0.226936 0
0.498075 0
0.158005 0
1.553583 0
0.059656 0
0.887405 0
0.479979 0
1.074282 0
0.635851 0
0.120261 0
1.301696 0
0.033442 0
0.128204 0
0.313294 0
0.081752 0
0.022177 0
0.498608 0
0.457919 0
0.062735 0
0.124180 0
0.397346 0
0.038326 0
1.493702 0
0.024073 0
0.309553 0
0.261999 0
0.058690 0
0.516850 0
0.311850 0
0.276593 0
1.460708 0
0.438992 0
0.083786 0
2.120073 0
0.152584 0
0.004244 0
0.721666 0
0.596631 0
0.287540 0
1.884088 0
1.276709 0
1.656346 0
0.605720 0
0.921210 0
0.081125 0
0.141881 0
1.466431 0
0.147502 0
0.572725 0
0.137161 0
0.329723 0
1.759560 0
0.200120 0
0.223332 0
0.233884 0
0.178952 0
0.138751 0
0.520733 0
0.888717 0
0.741584 0
0.122335 0
0.946905 0
1.123850 0
0.413523 0
0.798764 0
1.338203 0
0.171108 0
1.438843 0
0.133988 0
1.378793 0
0.392495 0
0.888715 0
0.108617 0
0.356343 0
0.642865 0
1.039962 0
0.195421 0
0.318149 0
0.374312 0
0.033148 0
0.501422 0
0.538563 0
0.404984 0
0.396506 0
0.104929 0
0.158042 0
0.012958 0
0.190089 0
0.495169 0
0.674725 0
0.805600 0
0.190270 0
0.078458 0
0.117550 0
0.173352 0
0.030474 0
0.309840 0
0.154887 0
0.034821 0
1.138311 0
0.683158 0
1.853996 0
0.012871 0
0.310170 0
0.156523 0
0.849727 0
0.101756 0
0.021430 0
1.145269 0
0.402838 0
0.238261 0
0.075804 0
0.170887 0
0.344708 0
0.733226 0
0.360582 0
0.072858 0
1.498719 0
0.506957 0
1.417223 0
1.584335 0
0.058507 0
0.710541 0
0.356950 0
0.273247 0
0.171660 0
0.183797 0
0.228511 0
0.226129 0
0.231208 0
0.300355 0
0.067974 0
0.214172 0
0.022396 0
0.432373 0
1.048820 0
0.022878 0
1.617082 0
1.396219 0
1.738788 0
0.601059 0
1.516556 0
0.811047 0
0.130831 0
0.931296 0
0.203156 0
0.357972 0
0.072084 0
0.492203 0
0.127586 0
0.101874 0
0.222050 0
0.277550 0
0.545042 0
0.121675 0
0.598076 0
0.287801 0
1.070209 0
0.142662 0
1.249958 0
0.178153 0
0.188072 0
0.293121 0
0.455503 0
0.494773 0
0.100874 0
0.347441 0
0.238245 0
0.298228 0
0.391093 0
1.417946 0
0.312028 0
0.071511 0
0.105425 0
0.426601 0
0.648052 0
0.404357 0
0.611372 0
0.395347 0
0.234257 0
1.557206 0
0.115482 0
0.688009 0
0.020368 0
0.147406 0
0.769175 0
1.530514 0
0.180715 0
0.881362 0
1.940032 0
0.684151 0
1.144466 0
1.386280 0
0.033888 0
1.920501 0
0.459801 0
0.402068 0
0.315975 0
0.634488 0
0.140760 0
0.182369 0
0.594043 0
1.556269 0
0.527858 0
0.102901 0
0.756715 0
0.053174 0
0.171309 0
0.316262 0
0.873218 0
0.116433 0
0.158584 0
0.313957 0
0.939531 0
0.324568 0
0.769107 0
0.538148 0
0.227923 0
0.005819 0
0.016153 0
0.636078 0
0.754830 0
0.180505 0
0.754488 0
0.939929 0
1.149989 0
0.324155 0
0.453516 0
0.468205 0
0.057440 0
0.122315 0
0.147458 0
0.178073 0
1.284315 0
0.137914 0
0.403449 0
0.223183 0
0.355815 0
0.877814 0
0.593422 0
0.085138 0
0.081976 0
0.322958 0
0.109040 0
0.074759 0
0.426365 0
0.401874 0
0.957162 0
0.107230 0
0.079141 0
0.626891 0
0.066962 0
1.311879 0
1.544228 0
0.578497 0
0.051004 0
0.564618 0
0.195694 0
0.024119 0
0.206203 0
0.128231 0
1.368141 0
1.437515 0
0.123029 0
0.705928 0
0.177293 0
0.758700 0
0.179521 0
0.681419 0
0.027023 0
0.026297 0
0.242338 0
0.637559 0
0.386018 0
0.324610 0
0.348373 0
0.754026 0
0.069462 0
0.777136 0
1.402113 0
0.131800 0
1.852984 0
0.602565 0
0.054257 0
0.133189 0
0.687911 0
0.315007 0
0.024647 0
0.644550 0
1.335903 0
1.282429 0
0.022666 0
0.317893 0
0.493574 0
0.630163 0
1.040390 0
0.545923 0
0.133022 0
0.249089 0
1.707640 0
1.192121 0
0.610568 0
0.129871 0
0.576477 0
0.301798 0
0.294122 0
0.961968 0
0.216104 0
0.115101 0
0.670867 0
0.406641 0
0.095433 0
0.439468 0
0.677544 0
0.348791 0
0.074613 0
0.088082 0
0.267994 0
0.320447 0
1.617423 0
0.164208 0
1.444373 0
0.173707 0
0.306673 0
0.050512 0
0.740385 0
0.473103 0
1.175813 0
0.174267 0
0.156014 0
0.720611 0
0.243904 0
1.060450 0
0.282705 0
0.335102 0
0.158400 0
0.386231 0
0.146123 0
1.474568 0
0.180295 0
0.556984 0
0.364846 0
0.481480 0
1.248722 0
0.067266 0
0.865043 0
0.306631 0
0.865997 0
0.597555 0
0.077056 0
0.423420 0
1.028456 0
0.464793 0
1.399781 0
0.142532 0
1.037324 0
0.399952 0
0.053220 0
1.395536 0
0.066220 0
0.730230 0
0.160523 0
0.279216 0
0.256197 0
0.034721 0
0.223321 0
0.032425 0
0.062509 0
0.200647 0
0.485553 0
0.446997 0
1.213695 0
1.399068 0
0.571691 0
0.092722 0
0.619795 0
0.429132 0
0.744088 0
0.639350 0
1.591130 0
0.833239 0
0.867702 0
1.842072 0
1.489733 0
0.024294 0
0.819666 0
0.227755 0
0.014218 0
0.794810 0
0.014179 0
0.871614 0
0.710211 0
0.040165 0
0.057024 0
0.309250 0
0.147495 0
1.205217 0
0.440553 0
0.590030 0
0.035576 0
0.023981 0
0.259103 0
0.158821 0
0.603047 0
0.532087 0
0.375620 0
0.374733 0
0.468419 0
0.966309 0
1.728199 0
0.644830 0
0.049159 0
0.252634 0
0.640312 0
1.351610 0
0.826718 0
0.776225 0
0.483148 0
0.108209 0
0.218072 0
0.035312 0
0.688596 0
0.012863 0
0.385935 0
0.058485 0
0.793388 0
0.061829 0
1.241852 0
0.891018 0
0.003441 0
0.706106 0
0.141714 0
0.820460 0
1.095957 0
0.189032 0
0.066104 0
0.416900 0
0.137664 0
0.304208 0
0.164454 0
0.230529 0
0.107815 0
1.618140 0
0.040766 0
0.854098 0
1.327287 0
0.051480 0
0.504755 0
0.595785 0
0.050330 0
0.113062 0
0.010471 0
0.765054 0
1.402377 0
0.096568 0
1.122680 0
0.222822 0
0.057347 0
0.166662 0
0.369312 0
0.141028 0
0.581820 0
0.341159 0
0.457059 0
0.340491 0
0.743258 0
0.818604 0
0.179176 0
1.514043 0
0.995679 0
1.403210 0
0.895022 0
0.028946 0
0.131883 0
0.078111 0
1.483516 0
0.398856 0
0.790798 0
0.417566 0
1.633798 0
0.089901 0
0.717364 0
0.039474 0
0.125095 0
0.651971 0
0.696648 0
0.532252 0
0.295731 0
0.203445 0
0.109956 0
1.734493 0
0.192613 0
1.275435 0
0.023749 0
0.358504 0
0.230541 0
0.338710 0
0.071109 0
0.169385 0
0.310954 0
0.429479 0
0.180549 0
0.266056 0
0.584759 0
0.285238 0
0.182796 0
0.085317 0
0.364696 0
0.795198 0
0.805418 0
0.329702 0
0.156613 0
0.068422 0
0.402050 0
0.861846 0
0.183088 0
0.226068 0
0.384976 0
0.743538 0
0.640761 0
0.259712 0
0.759789 0
1.281910 0
0.885095 0
0.463786 0
0.114516 0
0.150975 0
0.223738 0
1.490326 0
1.168226 0
0.685840 0
0.120037 0
0.744575 0
0.089392 0
0.044046 0
0.159212 0
0.570007 0
1.114996 0
0.051113 0
0.215800 0
0.977522 0
1.476467 0
0.065786 0
0.158067 0
0.177030 0
0.166881 0
0.296889 0
0.173528 0
0.087225 0
0.683472 0
1.120607 0
0.370507 0
0.698609 0
0.240253 0
0.766542 0
0.611860 0
0.368958 0
0.327772 0
0.117264 0
0.020871 0
1.398987 0
0.542454 0
0.081694 0
0.171168 0
0.673002 0
0.010170 0
0.019594 0
1.530825 0
0.302473 0
1.108267 0
0.309062 0
0.435232 0
0.970559 0
0.054606 0
0.069992 0
0.013107 0
0.180206 0
0.115817 0
0.161851 0
0.027195 0
0.602634 0
0.078072 0
0.569074 0
0.480908 0
0.324498 0
0.528692 0
0.108562 0
0.220819 0
0.415962 0
1.364696 0
0.313450 0
0.530579 0
0.258977 0
0.171634 0
0.313405 0
0.074361 0
0.032400 0
1.181497 0
0.390341 0
0.227850 0
0.019817 0
0.453705 0
0.267407 0
0.456652 0
0.055562 0
1.394140 0
0.079762 0
0.594655 0
0.076141 0
1.690134 0
0.851221 0
0.554264 0
0.553158 0
0.749690 0
0.409225 0
1.355729 0
0.008954 0
0.227136 0
0.087444 0
0.331451 0
0.439260 0
0.051023 0
0.238578 0
0.799687 0
0.358384 0
0.414816 0
0.434235 0
1.382449 0
0.193920 0
0.431994 0
0.100170 0
0.781310 0
0.176791 0
0.332907 0
0.455129 0
0.898137 0
1.052781 0
0.629126 0
1.101526 0
0.858841 0
0.214101 0
0.482255 0
0.198753 0
0.034266 0
0.279634 0
0.362457 0
0.973790 0
0.300675 0
0.904237 0
0.194643 0
0.515530 0
0.938251 0
0.075000 0
1.705623 0
0.498431 0
0.582098 0
0.826974 0
0.104487 0
0.192001 0
0.361269 0
1.090660 0
0.263684 0
0.449401 0
0.309727 0
0.673152 0
0.097927 0
0.070934 0
0.211572 0
1.676324 0
0.377907 0
0.182849 0
0.015515 0
0.937448 0
0.553403 0
0.154838 0
0.096657 0
1.407990 0
0.328242 0
0.748931 0
0.085985 0
0.071922 0
0.511311 0
0.650799 0
0.248023 0
0.270259 0
0.322800 0
0.951545 0
0.663840 0
0.379182 0
0.855541 0
0.336976 0
0.434125 0
0.340399 0
0.074599 0
0.154506 0
0.272291 0
0.048701 0
0.531836 0
0.067948 0
0.177420 0
0.386372 0
1.112733 0
0.183426 0
0.007687 0
0.585839 0
0.367561 0
0.714777 0
0.078805 0
0.381686 0
0.517165 0
0.406438 0
0.143753 0
0.099232 0
0.345246 0
0.248083 0
1.664396 0
0.236371 0
0.130669 0
1.167567 0
0.034333 0
0.490341 0
0.180984 0
0.739710 0
0.444213 0
0.016957 0
0.375314 0
0.346725 0
0.237919 0
0.786421 0
0.701222 0
0.805256 0
0.607564 0
1.489579 0
0.393989 0
0.188854 0
0.195342 0
0.444129 0
0.071169 0
1.187956 0
0.218278 0
0.908785 0
0.561114 0
0.023383 0
1.186047 0
0.267468 0
0.658560 0
0.526876 0
1.461116 0
0.711588 0
0.439646 0
0.346594 0
1.403461 0
0.054656 0
0.327918 0
0.486373 0
0.585674 0
1.142787 0
1.434045 0
0.266233 0
0.549384 0
0.139382 0
0.126329 0
0.551297 0
0.451336 0
0.149404 0
0.215554 0
1.493224 0
0.514394 0
0.157847 0
0.321389 0
0.546167 0
0.267201 0
0.867865 0
0.393015 0
0.502350 0
0.699247 0
0.075466 0
0.184499 0
0.700035 0
1.006715 0
0.223421 0
0.160581 0
0.060024 0
0.477056 0
1.369658 0
0.228853 0
0.379484 0
0.019927 0
0.235988 0
0.045217 0
0.952971 0
0.018057 0
0.213133 0
0.735577 0
0.544833 0
0.699104 0
1.400522 0
0.966453 0
0.175488 0
0.289978 0
0.353726 0
1.024060 0
0.289002 0
0.223269 0
0.150728 0
0.232875 0
0.954966 0
0.235835 0
0.381621 0
1.030030 0
0.920628 0
0.207985 0
0.738009 0
0.511708 0
0.932263 0
1.242383 0
0.013567 0
0.891558 0
0.127483 0
0.241124 0
0.410781 0
0.248507 0
0.322702 0
0.672881 0
1.244115 0
0.675913 0
0.138427 0
0.619845 0
0.070119 0
0.049334 0
0.393090 0
0.763982 0
0.703654 0
0.276127 0
0.864163 0
0.086302 0
0.316211 0
0.188851 0
0.253004 0
0.120790 0
0.955730 0
0.408418 0
0.581066 0
0.123815 0
0.578938 0
0.041973 0
0.021141 0
1.479812 0
0.019479 0
0.228348 0
0.695063 0
0.915372 0
0.326407 0
0.364562 0
0.461106 0
0.701888 0
0.596731 0
1.524874 0
0.146864 0
1.292205 0
0.407534 0
1.328444 0
0.442530 0
0.123456 0
0.116349 0
1.015954 0
0.188252 0
0.627089 0
0.367947 0
0.546708 0
0.563122 0
0.113125 0
0.513853 0
0.264343 0
0.033080 0
0.437150 0
0.677291 0
0.193583 0
0.083303 0
0.299782 0
0.047881 0
0.202971 0
1.288233 0
0.300891 0
1.517458 0
0.485308 0
0.178992 0
0.596743 0
0.175150 0
0.962695 0
0.648680 0
0.894707 0
0.271361 0
1.169643 0
0.462429 0
0.121629 0
0.027817 0
0.171954 0
0.088126 0
0.364195 0
0.222656 0
0.020658 0
0.190907 0
0.313258 0
0.061114 0
1.668005 0
0.720091 0
0.281519 0
0.798638 0
0.454548 0
0.055438 0
0.096547 0
0.684300 0
0.043142 0
0.239049 0
1.436779 0
0.435311 0
1.345777 0
0.937171 0
0.988102 0
0.990152 0
0.329597 0
0.047651 0
1.260327 0
1.541712 0
0.705109 0
0.834073 0
0.122254 0
0.261142 0
1.238224 0
1.164276 0
0.211726 0
0.473136 0
0.152274 0
0.023732 0
0.297363 0
0.026081 0
0.469542 0
0.700586 0
0.014191 0
0.336271 0
0.471744 0
0.069350 0
0.513038 0
0.081819 0
0.185207 0
0.290419 0
1.173775 0
1.137392 0
0.013821 0
0.519155 0
0.162090 0
0.027138 0
0.015860 0
0.349252 0
0.326776 0
0.124452 0
0.370167 0
0.114450 0
0.011560 0
0.047680 0
0.175835 0
0.330530 0
0.207052 0
0.308971 0
0.004779 0
0.025462 0
0.345256 0
0.322286 0
0.740741 0
0.723314 0
0.895555 0
0.332695 0
0.120722 0
0.278979 0
1.368614 0
0.873101 0
0.138188 0
1.377853 0
0.275550 0
0.725551 0
1.635390 0
0.150876 0
1.038757 0
0.369973 0
1.259233 0
0.337436 0
1.752988 0
1.076590 0
0.874228 0
1.221971 0
0.164788 0
0.864659 0
0.244088 0
0.134093 0
0.182902 0
0.415741 0
0.261897 0
1.144475 0
0.685643 0
0.852089 0
0.393397 0
0.358868 0
1.124837 0
1.302446 0
0.447752 0
0.070831 0
0.032799 0
0.213003 0
0.424233 0
0.230449 0
0.809848 0
0.419026 0
1.416874 0
0.603479 0
0.043657 0
1.238002 0
0.389162 0
0.164378 0
1.303273 0
0.071874 0
0.049832 0
0.642563 0
0.017306 0
0.443154 0
0.398243 0
1.323222 0
0.482965 0
1.379073 0
0.167025 0
0.180259 0
0.935455 0
0.475516 0
0.028666 0
0.001759 0
0.156763 0
0.079894 0
0.544676 0
0.225207 0
0.079185 0
1.052934 0
0.399419 0
0.782282 0
0.151931 0
0.953546 0
1.042388 0
1.433893 0
0.451095 0
0.028262 0
0.105661 0
0.994350 0
0.161210 0
0.195720 0
0.050139 0
0.093617 0
0.127320 0
0.131026 0
0.171425 0
0.028750 0
1.368994 0
0.217602 0
0.673961 0
0.863247 0
0.646300 0
0.166832 0
1.038744 0
0.154380 0
0.717258 0
0.610568 0
0.364104 0
0.696940 0
0.244723 0
0.311436 0
0.301229 0
0.244968 0
0.264702 0
0.078415 0
0.229073 0
0.681634 0
0.402850 0
0.159238 0
0.951309 0
1.480638 0
0.428552 0
0.154358 0
0.329980 0
0.219169 0
0.097045 0
1.488157 0
0.763940 0
0.414775 0
0.007476 0
0.099492 0
0.215378 0
1.128319 0
0.307874 0
0.807690 0
1.527881 0
0.151159 0
0.054047 0
0.749221 0
0.327315 0
0.578877 0
0.339136 0
0.185610 0
0.191384 0
0.139998 0
0.410498 0
0.476752 0
0.263185 0
1.265120 0
0.639948 0
1.109168 0
0.217018 0
0.342627 0
0.065133 0
0.047061 0
0.152025 0
0.317482 0
0.455791 0
0.036685 0
0.323018 0
0.093698 0
0.285627 0
0.361914 0
0.883585 0
0.709603 0
0.213764 0
0.112860 0
1.699319 0
0.320168 0
0.341045 0
0.848753 0
0.048168 0
0.500333 0
1.470259 0
1.074798 0
0.168264 0
0.267627 0
0.035039 0
0.237097 0
0.104835 0
0.728281 0
0.674142 0
0.383246 0
0.059706 0
0.442690 0
0.118640 0
0.217713 0
0.125222 0
0.490188 0
0.793927 0
0.256038 0
0.230569 0
1.475104 0
0.305608 0
0.905810 0
0.666346 0
0.315227 0
0.630047 0
0.132341 0
0.990082 0
0.171651 0
1.053762 0
1.659792 0
0.151721 0
0.605293 0
0.257724 0
0.447115 0
0.258862 0
0.269226 0
0.528252 0
0.819071 0
