0.187823 0
1.256436 0
0.827388 0
1.341608 0
1.041630 0
0.194322 0
0.636549 0
0.259266 0
0.776282 0
1.490700 0
0.310241 0
0.064249 0
0.335144 0
0.271026 0
0.345867 0
0.257734 0
0.158093 0
1.465188 0
0.136477 0
0.176666 0
0.044554 0
0.243454 0
0.442365 0
0.952669 0
0.184822 0
0.990776 0
0.182349 0
0.027069 0
0.452948 0
0.038383 0
0.092895 0
0.050970 0
1.346349 0
0.158566 0
0.145333 0
0.466155 0
0.083573 0
0.078484 0
0.867066 0
0.536991 0
0.669267 0
0.281392 0
0.636696 0
0.800542 0
0.007307 0
0.131145 0
0.686475 0
0.117821 0
0.861581 0
0.075828 0
0.442813 0
0.022460 0
0.571763 0
0.446528 0
1.131383 0
0.100778 0
0.504426 0
1.463194 0
0.046391 0
0.300640 0
0.015133 0
0.274839 0
0.404004 0
0.160218 0
0.350536 0
0.562634 0
0.843327 0
0.119090 0
0.286712 0
0.252883 0
0.543405 0
0.119411 0
0.379402 0
0.030239 0
0.526395 0
0.011544 0
0.102166 0
0.552966 0
1.380754 0
0.234560 0
0.889243 0
0.777788 0
0.349948 0
0.652264 0
0.024635 0
0.154508 0
0.233752 0
0.439486 0
0.096415 0
0.070141 0
0.451817 0
0.117996 0
0.114028 0
0.839816 0
1.728939 0
0.391421 0
0.587096 0
0.076026 0
1.995875 0
0.194811 0
0.114643 0
0.563214 0
0.510668 0
0.024219 0
0.285909 0
0.426601 0
0.181019 0
0.545377 0
0.625027 0
0.023031 0
0.290919 0
0.402920 0
0.249050 0
0.044005 0
1.267641 0
0.663993 0
0.741540 0
0.722058 0
0.642999 0
0.936736 0
0.457856 0
0.081987 0
1.238946 0
0.581148 0
0.197496 0
0.049649 0
0.247144 0
0.419038 0
0.701196 0
0.664687 0
0.565854 0
0.671805 0
0.324389 0
0.066282 0
0.360769 0
1.530930 0
0.702818 0
0.129499 0
0.233998 0
0.044937 0
0.013492 0
0.227409 0
0.320653 0
0.039917 0
0.613693 0
0.123046 0
1.367693 0
0.802582 0
0.532709 0
0.113044 0
0.544201 0
1.534604 0
1.070470 0
0.115273 0
0.255430 0
1.348771 0
0.826317 0
1.379137 0
0.879046 0
0.108562 0
0.223355 0
0.503362 0
0.280665 0
0.070075 0
0.307469 0
0.498996 0
0.973795 0
0.544989 0
0.014753 0
0.922151 0
1.086217 0
0.179574 0
0.374520 0
0.718466 0
0.291086 0
1.055154 0
1.288354 0
1.365784 0
1.199916 0
0.934036 0
0.176261 0
0.054628 0
0.196419 0
0.630163 0
1.381650 0
0.081942 0
0.050548 0
0.882697 0
0.342608 0
0.546214 0
0.031996 0
0.186137 0
0.211551 0
0.339023 0
0.670776 0
0.082025 0
0.028051 0
0.104661 0
0.531702 0
0.057648 0
0.633566 0
0.976749 0
0.387786 0
0.550285 0
0.447302 0
1.477293 0
0.074308 0
0.619846 0
0.188046 0
1.110982 0
0.277765 0
0.939567 0
1.172668 0
0.057798 0
0.140540 0
0.496897 0
1.368741 0
0.067841 0
0.698086 0
0.042006 0
0.812756 0
0.359783 0
0.531643 0
0.362447 0
0.327249 0
0.747446 0
0.240230 0
0.204385 0
1.103523 0
0.015312 0
0.711489 0
0.517234 0
1.576125 0
0.198254 0
0.197275 0
0.613454 0
0.046977 0
0.440083 0
0.411521 0
0.020147 0
0.783676 0
0.130360 0
0.125847 0
0.080552 0
0.579247 0
0.216504 0
0.203136 0
0.054196 0
0.645644 0
0.582818 0
1.448411 0
0.655350 0
0.232107 0
0.853618 0
0.250022 0
0.859520 0
0.295660 0
0.271174 0
0.672345 0
0.464722 0
0.802938 0
0.310024 0
0.071082 0
0.769171 0
0.139253 0
0.185224 0
0.827423 0
0.149049 0
0.317349 0
1.409152 0
0.713364 0
0.174446 0
0.681901 0
0.070224 0
0.079363 0
0.036333 0
0.620656 0
0.327377 0
0.416363 0
0.826471 0
0.718889 0
0.230204 0
0.108972 0
0.363403 0
0.911336 0
0.194823 0
0.445771 0
0.244605 0
0.400585 0
1.039966 0
0.106186 0
0.677653 0
0.029476 0
1.020728 0
1.690796 0
0.254033 0
0.334532 0
0.164601 0
0.704083 0
0.318137 0
0.257651 0
0.295059 0
0.409665 0
0.052007 0
0.863240 0
0.182143 0
0.160762 0
0.117392 0
0.245231 0
0.956177 0
0.294528 0
0.268413 0
0.135767 0
1.031620 0
0.171167 0
0.224598 0
1.167456 0
1.794223 0
0.147672 0
0.643358 0
0.894107 0
0.820310 0
0.034188 0
0.451358 0
0.021040 0
1.097975 0
0.328058 0
0.644946 0
0.238310 0
1.633447 0
0.968756 0
0.393794 0
0.387009 0
0.432855 0
0.167870 0
0.282577 0
0.625409 0
0.304245 0
0.043950 0
0.076459 0
0.289488 0
0.007543 0
0.199169 0
0.347291 0
1.681471 0
0.242206 0
0.804412 0
0.394017 0
0.046610 0
0.153955 0
0.083290 0
0.364148 0
0.087785 0
0.083690 0
0.991543 0
0.297809 0
1.311503 0
1.010017 0
0.106491 0
0.229179 0
0.333421 0
0.391996 0
1.191760 0
0.658022 0
0.318132 0
0.625742 0
0.885018 0
0.318871 0
0.030886 0
0.211142 0
0.360233 0
0.114037 0
0.683806 0
0.290238 0
0.724502 0
0.945679 0
0.345202 0
0.256970 0
0.079011 0
1.429397 0
0.552263 0
0.014483 0
0.138225 0
0.083298 0
0.062140 0
0.038491 0
0.504131 0
0.026421 0
0.673328 0
1.371069 0
0.322789 0
0.369347 0
0.872258 0
0.392678 0
0.290766 0
0.219388 0
0.730677 0
0.966597 0
0.389053 0
0.637755 0
0.388957 0
1.433228 0
0.718172 0
0.097808 0
0.933635 0
0.132091 0
0.112358 0
1.404601 0
0.721679 0
0.164414 0
1.041076 0
0.039726 0
0.050519 0
0.344610 0
0.823437 0
0.092254 0
1.084731 0
0.421156 0
0.693095 0
0.353718 0
1.019944 0
0.127106 0
0.384287 0
0.659516 0
0.533749 0
2.153490 0
0.271328 0
0.245101 0
0.634464 0
0.026475 0
0.456409 0
0.228191 0
0.433046 0
0.168211 0
0.391756 0
1.641722 0
0.155044 0
0.178124 0
0.356610 0
1.400880 0
0.601194 0
0.239356 0
0.259917 0
0.158760 0
1.294479 0
0.265142 0
1.057449 0
0.184444 0
0.515449 0
0.389578 0
0.152294 0
0.581298 0
0.042948 0
0.699245 0
0.643698 0
0.186112 0
0.182426 0
0.036417 0
0.726402 0
0.141935 0
0.292904 0
0.408774 0
0.530241 0
0.176968 0
0.590898 0
0.230780 0
1.269216 0
0.331150 0
0.489478 0
0.198738 0
0.238677 0
1.048093 0
0.137365 0
0.254720 0
0.442652 0
0.114851 0
0.654996 0
0.236714 0
0.220190 0
0.408787 0
0.183875 0
1.294498 0
0.311965 0
0.273952 0
0.494601 0
0.302319 0
0.652103 0
0.086630 0
0.158721 0
0.258479 0
0.094074 0
0.231690 0
1.132592 0
0.338075 0
0.887179 0
0.124986 0
0.365223 0
0.237471 0
0.069946 0
1.449921 0
0.104484 0
0.007020 0
1.295766 0
0.237185 0
0.231022 0
0.121645 0
0.268708 0
0.181385 0
0.391211 0
0.902746 0
0.020426 0
0.610931 0
0.439845 0
0.227607 0
0.051781 0
0.627826 0
0.289282 0
0.361327 0
0.339350 0
0.372072 0
0.123611 0
0.576718 0
0.287044 0
0.155930 0
0.287142 0
0.492085 0
0.852555 0
0.124985 0
1.306265 0
0.592152 0
0.709711 0
0.323247 0
0.413275 0
0.131742 0
0.850896 0
1.447185 0
0.812238 0
1.397309 0
0.670214 0
0.166486 0
0.422513 0
0.349183 0
0.624624 0
1.472999 0
0.092493 0
0.174196 0
0.117194 0
0.224543 0
0.851319 0
0.140652 0
0.050053 0
0.026575 0
0.387966 0
0.784078 0
0.193311 0
0.449911 0
0.571127 0
0.657209 0
0.424914 0
0.044311 0
1.183411 0
2.181209 0
0.222677 0
0.772743 0
0.436554 0
0.401390 0
1.515256 0
0.782496 0
0.400682 0
0.294306 0
0.744190 0
0.063599 0
0.053647 0
0.077424 0
0.066645 0
0.277176 0
0.705880 0
0.619286 0
0.211714 0
0.350439 0
0.311191 0
0.575448 0
0.396269 0
0.036900 0
0.571322 0
0.116620 0
1.017434 0
0.538633 0
0.768435 0
1.088015 0
0.083586 0
1.020755 0
0.125645 0
0.537347 0
0.612698 0
0.870895 0
0.204276 0
0.215103 0
0.003521 0
1.513803 0
0.551382 0
0.303024 0
0.406217 0
0.512095 0
0.770768 0
1.411933 0
0.627784 0
0.620580 0
0.185712 0
0.323774 0
0.092769 0
0.490561 0
1.385539 0
0.292238 0
0.186825 0
0.012554 0
1.422285 0
1.136681 0
0.070304 0
0.200290 0
0.256544 0
0.278417 0
0.505230 0
0.255453 0
0.848855 0
0.069191 0
0.231685 0
0.099812 0
0.175643 0
0.077948 0
0.065027 0
0.639872 0
0.429129 0
0.072392 0
0.051900 0
0.065649 0
0.033944 0
0.007972 0
0.210997 0
0.518158 0
0.694365 0
0.041733 0
0.058372 0
0.824599 0
0.387371 0
1.099387 0
0.240214 0
0.492222 0
0.137883 0
0.598490 0
0.314929 0
0.027137 0
0.043458 0
0.036911 0
0.198511 0
0.985104 0
0.220424 0
0.160999 0
1.118950 0
0.557407 0
1.438880 0
0.560318 0
2.386327 0
0.250448 0
0.264637 0
0.117680 0
0.952176 0
0.057851 0
1.225084 0
0.467738 0
0.785500 0
0.259660 0
0.485880 0
0.049950 0
0.228967 0
0.216690 0
0.203630 0
0.055131 0
0.489278 0
0.078318 0
0.455443 0
0.566876 0
1.549656 0
1.911268 0
1.718143 0
0.318925 0
1.248494 0
0.082192 0
0.217744 0
0.007043 0
0.578058 0
1.103658 0
0.285180 0
0.293172 0
0.927116 0
0.048220 0
0.299770 0
1.147586 0
0.185454 0
0.365905 0
0.666544 0
1.380048 0
0.364210 0
0.114211 0
0.773489 0
1.438676 0
0.236666 0
0.473416 0
0.237087 0
0.552309 0
0.174962 0
0.328902 0
0.337323 0
0.299518 0
0.238103 0
0.286465 0
0.237333 0
0.290515 0
0.147783 0
0.287897 0
0.367422 0
1.113997 0
1.441440 0
0.026618 0
0.247419 0
0.447180 0
0.034679 0
1.076275 0
0.067129 0
0.106633 0
0.260804 0
0.772303 0
0.510731 0
0.884506 0
0.154600 0
0.324641 0
0.404938 0
1.019173 0
0.443036 0
0.553113 0
0.973118 0
0.039133 0
0.128701 0
0.867303 0
0.516894 0
0.302397 0
1.561763 0
1.473473 0
0.753142 0
0.346874 0
0.735046 0
0.355292 0
0.188504 0
0.115721 0
1.046273 0
1.559661 0
0.079505 0
0.330015 0
0.383454 0
0.343223 0
0.180358 0
0.006117 0
0.134985 0
1.615033 0
0.047066 0
0.154518 0
1.165230 0
0.085623 0
0.172843 0
0.295865 0
0.084301 0
1.480958 0
1.243895 0
0.392474 0
0.202543 0
0.287751 0
0.007091 0
0.631750 0
1.029766 0
0.171345 0
0.263916 0
1.375139 0
0.026688 0
0.819691 0
0.462480 0
0.860979 0
0.332211 0
0.364380 0
0.365421 0
0.239503 0
0.064479 0
0.185590 0
0.535666 0
0.959387 0
0.471247 0
0.109713 0
1.577577 0
0.413070 0
0.349927 0
0.368652 0
0.067688 0
0.268201 0
0.230984 0
1.684871 0
0.270151 0
1.544258 0
0.396456 0
0.713004 0
0.981850 0
0.983341 0
0.688497 0
1.001052 0
0.147061 0
0.561971 0
0.114353 0
0.667055 0
2.167062 0
1.496791 0
1.029580 0
0.946460 0
1.680565 0
0.998791 0
0.104400 0
0.139790 0
0.134192 0
0.651873 0
0.853502 0
0.532335 0
0.141859 0
0.143199 0
0.613297 0
0.410362 0
1.098517 0
0.547737 0
0.637027 0
0.724442 0
0.995093 0
0.226305 0
1.258858 0
0.498943 0
0.876824 0
1.342344 0
0.080127 0
0.663045 0
0.222429 0
0.078840 0
0.118706 0
0.524314 0
0.082842 0
0.201592 0
1.673809 0
0.925732 0
0.197771 0
0.677764 0
0.865239 0
0.641961 0
1.258727 0
0.345069 0
0.062431 0
0.262463 0
0.607631 0
0.678571 0
0.789059 0
0.818223 0
0.239112 0
0.054904 0
0.452249 0
0.142832 0
0.232239 0
0.003718 0
0.162176 0
0.605969 0
0.853425 0
0.740538 0
0.103107 0
0.587598 0
0.184702 0
0.126615 0
1.127356 0
0.091902 0
0.110294 0
0.518327 0
0.754924 0
0.465488 0
0.070089 0
1.093768 0
0.049138 0
0.011365 0
0.320618 0
0.270272 0
0.335697 0
0.860401 0
0.368579 0
0.232493 0
0.044113 0
0.205166 0
0.620574 0
0.134379 0
0.989123 0
1.458931 0
1.447083 0
1.127077 0
1.112373 0
0.515484 0
0.131893 0
1.516277 0
0.548298 0
0.554996 0
0.099830 0
0.786986 0
0.822568 0
0.243565 0
0.272239 0
0.482263 0
0.085989 0
1.440752 0
0.477993 0
0.302886 0
0.251653 0
0.250036 0
0.666978 0
0.661955 0
0.997535 0
0.648023 0
0.362956 0
0.098920 0
0.128482 0
0.436529 0
0.626362 0
0.252951 0
0.289920 0
0.782930 0
0.016779 0
0.044849 0
0.244592 0
0.663245 0
1.384320 0
0.313994 0
0.040909 0
0.015313 0
0.004870 0
0.078726 0
1.042151 0
0.132703 0
0.227110 0
0.007478 0
0.414835 0
0.093699 0
0.329151 0
0.096980 0
0.058704 0
0.200814 0
0.530262 0
1.430005 0
0.255538 0
0.772927 0
0.061352 0
0.103506 0
0.120897 0
0.559584 0
0.695241 0
0.203177 0
0.735813 0
0.349468 0
0.589854 0
0.943289 0
0.935150 0
0.098135 0
0.487095 0
0.139302 0
0.079722 0
0.365714 0
1.164185 0
0.021366 0
0.827743 0
0.498193 0
0.379012 0
0.189977 0
0.206522 0
0.142154 0
0.510339 0
0.171270 0
0.268886 0
0.564682 0
0.204568 0
0.097141 0
0.341024 0
0.626350 0
0.358081 0
0.067674 0
1.034034 0
0.170560 0
0.251968 0
0.545802 0
0.406526 0
0.282753 0
0.149486 0
1.514651 0
1.308835 0
0.062906 0
1.613107 0
1.420295 0
0.131140 0
0.976881 0
0.088346 0
0.032403 0
0.884535 0
0.256361 0
1.109321 0
0.018276 0
0.179704 0
0.155739 0
0.212045 0
1.719779 0
0.622438 0
0.205552 0
0.062519 0
0.067296 0
0.238111 0
1.106327 0
0.356979 0
0.499183 0
0.668141 0
0.643618 0
1.432954 0
0.592968 0
0.064176 0
0.436566 0
0.308575 0
1.001088 0
0.022266 0
1.043981 0
0.135862 0
1.753910 0
1.429278 0
0.693970 0
0.413961 0
0.322890 0
0.127816 0
0.064694 0
0.287537 0
0.017977 0
0.181120 0
0.117165 0
0.805582 0
0.233765 0
0.018260 0
1.336122 0
0.516172 0
0.152375 0
0.583344 0
1.137053 0
0.883703 0
0.691150 0
1.533367 0
1.372970 0
0.946807 0
0.304462 0
0.399727 0
0.262239 0
0.794415 0
0.757084 0
0.342917 0
1.403817 0
0.034211 0
0.169685 0
0.919906 0
0.348557 0
0.148774 0
0.050124 0
0.139084 0
0.871236 0
0.470346 0
0.744525 0
0.114547 0
0.953721 0
1.104617 0
0.651690 0
0.503283 0
0.802206 0
0.358008 0
0.444103 0
0.648098 0
0.115203 0
0.439549 0
0.257769 0
0.270037 0
0.108916 0
0.238072 0
0.062835 0
0.297894 0
0.372622 0
1.064636 0
0.087861 0
0.440124 0
0.379801 0
0.041909 0
0.879493 0
0.078424 0
0.122520 0
0.038621 0
0.254794 0
0.058527 0
0.420109 0
0.355082 0
0.716578 0
0.613454 0
0.065876 0
1.373505 0
0.705151 0
1.012584 0
0.103353 0
0.272200 0
0.168985 0
0.165407 0
0.095550 0
0.109161 0
0.810247 0
1.364281 0
0.322791 0
0.036858 0
0.791584 0
0.617596 0
0.066632 0
0.204470 0
0.530290 0
0.291689 0
0.118803 0
0.210977 0
0.819957 0
0.487781 0
0.284448 0
0.810340 0
0.770078 0
0.074894 0
0.057833 0
0.148063 0
0.122865 0
0.695751 0
0.120198 0
0.909433 0
1.002990 0
1.309541 0
0.481357 0
0.546402 0
0.425090 0
1.008295 0
0.132341 0
0.985746 0
0.013835 0
0.025214 0
0.082813 0
0.333882 0
0.278133 0
0.628885 0
0.106674 0
0.194575 0
0.017229 0
1.082113 0
0.722614 0
0.316639 0
0.138060 0
0.372062 0
0.360011 0
0.403755 0
1.152115 0
0.526856 0
0.115925 0
0.057276 0
0.215824 0
0.339273 0
0.504013 0
0.022994 0
0.696025 0
1.548703 0
0.332053 0
0.045373 0
0.557592 0
0.037288 0
0.228215 0
1.549069 0
0.065660 0
0.333160 0
0.177260 0
0.209084 0
0.094241 0
0.086090 0
0.307381 0
0.414068 0
0.887072 0
0.099985 0
0.093538 0
0.401576 0
0.413236 0
0.987621 0
0.050075 0
1.068490 0
0.255391 0
0.393022 0
0.217015 0
0.102353 0
0.500815 0
0.460437 0
0.055456 0
0.239202 0
1.335017 0
0.108769 0
0.408369 0
0.471869 0
0.338796 0
0.035492 0
0.103984 0
0.224401 0
0.187320 0
1.083671 0
0.626600 0
0.113433 0
0.084050 0
0.211262 0
0.054269 0
0.324724 0
0.461148 0
0.408724 0
1.340445 0
0.138300 0
0.350331 0
0.044731 0
0.738415 0
0.843451 0
0.400655 0
1.419165 0
0.237633 0
0.227867 0
0.609581 0
0.075467 0
0.846513 0
0.975244 0
0.383029 0
0.578150 0
0.255627 0
0.073327 0
0.573093 0
1.455771 0
0.105221 0
1.077325 0
0.576598 0
0.554540 0
1.552816 0
0.016511 0
0.291034 0
0.008170 0
0.034881 0
0.301316 0
0.262277 0
0.665341 0
0.396107 0
0.465918 0
0.491785 0
1.182130 0
0.115695 0
0.636664 0
0.395716 0
0.198120 0
0.334109 0
0.087805 0
1.624078 0
0.321693 0
0.019904 0
0.294346 0
0.574408 0
0.337906 0
0.475467 0
0.305291 0
0.783533 0
0.301130 0
1.432288 0
0.333188 0
0.207801 0
0.848853 0
0.793702 0
0.093884 0
0.367199 0
0.029734 0
0.171866 0
1.127202 0
0.022293 0
0.434519 0
1.774366 0
0.433551 0
0.020004 0
0.106830 0
0.312829 0
0.162530 0
0.088316 0
0.656267 0
0.146379 0
0.449395 0
0.585339 0
0.026539 0
0.394512 0
0.035340 0
0.202741 0
1.235900 0
0.772397 0
0.095394 0
0.454377 0
0.006482 0
0.699107 0
0.409206 0
0.424587 0
0.334980 0
1.398828 0
0.436433 0
0.556331 0
0.727723 0
0.798654 0
1.199437 0
1.510182 0
0.647175 0
1.410624 0
0.269099 0
0.024491 0
0.055329 0
0.601242 0
0.439404 0
0.742370 0
0.688070 0
0.835306 0
0.627065 0
0.715116 0
0.042276 0
0.027374 0
0.109126 0
0.142280 0
0.118949 0
1.492269 0
1.524339 0
0.043355 0
0.214480 0
0.092567 0
0.166174 0
0.658776 0
0.910725 0
0.272941 0
0.770209 0
0.875153 0
0.246072 0
1.267998 0
0.412435 0
0.440041 0
0.601394 0
0.688874 0
0.198868 0
0.310735 0
1.538765 0
1.249710 0
0.436476 0
0.293552 0
0.048329 0
1.123707 0
0.003008 0
0.695674 0
0.356335 0
0.162049 0
1.470408 0
0.257338 0
0.303511 0
1.370820 0
1.521376 0
0.095479 0
1.061364 0
0.628743 0
1.019448 0
0.200117 0
2.288804 0
1.198117 0
0.362177 0
0.348637 0
1.393702 0
0.682533 0
0.259676 0
0.376804 0
0.080152 0
0.171166 0
0.024471 0
0.065771 0
0.310372 0
0.045948 0
1.151037 0
0.888382 0
0.815385 0
0.031345 0
0.443915 0
0.424726 0
0.871441 0
0.404057 0
0.899309 0
0.087715 0
0.262936 0
0.104986 0
0.687467 0
0.462877 0
0.212628 0
0.044922 0
0.119154 0
0.321436 0
0.460471 0
0.079459 0
0.450180 0
0.750843 0
0.391716 0
0.169944 0
0.024732 0
0.597911 0
0.344768 0
0.186445 0
1.486055 0
0.213251 0
0.183270 0
0.340581 0
0.452985 0
0.269886 0
0.100759 0
0.163385 0
1.511045 0
0.445000 0
0.901914 0
0.337937 0
0.278939 0
0.771144 0
0.300298 0
0.154937 0
0.078346 0
1.361763 0
0.939304 0
0.080110 0
0.039421 0
0.531153 0
0.313779 0
0.460434 0
0.406713 0
1.032722 0
0.180674 0
0.534786 0
1.402707 0
0.052512 0
0.251662 0
0.021722 0
0.448074 0
0.011008 0
1.311941 0
0.096513 0
1.008096 0
1.430990 0
0.075077 0
0.346813 0
1.367278 0
0.101396 0
0.603859 0
0.204496 0
0.353615 0
0.047902 0
1.494056 0
0.180264 0
1.608072 0
0.558464 0
0.905424 0
0.921215 0
0.464985 0
0.629750 0
0.392111 0
0.308605 0
0.117136 0
1.500250 0
0.556147 0
0.180159 0
0.688758 0
0.205342 0
0.414604 0
0.005805 0
0.024201 0
0.404214 0
1.564016 0
0.009071 0
0.199566 0
0.726300 0
0.129521 0
0.007739 0
0.135532 0
1.599128 0
0.377062 0
0.324938 0
0.203290 0
0.548871 0
0.245411 0
0.159000 0
0.182953 0
0.741393 0
0.424703 0
0.699878 0
0.828913 0
0.082790 0
0.614775 0
0.348199 0
0.190712 0
0.042758 0
0.884029 0
0.026125 0
0.155673 0
0.651744 0
1.316497 0
0.773534 0
0.584906 0
0.171847 0
0.311219 0
0.051812 0
1.888837 0
0.084007 0
0.441525 0
0.350389 0
0.009272 0
0.345104 0
0.261075 0
0.549091 0
0.431222 0
0.416102 0
1.417708 0
0.315712 0
0.285229 0
0.885623 0
0.005106 0
0.219503 0
0.105726 0
0.206704 0
0.437392 0
1.022030 0
1.052421 0
0.402892 0
0.241315 0
0.467368 0
1.528453 0
0.184118 0
1.175207 0
0.701716 0
0.111020 0
0.026472 0
0.055904 0
0.275434 0
0.067276 0
0.274649 0
0.611394 0
0.125234 0
0.458959 0
0.234654 0
0.556460 0
1.729895 0
0.414098 0
0.596395 0
0.386331 0
1.625869 0
0.084623 0
1.381784 0
0.958468 0
0.777868 0
1.349972 0
0.113594 0
0.607146 0
0.487000 0
0.082652 0
0.060582 0
0.569006 0
0.316271 0
0.036121 0
0.517560 0
0.664709 0
1.106126 0
1.558504 0
1.421303 0
0.106456 0
0.431199 0
0.475616 0
0.325557 0
0.305932 0
0.011843 0
0.942601 0
0.643443 0
0.210511 0
0.751551 0
1.058897 0
1.086672 0
1.653693 0
0.117061 0
0.719563 0
0.380940 0
0.272066 0
0.124524 0
0.335305 0
0.096562 0
0.986312 0
0.735191 0
0.069323 0
0.160383 0
0.096250 0
0.689403 0
1.378426 0
0.010415 0
0.561359 0
0.166097 0
0.295099 0
0.883471 0
0.140677 0
1.450609 0
0.075278 0
0.674188 0
1.161960 0
1.135435 0
0.663385 0
0.473174 0
0.044779 0
1.497562 0
0.933264 0
0.106467 0
0.022269 0
0.453844 0
0.092135 0
0.044535 0
0.032872 0
0.346201 0
1.015143 0
0.769321 0
0.232697 0
0.298656 0
0.107613 0
0.198220 0
0.544863 0
0.365458 0
0.152836 0
0.376261 0
1.017304 0
0.240759 0
0.254572 0
0.265447 0
0.334571 0
1.729807 0
0.417069 0
0.661450 0
0.113085 0
1.164404 0
0.523050 0
1.146166 0
0.536787 0
0.057859 0
0.678395 0
0.009438 0
0.480752 0
1.533397 0
1.232924 0
1.515097 0
0.831246 0
1.175282 0
0.241016 0
1.089397 0
0.140356 0
0.036696 0
0.443255 0
0.202416 0
0.585389 0
0.885072 0
0.301315 0
0.779751 0
0.044312 0
0.750095 0
0.059985 0
0.817660 0
0.269511 0
0.364976 0
0.292820 0
0.072929 0
0.716763 0
0.971731 0
0.483880 0
