0.224498 0
0.633794 0
0.074543 0
0.477214 0
1.446864 0
0.379338 0
0.039126 0
0.695871 0
1.452159 0
0.488752 0
0.202347 0
0.325576 0
1.360907 0
0.081393 0
0.359808 0
0.583645 0
0.640337 0
0.012673 0
0.033645 0
0.811118 0
0.488708 0
0.282833 0
0.147605 0
0.100819 0
0.309700 0
0.381412 0
0.817157 0
0.087357 0
0.022786 0
0.326793 0
0.359875 0
0.568551 0
0.321461 0
0.023863 0
0.700747 0
0.033855 0
0.382621 0
0.135831 0
0.832496 0
0.390201 0
0.835333 0
0.469443 0
0.061457 0
0.024551 0
0.277588 0
0.072439 0
1.195270 0
0.317836 0
0.119861 0
0.162670 0
0.053022 0
0.240184 0
0.063513 0
0.385095 0
0.743221 0
0.189776 0
0.245856 0
0.271388 0
1.220683 0
0.462915 0
0.423962 0
1.363433 0
0.024090 0
0.232636 0
0.474598 0
0.389152 0
0.068162 0
0.143607 0
0.096721 0
1.022611 0
0.196454 0
0.826171 0
0.399994 0
1.421724 0
0.183268 0
0.490158 0
0.435629 0
0.587601 0
1.247342 0
0.109640 0
0.104685 0
1.017538 0
0.093676 0
0.218552 0
0.272232 0
0.710634 0
0.384875 0
0.482933 0
0.114079 0
0.919337 0
0.125648 0
0.220661 0
0.740665 0
0.563482 0
0.271007 0
0.170594 0
0.351931 0
0.062333 0
1.383795 0
0.354382 0
0.555542 0
0.375440 0
0.454429 0
0.067735 0
0.045261 0
0.423716 0
0.179370 0
0.574370 0
0.101152 0
0.069893 0
1.044406 0
1.291611 0
0.159385 0
0.058697 0
0.121968 0
0.292748 0
0.074140 0
0.292816 0
0.226705 0
0.086922 0
0.293208 0
0.067098 0
0.075062 0
0.246412 0
0.018206 0
0.332252 0
0.069738 0
1.459269 0
0.586817 0
1.167665 0
0.111581 0
0.285132 0
1.312335 0
1.381545 0
0.307021 0
0.044231 0
0.015096 0
0.819976 0
0.108398 0
0.453133 0
0.296158 0
0.480677 0
0.510576 0
0.108319 0
0.581410 0
0.068851 0
0.114329 0
0.025708 0
0.701677 0
1.012956 0
0.048833 0
1.119273 0
1.301425 0
0.490461 0
0.468384 0
1.086407 0
0.853883 0
0.071330 0
0.091046 0
0.368783 0
1.123035 0
0.034675 0
0.010714 0
0.606857 0
0.238747 0
0.229965 0
0.254576 0
0.333435 0
0.952518 0
0.122103 0
0.130660 0
0.032510 0
0.034536 0
0.658261 0
0.502072 0
0.073309 0
0.439597 0
0.083465 0
0.380509 0
0.436502 0
0.329178 0
1.802322 0
1.539939 0
0.455582 0
1.533424 0
1.402084 0
0.444756 0
0.807741 0
0.642031 0
0.396959 0
0.196323 0
0.187872 0
0.008598 0
0.016508 0
0.266198 0
0.695168 0
0.007550 0
0.073924 0
1.716047 0
0.527004 0
0.010506 0
0.509202 0
0.197138 0
1.385170 0
0.919477 0
0.192505 0
1.458962 0
1.055563 0
0.724783 0
0.111964 0
0.114536 0
0.689589 0
0.780689 0
0.726230 0
1.398498 0
0.223255 0
0.304769 0
0.073545 0
0.732501 0
0.181140 0
0.449233 0
1.045951 0
0.242908 0
0.183008 0
1.546253 0
0.993825 0
1.523977 0
0.616662 0
0.208083 0
0.009173 0
0.559950 0
0.055583 0
0.032702 0
0.832000 0
0.248692 0
0.299789 0
0.615660 0
0.703203 0
0.216881 0
0.379461 0
0.094133 0
1.389000 0
0.722298 0
0.030462 0
0.364600 0
0.410014 0
0.247558 0
0.038672 0
1.461471 0
0.830594 0
0.268542 0
0.223887 0
0.320886 0
0.084197 0
0.226766 0
0.373163 0
1.494282 0
0.535804 0
0.601645 0
1.360232 0
0.990503 0
0.259190 0
0.208260 0
0.055800 0
0.779491 0
1.619590 0
0.177387 0
1.498308 0
0.435467 0
0.236830 0
0.508100 0
1.073979 0
0.399816 0
1.422973 0
0.908678 0
0.126714 0
0.750821 0
0.119060 0
0.151776 0
0.258454 0
0.885195 0
0.164315 0
1.211587 0
0.413011 0
0.447133 0
1.185340 0
0.075268 0
0.040890 0
0.829217 0
0.154948 0
0.167062 0
0.285706 0
0.124917 0
0.968396 0
0.014574 0
0.048231 0
1.469124 0
0.250639 0
0.392848 0
0.310777 0
0.387165 0
0.561911 0
0.251023 0
0.575774 0
1.379543 0
1.856816 0
0.162184 0
0.298476 0
0.543863 0
1.044854 0
0.111908 0
1.380546 0
0.205073 0
0.550012 0
0.239175 0
0.428190 0
0.332604 0
1.196927 0
0.884117 0
0.933747 0
0.083615 0
0.473525 0
1.334181 0
1.206194 0
0.480717 0
0.237291 0
0.454224 0
0.453117 0
0.789711 0
0.374077 0
0.446355 0
0.365201 0
0.528087 0
0.555108 0
0.750099 0
0.065186 0
0.312199 0
0.116512 0
0.157033 0
0.115088 0
0.275639 0
0.098085 0
0.071324 0
0.559082 0
1.424897 0
0.330175 0
1.385433 0
0.259644 0
1.004132 0
0.017579 0
0.243584 0
0.565513 0
0.568974 0
0.944149 0
0.543768 0
0.029664 0
0.056557 0
0.237184 0
0.604896 0
0.157664 0
0.154774 0
0.352112 0
0.023315 0
0.205761 0
0.430068 0
0.179325 0
0.232690 0
0.012364 0
0.685222 0
0.287602 0
0.028329 0
0.237139 0
0.281019 0
0.454324 0
0.637008 0
0.022346 0
0.227399 0
0.319440 0
0.366827 0
0.075825 0
0.019857 0
1.232449 0
1.953005 0
0.349914 0
0.735307 0
1.496068 0
0.265186 0
0.533937 0
0.930543 0
0.352915 0
0.218728 0
0.309626 0
0.144253 0
0.446329 0
0.241186 0
0.074835 0
0.004188 0
0.164460 0
0.262407 0
0.179546 0
0.634772 0
0.345206 0
0.437277 0
0.161749 0
1.630793 0
0.060099 0
0.084284 0
0.089888 0
0.515746 0
0.843712 0
0.629717 0
0.620916 0
0.169104 0
0.232190 0
0.123019 0
0.982599 0
0.518415 0
0.056574 0
0.123799 0
0.435812 0
0.586059 0
0.501538 0
0.162241 0
1.736944 0
0.487909 0
0.347902 0
0.416907 0
0.008015 0
1.070316 0
0.067509 0
0.188006 0
0.055000 0
0.237728 0
0.130996 0
1.369063 0
1.322826 0
0.426794 0
0.664399 0
0.815421 0
0.209017 0
0.653264 0
0.787451 0
0.022052 0
0.931810 0
0.224680 0
0.905438 0
0.057384 0
0.115990 0
0.177101 0
0.717609 0
0.586922 0
0.423616 0
0.178776 0
0.343558 0
0.119323 0
0.312889 0
0.055565 0
0.076285 0
0.120384 0
0.190271 0
0.160419 0
0.417396 0
1.507698 0
0.155765 0
0.212488 0
0.357308 0
0.056385 0
0.207682 0
1.573351 0
0.785844 0
0.565345 0
0.026964 0
0.202817 0
0.098709 0
0.080757 0
0.333751 0
0.557018 0
0.175931 0
0.740212 0
0.140515 0
1.194977 0
0.012235 0
0.275388 0
0.030697 0
0.086409 0
0.470225 0
0.059641 0
0.928127 0
0.701808 0
0.086939 0
0.069670 0
0.260777 0
0.648436 0
1.376331 0
0.336974 0
0.003282 0
0.006397 0
0.232144 0
1.074564 0
0.464758 0
0.861691 0
0.139950 0
0.964208 0
2.203925 0
0.145386 0
0.681087 0
1.211635 0
0.313559 0
0.494224 0
0.983615 0
0.831706 0
0.166477 0
0.972196 0
0.942387 0
0.628506 0
0.574374 0
0.181016 0
0.118971 0
1.208527 0
0.826226 0
0.729616 0
0.066899 0
0.284557 0
1.399482 0
0.658332 0
0.190996 0
0.107236 0
0.623590 0
0.466964 0
0.933608 0
1.163429 0
0.438112 0
0.390497 0
0.297798 0
0.039454 0
0.400121 0
0.401190 0
0.158823 0
0.346389 0
0.615269 0
0.860639 0
0.178991 0
0.087503 0
0.652266 0
0.473180 0
0.983717 0
1.326643 0
1.380633 0
0.689855 0
0.280381 0
0.557347 0
0.762110 0
0.262695 0
0.633055 0
0.849855 0
1.704777 0
0.757005 0
1.040137 0
0.344667 0
0.738033 0
0.080136 0
0.091279 0
0.440482 0
0.206147 0
0.466044 0
0.304998 0
0.169304 0
0.205672 0
0.350751 0
0.027605 0
0.379913 0
0.030806 0
1.562098 0
0.392803 0
0.780345 0
0.278792 0
0.320851 0
0.034043 0
0.491444 0
0.027409 0
0.224597 0
1.057485 0
1.322687 0
0.810404 0
0.299736 0
0.663329 0
0.142942 0
0.066806 0
0.349332 0
0.017174 0
0.419562 0
0.492369 0
0.080146 0
0.750013 0
0.522543 0
0.768004 0
0.643085 0
0.041823 0
0.142426 0
0.047258 0
0.136902 0
0.802510 0
1.553303 0
0.025192 0
0.043985 0
0.103287 0
0.054245 0
1.577005 0
0.297529 0
0.257492 0
1.647836 0
0.120525 0
0.340574 0
0.065563 0
0.153704 0
1.664708 0
0.199017 0
0.063422 0
0.473642 0
0.408532 0
1.246710 0
1.269966 0
0.512216 0
1.581606 0
0.462269 0
0.453980 0
0.044383 0
0.290883 0
1.347474 0
0.907768 0
0.052251 0
0.882179 0
0.620630 0
1.308456 0
0.182712 0
0.533836 0
0.453069 0
0.093837 0
0.706608 0
0.061458 0
0.583570 0
0.790257 0
0.035967 0
1.509899 0
0.635556 0
0.458127 0
0.959327 0
0.560721 0
0.528486 0
0.547458 0
0.099398 0
0.545022 0
0.523409 0
0.219856 0
0.917862 0
0.454779 0
0.194520 0
1.476641 0
0.128611 0
0.506091 0
0.116715 0
0.152300 0
0.265274 0
0.851340 0
0.315722 0
0.016618 0
0.310124 0
0.433455 0
0.324651 0
0.290176 0
0.087599 0
0.428982 0
0.302041 0
0.813737 0
0.443896 0
0.211934 0
0.106917 0
0.024375 0
0.410358 0
0.518129 0
0.552999 0
0.093154 0
0.021587 0
0.104736 0
0.027748 0
1.270626 0
0.178950 0
0.444922 0
0.379305 0
0.522178 0
1.399512 0
0.091194 0
0.592414 0
1.263105 0
0.123680 0
1.165831 0
0.210374 0
0.004305 0
0.362805 0
1.751543 0
0.331341 0
0.270419 0
0.170116 0
0.214375 0
1.206180 0
0.446889 0
0.734889 0
0.083171 0
0.191602 0
0.443351 0
0.016609 0
0.212410 0
0.841061 0
0.151348 0
0.081188 0
0.269422 0
0.045854 0
0.120837 0
0.335004 0
0.383528 0
0.164331 0
0.053621 0
0.223046 0
0.604288 0
0.238024 0
0.440540 0
0.322147 0
0.476847 0
0.356540 0
0.493545 0
0.218665 0
0.295008 0
0.638674 0
0.219205 0
0.447703 0
0.173187 0
0.077153 0
0.028880 0
0.472643 0
1.222880 0
0.114678 0
0.142963 0
0.152357 0
0.224512 0
0.095754 0
0.965226 0
0.612473 0
0.439351 0
1.561464 0
1.020897 0
0.103924 0
0.223910 0
0.139729 0
0.594795 0
0.587124 0
0.119360 0
1.455991 0
0.555398 0
0.006036 0
0.663568 0
0.933447 0
0.115407 0
0.693191 0
0.526071 0
0.216705 0
1.034768 0
1.387549 0
0.191399 0
0.751021 0
1.418497 0
0.241907 0
0.821310 0
0.310189 0
0.204232 0
0.836620 0
0.273763 0
0.072916 0
0.035460 0
0.254999 0
1.112815 0
0.444668 0
0.048138 0
0.207513 0
0.102204 0
1.379399 0
1.370200 0
0.156912 0
0.358911 0
0.548922 0
0.909813 0
1.220101 0
0.049822 0
1.450899 0
0.083541 0
0.864720 0
0.182352 0
0.982060 0
0.006820 0
0.040974 0
0.107303 0
0.019767 0
0.291193 0
0.030710 0
0.687080 0
0.512800 0
0.528778 0
0.222982 0
0.037247 0
0.276796 0
0.136650 0
1.238771 0
0.086407 0
0.220713 0
0.161730 0
0.880562 0
1.053200 0
0.119673 0
0.172783 0
0.588958 0
0.416839 0
1.412216 0
1.501917 0
1.394887 0
0.194117 0
0.247854 0
0.058635 0
0.379966 0
0.079232 0
0.545971 0
0.457512 0
0.198548 0
0.065555 0
0.202308 0
0.459702 0
0.472996 0
0.184740 0
1.402749 0
1.568798 0
0.166355 0
0.920791 0
0.571835 0
0.260092 0
0.064438 0
0.354927 0
0.364159 0
0.090250 0
0.298960 0
0.780523 0
0.635162 0
0.496669 0
0.154357 0
0.049101 0
0.566163 0
0.081010 0
0.090776 0
0.276539 0
0.347506 0
0.327622 0
0.523259 0
1.896970 0
0.426144 0
0.089365 0
0.775141 0
0.636379 0
0.575657 0
0.128464 0
0.380364 0
1.039798 0
1.018808 0
0.153173 0
0.693547 0
0.248993 0
0.405735 0
1.505602 0
0.119584 0
0.028505 0
0.072626 0
0.549170 0
0.317785 0
0.277450 0
0.171882 0
1.196576 0
0.924013 0
0.291728 0
0.405886 0
0.669078 0
0.250452 0
0.786401 0
0.265080 0
0.214173 0
0.086501 0
0.649119 0
1.536874 0
0.236223 0
0.581390 0
0.207892 0
1.437637 0
0.553076 0
0.034913 0
0.245710 0
0.035340 0
0.751396 0
1.315143 0
0.585153 0
0.373373 0
1.444531 0
0.320736 0
0.384758 0
0.311420 0
0.136226 0
1.400955 0
0.199631 0
0.030773 0
0.421165 0
0.239734 0
1.038551 0
0.783455 0
0.346502 0
1.240427 0
0.579267 0
1.090009 0
0.299035 0
0.088137 0
0.101591 0
0.173523 0
0.365402 0
0.440116 0
0.567191 0
0.323551 0
0.144516 0
0.008418 0
0.277486 0
1.279552 0
0.012334 0
1.018665 0
1.389710 0
0.739118 0
0.574343 0
1.595100 0
0.183844 0
0.172965 0
0.159897 0
0.153559 0
0.416365 0
0.197766 0
1.233726 0
0.559732 0
0.215455 0
0.383615 0
1.611072 0
0.098615 0
0.685118 0
0.071456 0
0.100531 0
0.282153 0
0.079784 0
0.059225 0
0.473785 0
1.369912 0
0.519312 0
0.593443 0
0.146920 0
0.231902 0
1.004261 0
1.905466 0
0.134812 0
0.092490 0
0.109090 0
1.191376 0
1.739180 0
1.067602 0
1.407906 0
0.622598 0
0.090514 0
0.633099 0
0.161799 0
1.220554 0
0.276814 0
0.107781 0
0.219531 0
0.995128 0
0.069933 0
0.036856 0
0.679913 0
0.077898 0
0.010913 0
0.135257 0
0.041219 0
0.084334 0
0.124151 0
0.863275 0
0.717096 0
0.116320 0
0.093505 0
0.302107 0
0.781072 0
0.561786 0
0.004990 0
0.329868 0
0.073482 0
0.260676 0
0.606922 0
0.729079 0
0.453735 0
0.322970 0
0.472048 0
1.381166 0
0.078475 0
0.172298 0
0.060822 0
0.392158 0
0.445108 0
0.232965 0
0.227259 0
0.053764 0
0.817993 0
0.427099 0
0.125485 0
1.225535 0
0.120690 0
0.851680 0
0.033664 0
1.265183 0
0.086293 0
0.711346 0
0.163848 0
0.582318 0
1.055523 0
1.006923 0
0.994459 0
0.215050 0
0.733951 0
0.288419 0
0.197806 0
0.113097 0
0.246273 0
0.077050 0
0.296856 0
0.392287 0
0.079891 0
0.176465 0
0.023634 0
0.824022 0
0.478969 0
0.558236 0
0.100180 0
0.175504 0
0.057625 0
0.409192 0
0.253209 0
0.030381 0
0.378475 0
0.147013 0
0.228536 0
0.841743 0
0.379415 0
0.178391 0
0.788364 0
1.142001 0
0.599731 0
1.225974 0
0.191876 0
1.182235 0
0.370970 0
0.524013 0
0.646562 0
0.103909 0
0.327368 0
1.100663 0
1.257343 0
0.066843 0
0.217390 0
0.104998 0
0.072851 0
0.397111 0
0.119815 0
1.371333 0
0.411126 0
0.050341 0
0.057463 0
1.010335 0
0.243729 0
0.026655 0
0.039217 0
0.467975 0
0.782013 0
1.365726 0
0.091505 0
0.168181 0
0.357699 0
0.876694 0
1.027357 0
0.078866 0
0.411217 0
0.772701 0
0.334215 0
0.318004 0
0.440156 0
0.447677 0
1.592539 0
0.819921 0
0.618373 0
0.080058 0
0.268962 0
0.498583 0
0.203779 0
0.079622 0
0.525414 0
0.830372 0
0.430653 0
0.685348 0
1.061880 0
0.429277 0
1.437095 0
0.441622 0
0.887825 0
0.088840 0
0.758346 0
1.394502 0
0.728898 0
0.179929 0
0.988877 0
0.732190 0
1.068879 0
0.042989 0
0.081024 0
0.312663 0
1.124124 0
0.580281 0
0.368768 0
0.022423 0
0.291781 0
0.847048 0
0.027708 0
0.546000 0
0.572410 0
0.425375 0
0.088197 0
0.002639 0
0.632846 0
0.060213 0
0.039247 0
0.617353 0
0.327826 0
0.456348 0
0.467392 0
0.104470 0
0.174186 0
0.218082 0
0.310936 0
0.374140 0
0.014572 0
0.058900 0
0.113372 0
0.206093 0
0.112765 0
0.260362 0
0.189913 0
0.374702 0
0.778579 0
0.617247 0
1.463805 0
0.075546 0
0.065983 0
0.239667 0
1.160099 0
0.094032 0
0.174255 0
0.233162 0
0.830598 0
0.234656 0
0.274693 0
0.246241 0
0.480219 0
1.551537 0
0.553318 0
0.712904 0
0.114956 0
0.510775 0
0.251870 0
0.620709 0
0.260823 0
1.501570 0
0.025405 0
0.814836 0
0.232495 0
0.148376 0
0.380187 0
0.123996 0
0.492510 0
0.288388 0
0.050871 0
0.438954 0
0.043248 0
0.802903 0
0.092170 0
1.610019 0
0.080593 0
0.067905 0
0.034777 0
0.105084 0
0.403933 0
0.053413 0
0.211710 0
1.064820 0
0.346847 0
0.408359 0
0.865188 0
0.103169 0
0.253677 0
0.049502 0
0.169195 0
0.308337 0
0.085322 0
0.138986 0
0.357404 0
0.223499 0
1.350802 0
0.052225 0
1.290150 0
1.124870 0
0.369992 0
0.342178 0
0.021984 0
0.137938 0
0.350546 0
1.420282 0
0.464611 0
0.253492 0
0.208714 0
0.313239 0
0.610675 0
0.719639 0
0.465096 0
0.003876 0
0.152136 0
0.443258 0
0.875768 0
1.091589 0
0.221002 0
0.812949 0
0.600757 0
0.220564 0
1.063428 0
1.121850 0
0.513732 0
0.419547 0
0.130472 0
0.549092 0
0.029216 0
0.071644 0
0.275147 0
0.827733 0
0.123071 0
0.742165 0
0.524228 0
1.009461 0
0.089266 0
0.641501 0
0.579110 0
0.085479 0
0.193177 0
0.543070 0
0.340627 0
0.625870 0
0.953188 0
1.576809 0
0.019829 0
0.331366 0
0.009979 0
0.499988 0
0.179350 0
0.882421 0
0.485721 0
0.553753 0
0.391175 0
0.126081 0
0.014347 0
0.709553 0
1.958009 0
0.120619 0
0.582853 0
0.617711 0
0.901853 0
0.251754 0
0.358743 0
0.149709 0
0.216683 0
1.010662 0
0.175016 0
1.048633 0
0.076347 0
0.260471 0
0.275815 0
0.432779 0
0.687490 0
0.389018 0
0.049181 0
1.426956 0
0.685004 0
0.038551 0
0.115476 0
0.961680 0
0.675968 0
0.440042 0
0.397622 0
0.430269 0
0.155016 0
0.223815 0
0.798278 0
1.027341 0
0.141710 0
0.007535 0
0.786249 0
1.461191 0
0.064966 0
0.482487 0
0.053566 0
0.885160 0
0.013297 0
0.438500 0
0.105885 0
0.133221 0
0.025903 0
0.840093 0
0.399964 0
0.327668 0
0.114972 0
1.438612 0
1.391082 0
0.057972 0
0.049353 0
0.335958 0
0.473335 0
0.384017 0
0.152098 0
0.328952 0
0.204948 0
0.446107 0
0.520911 0
0.444286 0
0.833089 0
0.404444 0
0.123347 0
0.440093 0
0.522497 0
0.707845 0
0.334597 0
0.040088 0
0.485263 0
0.467487 0
0.373306 0
0.961392 0
1.242404 0
1.184356 0
0.259238 0
0.495644 0
0.463640 0
0.774705 0
0.050632 0
0.082961 0
0.551183 0
0.821010 0
0.777169 0
0.385956 0
0.411355 0
0.387770 0
0.107088 0
0.626692 0
0.398265 0
0.115274 0
0.637882 0
0.049923 0
0.234069 0
0.094116 0
0.795550 0
0.233255 0
0.225389 0
0.273765 0
0.909161 0
0.619790 0
0.079771 0
0.839829 0
1.241482 0
0.312982 0
0.269914 0
0.297523 0
0.256279 0
0.116518 0
0.142521 0
1.257945 0
0.471005 0
0.343150 0
0.054085 0
0.050233 0
0.355051 0
0.842418 0
0.393617 0
0.100982 0
0.059055 0
0.030919 0
0.199678 0
1.435118 0
0.863582 0
0.097410 0
0.627263 0
0.212728 0
0.994855 0
1.430928 0
0.313837 0
0.882688 0
0.474468 0
0.135712 0
0.548815 0
0.125609 0
1.575832 0
0.141475 0
0.331729 0
0.119040 0
0.254074 0
0.247844 0
0.532571 0
0.969897 0
1.409045 0
0.646411 0
0.855519 0
0.791478 0
0.346434 0
0.203979 0
0.124600 0
0.245234 0
0.694716 0
0.589137 0
0.308743 0
0.445847 0
0.074991 0
0.252937 0
0.024456 0
0.380945 0
1.515828 0
1.230743 0
0.613392 0
0.051792 0
0.130651 0
0.109918 0
0.112231 0
0.205373 0
0.822680 0
0.908137 0
0.725808 0
0.065042 0
0.271077 0
0.522502 0
0.430451 0
0.315335 0
1.515883 0
0.057373 0
0.403893 0
0.433141 0
0.066898 0
0.598749 0
0.040796 0
0.348908 0
1.051281 0
0.021323 0
0.662618 0
0.081641 0
0.510041 0
1.213846 0
0.084774 0
0.111670 0
0.186671 0
0.602704 0
1.439766 0
0.129763 0
0.398658 0
0.255750 0
0.853715 0
0.107102 0
0.466903 0
0.068207 0
0.652676 0
0.070726 0
0.195382 0
0.220407 0
0.037623 0
0.811926 0
1.074033 0
0.196250 0
0.096110 0
0.645245 0
0.989736 0
0.261827 0
0.009756 0
0.172690 0
0.834562 0
0.101780 0
0.042970 0
0.080781 0
0.273251 0
0.176355 0
0.778181 0
0.474141 0
0.976489 0
1.423699 0
0.801651 0
0.945210 0
0.268332 0
0.004024 0
0.174332 0
0.158212 0
0.084240 0
0.246424 0
0.327449 0
0.059283 0
0.115616 0
0.386956 0
0.263263 0
0.102294 0
0.460330 0
0.078474 0
0.162668 0
1.427174 0
0.526170 0
0.719586 0
0.360043 0
1.455160 0
1.069321 0
0.038738 0
0.064970 0
0.149551 0
0.462917 0
0.119537 0
0.545775 0
0.016683 0
0.784204 0
0.069278 0
0.345768 0
0.694648 0
0.297308 0
0.544252 0
1.322975 0
1.354350 0
0.227477 0
0.051287 0
1.121098 0
0.221691 0
0.116701 0
0.208021 0
0.310075 0
0.117337 0
1.330264 0
0.039157 0
0.041681 0
0.606404 0
0.070896 0
0.404038 0
1.453427 0
0.401476 0
0.024291 0
0.373670 0
0.861903 0
0.243172 0
0.747725 0
0.989166 0
0.019967 0
0.377611 0
0.284545 0
0.273046 0
0.258508 0
0.093686 0
0.440551 0
0.129109 0
0.539121 0
0.205766 0
0.686668 0
0.055261 0
0.301034 0
0.010185 0
0.330271 0
0.678070 0
0.017878 0
0.177621 0
0.507219 0
0.181800 0
0.374285 0
0.297509 0
0.378229 0
0.374483 0
0.579685 0
0.220480 0
0.378522 0
0.954178 0
0.183312 0
0.025351 0
1.398750 0
0.275906 0
0.310697 0
0.646065 0
0.065864 0
1.491086 0
0.245267 0
0.322807 0
0.288196 0
0.981676 0
0.332710 0
0.571669 0
0.716968 0
1.667981 0
1.411676 0
0.107122 0
0.174774 0
0.184296 0
1.393823 0
0.541439 0
0.267135 0
0.563258 0
0.163361 0
0.202071 0
0.130596 0
0.080768 0
1.116690 0
0.138754 0
1.706483 0
0.314314 0
0.747607 0
0.509222 0
0.039388 0
1.510548 0
0.100174 0
1.438830 0
0.386273 0
1.212999 0
0.381700 0
0.695041 0
0.272916 0
0.310314 0
0.430742 0
0.084236 0
0.222799 0
0.571700 0
1.296331 0
0.066054 0
0.426751 0
0.734216 0
0.580569 0
0.457241 0
0.262119 0
0.154921 0
0.456382 0
0.229980 0
0.525142 0
0.339756 0
0.003712 0
0.197289 0
0.824293 0
0.692108 0
0.416574 0
0.477963 0
0.305391 0
0.396813 0
0.070753 0
0.563138 0
0.211827 0
0.194614 0
1.233125 0
0.017193 0
0.368767 0
1.183566 0
0.073560 0
0.340068 0
0.219591 0
0.240767 0
0.718744 0
0.377044 0
0.129034 0
0.092445 0
0.236563 0
0.100783 0
0.218755 0
0.521592 0
0.101340 0
1.300097 0
0.470694 0
0.198919 0
0.130817 0
0.038346 0
0.316784 0
0.088209 0
0.634053 0
1.612888 0
0.182652 0
1.395185 0
0.108246 0
1.917712 0
0.346973 0
0.185277 0
0.181471 0
0.386546 0
0.295174 0
1.480292 0
0.930427 0
0.977379 0
0.493130 0
0.693267 0
0.129053 0
0.108324 0
1.235344 0
0.143787 0
0.077266 0
0.171351 0
0.300943 0
0.074472 0
0.372370 0
1.450156 0
1.394765 0
0.154772 0
0.156126 0
1.047884 0
1.065001 0
0.209076 0
1.549375 0
0.241421 0
0.452086 0
0.076758 0
0.848946 0
0.036607 0
0.162812 0
0.640835 0
0.873213 0
0.224559 0
0.516605 0
0.342204 0
0.531743 0
0.084095 0
0.680922 0
0.108351 0
0.442735 0
0.087279 0
0.870216 0
0.380733 0
0.354264 0
0.698178 0
0.232941 0
0.825671 0
0.083200 0
0.030155 0
0.172756 0
0.516319 0
1.117959 0
0.085640 0
1.145497 0
0.431720 0
0.233054 0
0.179586 0
0.126908 0
0.248522 0
0.900896 0
0.310022 0
0.556071 0
0.020772 0
0.131506 0
0.142791 0
1.011601 0
0.199984 0
0.034968 0
1.007349 0
1.265116 0
0.166011 0
1.517540 0
0.935329 0
0.640955 0
1.344277 0
