0.256186 0
0.537135 0
0.164449 0
0.183732 0
0.788450 0
0.462488 0
1.091803 0
0.053599 0
0.381490 0
0.760117 0
0.259324 0
0.040373 0
1.003379 0
0.208271 0
0.186713 0
0.108544 0
0.851666 0
0.188058 0
0.012576 0
0.606091 0
0.038331 0
0.474378 0
0.026164 0
0.309973 0
0.592560 0
0.835571 0
0.236033 0
0.125340 0
0.013792 0
0.198087 0
0.207917 0
0.308368 0
1.324221 0
0.180444 0
0.127349 0
0.077686 0
0.270787 0
0.199009 0
1.159631 0
0.378116 0
1.066291 0
1.186448 0
1.123636 0
0.207457 0
0.746263 0
0.895900 0
0.189386 0
0.026458 0
0.561895 0
1.186257 0
0.132686 0
0.058304 0
0.366031 0
0.948371 0
0.015233 0
0.024604 0
0.565312 0
0.512370 0
0.025405 0
0.524688 0
0.239051 0
0.366236 0
0.085737 0
0.466310 0
0.206740 0
0.481477 0
0.920836 0
0.656886 0
0.703359 0
0.191208 0
0.688312 0
0.357066 0
0.523277 0
0.999506 0
0.278446 0
1.178743 0
1.445776 0
0.074719 0
0.143661 0
0.034352 0
0.498184 0
0.729135 0
0.043096 0
0.192732 0
1.125945 0
1.185875 0
0.820455 0
1.244450 0
1.070055 0
0.621375 0
0.371669 0
0.566339 0
0.479708 0
0.770777 0
0.296169 0
0.068328 0
0.481878 0
0.339723 0
0.958648 0
0.067031 0
0.021359 0
0.139686 0
0.592992 0
0.027618 0
0.677504 0
1.298205 0
0.093276 0
0.093531 0
0.064357 0
0.906894 0
0.832214 0
0.077533 0
1.191916 0
1.481818 0
0.597898 0
0.100906 0
0.693278 0
0.044186 0
0.383285 0
1.226453 0
0.465856 0
0.880185 0
1.330782 0
0.386501 0
0.104811 0
1.250860 0
0.996896 0
0.647632 0
0.568371 0
0.068224 0
0.482021 0
0.115802 0
0.593084 0
0.194906 0
0.032507 0
0.597091 0
1.683650 0
0.046620 0
0.262512 0
0.552566 0
0.168430 0
0.244335 0
0.064170 0
0.475389 0
0.172920 0
0.292294 0
0.143289 0
1.638040 0
0.577583 0
0.702244 0
0.268439 0
0.301367 0
0.583959 0
0.005068 0
1.063820 0
1.278089 0
0.106244 0
0.053834 0
0.063366 0
0.593004 0
0.295894 0
0.070016 0
0.139667 0
0.067040 0
0.689281 0
0.789758 0
0.700909 0
0.058772 0
0.030909 0
0.569216 0
0.067640 0
0.776970 0
0.530524 0
0.083050 0
0.059086 0
0.273347 0
0.047341 0
0.128096 0
1.076041 0
0.404105 0
0.202291 0
0.888519 0
1.393657 0
0.559927 0
0.106377 0
0.415816 0
1.544721 0
0.090195 0
0.170493 0
0.515927 0
1.018827 0
0.158340 0
0.234110 0
0.376093 0
0.807605 0
0.342926 0
0.354100 0
0.673846 0
1.241949 0
0.489414 0
1.203370 0
0.358456 0
0.542210 0
0.101894 0
0.700681 0
0.439109 0
0.042241 0
0.112959 0
0.801313 0
0.910517 0
0.053799 0
1.379936 0
0.480931 0
1.005788 0
0.833488 0
0.022148 0
1.190486 0
0.626795 0
0.032072 0
1.315440 0
0.067550 0
1.014301 0
1.185694 0
0.532917 0
0.749028 0
0.027715 0
0.846451 0
0.100973 0
0.141990 0
0.207083 0
0.221814 0
1.593848 0
0.257048 0
0.317675 0
0.072431 0
0.309425 0
0.075267 0
0.789148 0
0.238058 0
0.048187 0
0.497785 0
0.403181 0
0.081360 0
0.474189 0
1.290580 0
0.230798 0
0.995494 0
1.641403 0
0.284430 0
0.192810 0
1.062130 0
0.080807 0
0.368863 0
1.076580 0
0.243328 0
0.089719 0
0.118373 0
0.129436 0
0.555972 0
0.510080 0
0.488625 0
0.220775 0
0.483977 0
1.382421 0
0.479545 0
0.542928 0
0.052691 0
0.544139 0
0.020408 0
0.501351 0
0.416219 0
0.018873 0
1.381554 0
1.339821 0
1.594021 0
0.544556 0
0.278572 0
0.324601 0
1.110492 0
0.359257 0
0.066859 0
0.407089 0
0.590290 0
0.055693 0
0.244727 0
0.188420 0
0.542834 0
0.880617 0
0.212483 0
0.555002 0
0.195049 0
0.617061 0
0.354736 0
0.108937 0
0.154483 0
0.956199 0
0.459018 0
0.060830 0
1.436043 0
0.409126 0
0.323576 0
0.139550 0
0.046087 0
0.071118 0
0.454039 0
0.141298 0
0.133780 0
0.796267 0
0.123175 0
1.025920 0
0.036845 0
0.534273 0
0.066560 0
0.182012 0
0.043918 0
0.263262 0
0.720885 0
0.081067 0
0.489650 0
0.222179 0
0.049127 0
0.440043 0
0.364599 0
1.369054 0
0.381331 0
0.105410 0
0.783142 0
0.140125 0
0.356621 0
0.325859 0
0.102859 0
0.085267 0
0.469475 0
0.651311 0
1.416691 0
1.170267 0
0.137866 0
0.093816 0
0.354705 0
0.701511 0
0.657276 0
0.118218 0
0.196587 0
1.112738 0
0.502106 0
1.744975 0
0.437195 0
1.518489 0
0.235682 0
0.094412 0
0.193182 0
0.978900 0
0.924951 0
0.122371 0
0.092420 0
1.308061 0
0.821036 0
0.445925 0
1.239788 0
1.481435 0
0.044337 0
0.316623 0
1.456636 0
0.270584 0
0.322454 0
0.406327 0
1.149453 0
0.416962 0
0.366709 0
0.303540 0
1.026383 0
0.615471 0
0.147589 0
0.003705 0
0.250949 0
0.053618 0
1.418735 0
0.888667 0
0.395918 0
1.041531 0
0.188899 0
0.009377 0
0.125860 0
0.497049 0
0.105622 0
0.064967 0
1.390382 0
0.524454 0
0.269985 0
0.131576 0
0.237988 0
0.067426 0
0.072566 0
0.782441 0
0.184543 0
0.078881 0
1.404029 0
0.175839 0
0.329764 0
0.054527 0
0.279775 0
0.507010 0
0.288436 0
0.450034 0
0.757627 0
1.419374 0
0.649789 0
0.116356 0
0.769433 0
0.239283 0
0.167387 0
0.501454 0
1.524238 0
0.381653 0
0.716976 0
0.276329 0
1.106451 0
0.646340 0
0.695567 0
0.304255 0
0.196508 0
0.118087 0
1.374104 0
0.664619 0
0.031389 0
0.378815 0
0.710668 0
0.690657 0
0.377093 0
0.028895 0
0.699617 0
1.103635 0
0.348868 0
0.852876 0
0.351267 0
0.077414 0
0.276280 0
0.220622 0
0.122379 0
0.002661 0
0.095867 0
0.202416 0
0.300112 0
0.306244 0
0.209091 0
1.398054 0
0.250398 0
0.600862 0
0.232937 0
0.827319 0
0.381723 0
0.066768 0
1.041324 0
0.008781 0
1.013329 0
0.705394 0
0.067517 0
0.839750 0
1.578136 0
0.228141 0
0.461051 0
0.146351 0
0.439724 0
0.238669 0
0.055420 0
0.081860 0
1.051376 0
0.060428 0
0.415063 0
1.237811 0
0.202019 0
0.076040 0
0.756299 0
0.214960 0
0.165164 0
0.353702 0
0.196338 0
0.076155 0
0.491682 0
0.224900 0
0.182936 0
0.101190 0
0.064685 0
0.411999 0
0.906868 0
0.065612 0
0.611721 0
0.176715 0
0.307601 0
0.604482 0
0.186717 0
0.024447 0
0.007759 0
0.510847 0
0.267201 0
0.636493 0
0.207526 0
0.507131 0
0.292979 0
0.017097 0
0.100820 0
1.140820 0
0.249204 0
0.268260 0
0.040433 0
0.393409 0
0.399697 0
1.259511 0
0.868929 0
0.738484 0
0.301826 0
0.392585 0
0.418942 0
0.149833 0
0.428575 0
0.450035 0
0.555825 0
0.568770 0
0.126664 0
0.148248 0
0.237827 0
0.572384 0
0.807277 0
0.928472 0
0.338548 0
0.254590 0
0.016945 0
0.893764 0
0.019925 0
0.124070 0
0.276830 0
0.239600 0
0.076757 0
0.683276 0
0.281132 0
0.188882 0
0.387885 0
1.408998 0
0.834066 0
0.457582 0
0.364802 0
1.031481 0
0.981875 0
0.243476 0
0.287154 0
0.256007 0
0.069696 0
0.018990 0
0.993960 0
0.533300 0
0.242331 0
0.271849 0
0.391993 0
0.044433 0
0.431271 0
0.451199 0
0.340760 0
0.621862 0
0.066491 0
0.362858 0
0.786096 0
0.557945 0
0.067564 0
0.946265 0
0.380159 0
0.003333 0
0.603586 0
0.454168 0
1.243082 0
0.124909 0
0.458614 0
1.386438 0
0.849708 0
0.002178 0
0.358532 0
0.593616 0
0.579505 0
0.261821 0
0.194484 0
0.073031 0
0.030366 0
0.051921 0
0.153844 0
0.217190 0
1.279869 0
0.374114 0
0.313170 0
0.411565 0
0.392843 0
1.167440 0
1.189989 0
1.488278 0
0.366402 0
0.606108 0
0.498120 0
0.221189 0
0.200538 0
0.536328 0
0.751712 0
0.404133 0
0.074416 0
0.460040 0
1.029367 0
0.564410 0
2.024055 0
0.376466 0
0.327811 0
0.302880 0
0.807024 0
1.490232 0
0.120710 0
1.478369 0
0.186392 0
0.259571 0
0.151650 0
0.160554 0
0.027087 0
0.532009 0
0.200911 0
0.953026 0
0.425387 0
0.589519 0
0.392968 0
0.223268 0
0.121119 0
1.088683 0
1.445791 0
0.302130 0
0.451675 0
0.351318 0
0.121426 0
0.804018 0
1.369707 0
1.010169 0
0.122647 0
0.064361 0
0.806997 0
0.462105 0
0.844068 0
0.351700 0
0.894389 0
0.744188 0
0.154759 0
0.288794 0
0.651381 0
0.032644 0
0.449491 0
0.373265 0
0.442264 0
0.223255 0
0.029843 0
0.197556 0
0.077584 0
0.759332 0
0.344193 0
0.298342 0
0.245188 0
0.009741 0
0.056736 0
0.061144 0
0.130383 0
1.034243 0
0.878974 0
0.561918 0
0.411894 0
0.720000 0
0.151999 0
0.017823 0
1.217870 0
0.172620 0
0.083585 0
0.987684 0
0.110445 0
0.111802 0
0.057716 0
0.216299 0
0.017542 0
0.062848 0
0.020947 0
0.198572 0
0.053072 0
0.232823 0
0.553561 0
0.566473 0
0.802795 0
0.013118 0
0.492772 0
0.878221 0
0.266359 0
0.284311 0
0.920248 0
0.069270 0
0.667889 0
0.096527 0
1.445462 0
0.403275 0
0.669690 0
1.782644 0
0.915952 0
0.844418 0
0.067736 0
0.173496 0
0.404055 0
0.120319 0
0.259323 0
0.024859 0
0.810734 0
0.233557 0
0.157854 0
0.344800 0
0.219410 0
0.098777 0
1.025236 0
0.408988 0
1.040620 0
0.189516 0
0.735181 0
0.381773 0
0.012604 0
0.252874 0
0.614073 0
0.252318 0
0.276940 0
0.871387 0
0.049743 0
0.275484 0
0.071276 0
0.127954 0
0.867295 0
0.472179 0
0.278540 0
1.313567 0
0.757465 0
0.038949 0
0.086749 0
0.102745 0
0.027928 0
0.462047 0
0.485652 0
0.344118 0
1.290596 0
0.444675 0
0.075277 0
0.504568 0
0.261010 0
0.607055 0
0.334710 0
0.523183 0
0.165010 0
0.040962 0
1.684804 0
0.259103 0
0.482324 0
0.758166 0
1.360526 0
1.047897 0
0.116906 0
0.310398 0
0.096678 0
0.082760 0
0.235021 0
0.467620 0
0.576618 0
0.870549 0
0.154648 0
0.857029 0
0.201681 0
0.406097 0
0.615943 0
0.055121 0
0.747313 0
0.591455 0
0.721719 0
0.084423 0
0.140106 0
0.592923 0
0.185383 0
0.038904 0
0.508643 0
0.513937 0
0.556660 0
0.113183 0
1.056761 0
0.581881 0
0.044292 0
0.030219 0
0.221422 0
0.049247 0
0.133089 0
0.853227 0
1.106431 0
0.311855 0
1.962857 0
0.891790 0
0.071233 0
0.511066 0
0.594704 0
0.788328 0
0.982912 0
0.227420 0
0.079713 0
1.057883 0
0.896014 0
1.291575 0
0.808342 0
0.010142 0
0.349344 0
0.448849 0
0.106211 0
0.662124 0
0.328596 0
1.597004 0
0.070229 0
1.515342 0
0.060724 0
0.585448 0
0.553346 0
1.175836 0
0.296199 0
0.353994 0
0.381983 0
0.812231 0
1.324199 0
0.083287 0
0.068019 0
0.240315 0
0.867368 0
0.208708 0
0.346058 0
0.314926 0
0.739187 0
0.170294 0
0.700002 0
0.575904 0
0.112042 0
0.211543 0
0.315421 0
0.287103 0
0.975279 0
1.138084 0
0.238287 0
0.033472 0
0.087942 0
0.546118 0
1.472083 0
0.448325 0
0.165847 0
0.704772 0
0.094689 0
1.353164 0
0.212559 0
0.335403 0
0.028525 0
1.028531 0
0.165430 0
0.044542 0
0.774961 0
0.617067 0
1.546327 0
0.027862 0
1.432132 0
0.070063 0
0.059965 0
0.446043 0
0.250812 0
0.067684 0
1.115152 0
0.009806 0
0.515799 0
0.777071 0
0.343347 0
0.583057 0
0.859747 0
0.683390 0
0.123695 0
0.124242 0
0.070561 0
0.462995 0
0.403179 0
1.027519 0
1.957069 0
0.222815 0
0.827754 0
0.162048 0
0.145735 0
0.585790 0
0.617283 0
0.370597 0
0.427531 0
0.334778 0
1.245772 0
0.578210 0
0.218113 0
0.110674 0
1.632192 0
0.871057 0
0.112090 0
0.199343 0
0.132389 0
0.638954 0
0.324215 0
0.151213 0
0.014423 0
0.418942 0
0.154133 0
0.473534 0
0.613752 0
0.091965 0
0.158611 0
0.342082 0
0.021005 0
0.096650 0
1.336901 0
0.321805 0
1.353740 0
0.342428 0
0.515579 0
0.630039 0
0.209009 0
0.448942 0
0.590896 0
0.395974 0
0.419423 0
0.544660 0
1.231892 0
0.060911 0
1.698538 0
1.375496 0
1.396366 0
1.630178 0
0.830867 0
0.331436 0
0.592663 0
0.216676 0
0.652552 0
0.268632 0
0.595921 0
1.214742 0
0.614771 0
0.535777 0
0.818388 0
0.078794 0
0.710586 0
0.537068 0
0.651615 0
0.008715 0
0.485566 0
0.711595 0
1.481885 0
0.757045 0
0.029944 0
0.193979 0
1.404941 0
0.234483 0
0.041985 0
0.490747 0
0.042300 0
0.631135 0
0.698758 0
0.192740 0
0.385501 0
0.290316 0
0.858154 0
0.065726 0
0.976252 0
0.061017 0
0.087607 0
0.200222 0
1.044020 0
0.123733 0
0.183025 0
0.361267 0
1.201187 0
0.050956 0
0.385806 0
0.132169 0
0.139528 0
1.280784 0
0.162072 0
0.937597 0
0.557600 0
1.363175 0
0.038601 0
0.149573 0
0.370828 0
0.698447 0
0.106509 0
0.715824 0
0.102121 0
0.110500 0
0.186198 0
0.198322 0
1.133275 0
0.097951 0
0.081628 0
1.005655 0
0.295809 0
0.351725 0
0.208427 0
0.510006 0
0.734408 0
1.293235 0
0.422276 0
0.358590 0
1.493738 0
0.399570 0
1.311476 0
1.582788 0
0.929301 0
0.002727 0
0.331889 0
0.577943 0
0.170302 0
0.676094 0
0.135763 0
0.425149 0
0.267416 0
0.588592 0
0.448316 0
0.165640 0
1.371161 0
0.183384 0
0.061925 0
1.633892 0
0.127532 0
0.256746 0
0.155658 0
0.971959 0
0.360490 0
1.584530 0
1.387462 0
0.526822 0
0.088694 0
0.400455 0
0.213680 0
0.412867 0
0.775813 0
0.075226 0
0.831014 0
1.474066 0
1.377254 0
0.368218 0
0.405532 0
0.106540 0
0.018200 0
0.083328 0
0.189659 0
0.462625 0
0.056959 0
0.920702 0
1.373616 0
0.379708 0
0.472919 0
0.174815 0
0.105166 0
0.166704 0
0.247926 0
0.428318 0
0.036079 0
0.415871 0
1.064850 0
0.169842 0
1.262054 0
0.289810 0
0.064909 0
0.017604 0
0.486584 0
1.567364 0
0.145191 0
0.750526 0
0.454667 0
0.715806 0
1.024796 0
0.566822 0
0.158517 0
0.111477 0
0.692193 0
0.191115 0
1.900536 0
0.363909 0
0.239700 0
1.526925 0
0.778842 0
0.336530 0
0.656128 0
0.078704 0
0.078165 0
0.136365 0
0.505345 0
0.051747 0
0.275384 0
1.116100 0
0.191212 0
0.463373 0
0.835483 0
0.590619 0
0.244153 0
0.967358 0
0.508344 0
0.520920 0
0.062983 0
0.345323 0
0.218447 0
0.111833 0
0.034314 0
0.397480 0
0.174407 0
0.225196 0
0.155552 0
0.870227 0
0.388145 0
0.092312 0
0.069621 0
0.495243 0
0.113230 0
0.456726 0
0.234162 0
0.081682 0
0.968640 0
0.392053 0
0.677806 0
0.381602 0
0.061604 0
0.911281 0
0.748024 0
0.693880 0
0.551756 0
1.057706 0
0.180438 0
0.108817 0
0.315502 0
0.031645 0
1.119431 0
0.301371 0
0.251683 0
0.183676 0
0.058626 0
0.784515 0
0.166086 0
0.893086 0
0.257182 0
0.761127 0
0.029929 0
0.922606 0
0.618278 0
0.222248 0
0.419226 0
0.438430 0
0.755889 0
0.157812 0
1.014538 0
0.058489 0
1.265943 0
0.525859 0
0.332832 0
0.039534 0
0.115947 0
2.139318 0
0.088676 0
0.855249 0
0.300245 0
0.421054 0
1.423284 0
0.559275 0
0.045294 0
0.551069 0
0.110246 0
0.495076 0
1.451744 0
0.364067 0
0.514792 0
0.016523 0
0.036273 0
0.348246 0
0.137201 0
0.803929 0
0.032066 0
1.278292 0
0.472937 0
0.450690 0
0.373244 0
0.396681 0
0.511963 0
1.142949 0
1.588714 0
0.099198 0
0.438657 0
1.370624 0
0.015943 0
0.466727 0
0.030680 0
0.323450 0
0.051107 0
0.086907 0
1.163610 0
0.063240 0
0.260699 0
0.087558 0
0.015099 0
0.310576 0
0.075442 0
0.429897 0
0.782750 0
1.007166 0
0.204642 0
0.718679 0
0.899592 0
0.977335 0
0.665149 0
0.158016 0
0.189892 0
0.415911 0
0.229057 0
0.147373 0
0.360669 0
0.424002 0
0.534117 0
0.447635 0
1.797074 0
0.086029 0
0.573933 0
0.091937 0
0.290019 0
1.223444 0
0.176655 0
0.189846 0
0.118161 0
0.083981 0
0.217627 0
0.580609 0
0.579548 0
0.575380 0
0.115691 0
0.305888 0
1.544129 0
0.041985 0
1.471970 0
0.460076 0
0.426817 0
0.216852 0
0.842129 0
0.006192 0
0.395977 0
0.566251 0
0.150121 0
0.067654 0
0.053995 0
1.054539 0
0.268935 0
0.811091 0
0.260646 0
0.137456 0
0.091308 0
0.821736 0
0.541592 0
1.285406 0
0.579419 0
0.368450 0
0.217820 0
0.234330 0
0.855692 0
0.008590 0
0.668182 0
0.402958 0
1.023538 0
1.259106 0
0.539805 0
0.430340 0
0.301655 0
1.526483 0
0.369873 0
0.496335 0
0.724683 0
1.479883 0
0.337229 0
0.212973 0
0.097363 0
0.268813 0
0.271774 0
0.677242 0
0.651391 0
0.617278 0
0.050272 0
0.248717 0
0.761902 0
0.071502 0
0.438533 0
0.647190 0
0.123692 0
0.192632 0
0.029272 0
0.920988 0
0.746450 0
1.285628 0
1.565509 0
1.566589 0
0.023163 0
1.003340 0
0.232792 0
0.920777 0
0.141832 0
0.763076 0
0.321987 0
0.506461 0
0.824049 0
0.638427 0
0.085619 0
0.164873 0
0.299458 0
0.741677 0
0.123286 0
1.666836 0
0.416327 0
1.491397 0
0.320023 0
0.336584 0
0.036202 0
0.797666 0
1.363948 0
1.101177 0
0.083939 0
0.131529 0
0.816412 0
0.780607 0
0.245273 0
0.002171 0
0.512038 0
0.107046 0
0.074339 0
0.243713 0
0.420875 0
1.000707 0
0.124778 0
0.537795 0
1.484372 0
0.083067 0
0.329547 0
1.372934 0
0.162062 0
0.157772 0
0.160910 0
1.111561 0
0.023641 0
1.364053 0
0.060959 0
1.151912 0
0.862161 0
0.113901 0
0.189623 0
0.404999 0
0.668843 0
0.252827 0
0.594960 0
0.401065 0
0.022066 0
1.504892 0
0.072973 0
0.665622 0
0.026265 0
0.777494 0
0.226656 0
0.090780 0
0.385004 0
0.258298 0
0.420655 0
0.280419 0
0.055281 0
0.199073 0
0.358927 0
0.833182 0
1.619670 0
0.080573 0
0.166272 0
0.090204 0
0.247905 0
0.109112 0
0.029159 0
0.552350 0
0.033427 0
0.149441 0
0.836346 0
0.182599 0
0.263273 0
0.260301 0
0.025017 0
0.354242 0
0.312425 0
0.078483 0
0.179249 0
0.718822 0
0.410552 0
0.939323 0
0.240707 0
0.845344 0
0.611616 0
0.573909 0
0.775841 0
1.093324 0
0.277458 0
1.580718 0
0.583412 0
0.090802 0
0.415523 0
0.325686 0
0.783301 0
0.732936 0
0.491843 0
0.924469 0
0.896086 0
0.305305 0
1.140461 0
0.655148 0
0.043477 0
0.157526 0
0.722668 0
0.073269 0
0.650317 0
0.582948 0
0.456371 0
0.070252 0
0.152492 0
0.561263 0
0.494729 0
0.557679 0
0.511457 0
0.636063 0
0.668852 0
0.044420 0
0.066801 0
1.418095 0
0.133321 0
1.339955 0
0.226014 0
1.156139 0
0.513942 0
0.277447 0
0.479760 0
0.720528 0
0.011686 0
0.870623 0
0.198385 0
0.703349 0
0.266064 0
0.030691 0
0.795309 0
1.294026 0
0.041801 0
0.445208 0
0.389576 0
0.485171 0
0.204676 0
0.837097 0
1.209385 0
0.028341 0
0.067390 0
0.333006 0
0.490580 0
0.559139 0
0.517194 0
0.485476 0
1.423832 0
0.203226 0
1.306245 0
1.422576 0
0.224614 0
1.747358 0
0.210341 0
1.606113 0
0.956985 0
0.453462 0
0.509909 0
0.260360 0
0.482640 0
0.086925 0
0.081622 0
0.511621 0
0.115356 0
0.953038 0
0.338069 0
0.848047 0
0.197347 0
0.034202 0
0.774356 0
1.166855 0
0.360344 0
1.213210 0
0.110155 0
0.641775 0
1.374777 0
0.077988 0
0.212828 0
0.401964 0
0.043096 0
0.334798 0
1.471767 0
0.597380 0
0.497992 0
0.128327 0
0.622530 0
0.635174 0
0.150381 0
0.017937 0
0.214568 0
0.252543 0
0.141687 0
0.488646 0
0.331082 0
0.078037 0
0.036530 0
0.346164 0
0.135291 0
0.108876 0
0.264570 0
0.014191 0
0.214474 0
0.367476 0
0.295402 0
1.262877 0
0.237487 0
0.372061 0
0.617332 0
0.735663 0
0.540389 0
0.085475 0
0.057701 0
0.224544 0
0.044659 0
0.090787 0
0.030500 0
0.351339 0
0.337579 0
1.299402 0
0.841505 0
0.004798 0
0.925397 0
0.261814 0
0.354679 0
0.091890 0
0.450059 0
0.170279 0
0.368938 0
0.037384 0
0.922657 0
1.390012 0
0.164211 0
0.119851 0
0.728159 0
0.194140 0
0.129740 0
0.922693 0
0.327875 0
0.167793 0
0.129772 0
0.213167 0
0.105412 0
0.171117 0
0.082480 0
0.079087 0
0.933233 0
0.541359 0
1.104578 0
0.094779 0
0.529509 0
0.229935 0
0.983750 0
0.161946 0
0.755849 0
0.471477 0
0.080784 0
0.166217 0
1.584941 0
0.024230 0
0.246142 0
0.087506 0
0.178159 0
0.251297 0
1.022463 0
0.417943 0
0.230176 0
1.724840 0
0.177881 0
0.469126 0
0.762605 0
0.391570 0
0.100830 0
1.373654 0
0.422290 0
0.039814 0
0.372450 0
0.873069 0
0.049861 0
0.258623 0
0.852237 0
0.515855 0
1.700206 0
0.345964 0
0.493585 0
0.306075 0
0.361176 0
1.354341 0
0.857689 0
1.651973 0
0.476602 0
1.613295 0
0.025761 0
1.528700 0
0.523302 0
0.265304 0
0.456648 0
0.117270 0
1.640269 0
0.276580 0
0.450452 0
0.085181 0
0.383972 0
0.361709 0
0.314091 0
0.409493 0
0.826912 0
0.637373 0
0.562132 0
0.265610 0
0.234532 0
0.431830 0
0.021689 0
0.912460 0
0.629156 0
2.139935 0
0.108603 0
0.134998 0
1.428738 0
0.027242 0
0.466820 0
0.998677 0
0.455958 0
0.333165 0
0.646690 0
0.797303 0
0.844451 0
0.070177 0
0.846495 0
0.020244 0
0.085920 0
0.169383 0
1.584712 0
1.026103 0
0.035771 0
0.354014 0
1.162644 0
0.182056 0
0.363747 0
0.352828 0
0.234754 0
0.305271 0
0.365678 0
0.528221 0
0.339840 0
0.757657 0
0.336483 0
0.165327 0
0.161280 0
1.449475 0
0.281664 0
0.145959 0
0.297311 0
0.189659 0
0.928697 0
0.358831 0
1.004647 0
0.329062 0
0.546105 0
0.786717 0
0.020461 0
1.841092 0
0.348118 0
0.141325 0
0.204241 0
0.133010 0
0.633333 0
0.129860 0
0.043012 0
0.088398 0
0.274688 0
0.789259 0
0.116382 0
0.033505 0
0.098136 0
0.103558 0
0.310454 0
0.953523 0
1.797911 0
0.689606 0
0.275836 0
0.307571 0
0.254966 0
0.129491 0
0.183861 0
0.164787 0
0.675155 0
0.989517 0
0.630840 0
1.181092 0
0.004085 0
0.005327 0
0.013127 0
0.280200 0
0.301338 0
0.390777 0
0.227954 0
0.917898 0
0.528391 0
0.730620 0
0.057194 0
0.370065 0
0.354627 0
0.364741 0
1.022213 0
0.040686 0
0.326507 0
0.759471 0
0.173440 0
0.271557 0
0.280107 0
0.287354 0
1.128615 0
0.179090 0
0.073107 0
0.073449 0
0.117714 0
0.245085 0
0.328862 0
0.352166 0
0.266438 0
0.234452 0
0.484542 0
0.506681 0
0.016721 0
0.028913 0
0.524682 0
0.980131 0
0.122005 0
1.228809 0
0.454926 0
0.722355 0
0.199705 0
0.035929 0
0.896218 0
0.027493 0
0.266557 0
1.617696 0
0.267956 0
0.979679 0
0.377326 0
0.097410 0
0.485956 0
0.461935 0
0.381003 0
0.213960 0
0.152510 0
0.080586 0
0.295484 0
0.177408 0
0.056637 0
0.873428 0
1.211510 0
0.086501 0
0.623326 0
0.405392 0
0.468991 0
0.215659 0
0.137271 0
0.278812 0
0.459622 0
0.374947 0
0.516998 0
0.309366 0
0.373315 0
0.920433 0
0.655755 0
1.143444 0
0.847228 0
0.601881 0
0.127233 0
0.611061 0
1.394663 0
0.660357 0
0.399984 0
0.167989 0
1.489051 0
0.226697 0
0.022077 0
0.522951 0
1.109486 0
1.363094 0
0.564548 0
0.686557 0
0.794989 0
1.535809 0
0.375432 0
1.387361 0
0.091971 0
0.547110 0
0.233172 0
0.398853 0
0.635393 0
0.295612 0
0.185105 0
0.183516 0
0.287503 0
0.105928 0
1.152215 0
0.652636 0
0.585037 0
0.203564 0
0.205811 0
0.091101 0
0.040802 0
0.447311 0
0.059646 0
0.203760 0
0.614933 0
0.331670 0
0.686544 0
1.059691 0
1.152917 0
0.322537 0
0.535705 0
0.665059 0
0.247598 0
0.644156 0
0.124919 0
0.444545 0
0.862482 0
0.582646 0
0.060181 0
0.324573 0
0.609418 0
0.029108 0
0.305571 0
0.149013 0
1.516773 0
1.129735 0
0.120548 0
0.194243 0
0.982239 0
0.383304 0
0.158621 0
0.202727 0
0.126557 0
0.112244 0
0.355486 0
0.101154 0
0.497089 0
0.253492 0
0.250808 0
0.159831 0
0.832806 0
0.810211 0
0.642297 0
0.898720 0
0.010836 0
0.076767 0
1.801582 0
0.667688 0
0.480218 0
0.141852 0
1.545970 0
0.762252 0
0.766150 0
0.026259 0
0.911276 0
0.351086 0
0.131216 0
0.500963 0
0.102674 0
0.938476 0
0.260951 0
0.052893 0
1.121617 0
0.916947 0
0.272399 0
0.829130 0
0.133868 0
0.137374 0
0.436406 0
0.300194 0
0.543828 0
0.274606 0
0.494630 0
0.075727 0
0.209957 0
0.128696 0
0.197341 0
0.668613 0
0.421290 0
0.563011 0
0.756757 0
0.382547 0
0.822315 0
0.414025 0
0.650570 0
0.791106 0
0.300336 0
0.051076 0
0.051285 0
0.303052 0
0.186007 0
0.447510 0
0.575295 0
0.157016 0
0.533197 0
0.773370 0
1.421733 0
0.433687 0
0.100346 0
0.578990 0
0.808764 0
0.222929 0
0.857767 0
0.234136 0
1.049009 0
0.440849 0
0.288407 0
0.507654 0
0.681833 0
0.699771 0
0.126815 0
0.235244 0
0.418703 0
0.477942 0
0.366716 0
1.434771 0
0.020515 0
0.633066 0
0.604089 0
0.107718 0
0.709090 0
1.500104 0
0.305004 0
0.138014 0
0.148155 0
0.336644 0
0.072184 0
0.561891 0
0.238163 0
0.044750 0
0.168167 0
0.435486 0
0.262123 0
0.392652 0
0.230702 0
0.077603 0
0.376752 0
0.228233 0
0.406724 0
0.483832 0
0.001808 0
0.326222 0
0.709325 0
0.419604 0
0.150291 0
0.575174 0
0.266567 0
1.495073 0
0.315578 0
0.142223 0
1.424933 0
0.130121 0
0.666365 0
0.550826 0
1.167208 0
1.362662 0
0.925421 0
0.024431 0
0.201429 0
0.026485 0
0.329411 0
0.571348 0
1.264748 0
0.099510 0
1.217283 0
0.036975 0
0.399502 0
0.419015 0
0.721804 0
0.123585 0
0.255532 0
0.096688 0
0.078887 0
0.555668 0
0.616142 0
0.348501 0
0.658858 0
0.007708 0
0.593769 0
1.376485 0
0.318188 0
0.143429 0
0.272025 0
0.842467 0
0.244193 0
0.155799 0
0.575077 0
0.133894 0
0.018172 0
0.636690 0
0.048184 0
0.168562 0
0.305785 0
1.111975 0
0.401819 0
0.400199 0
0.502311 0
0.218267 0
0.419311 0
0.517585 0
0.226737 0
1.417989 0
0.481297 0
1.309235 0
1.231066 0
0.140088 0
0.083020 0
0.078408 0
0.185254 0
0.742147 0
0.159095 0
0.059425 0
0.121983 0
0.078820 0
0.121603 0
0.764553 0
0.055057 0
0.096015 0
1.039867 0
0.928339 0
0.314628 0
1.510997 0
0.223959 0
0.847728 0
0.573678 0
0.932267 0
0.195391 0
0.579485 0
0.574487 0
1.423890 0
0.046311 0
1.094562 0
0.109838 0
0.493407 0
0.018436 0
1.218211 0
0.009534 0
0.093412 0
0.435050 0
0.304777 0
0.443310 0
0.869281 0
0.739431 0
1.483505 0
0.376692 0
0.201406 0
0.067671 0
0.219130 0
0.208157 0
0.017785 0
1.820467 0
1.116747 0
0.012105 0
0.362252 0
0.056829 0
0.012282 0
0.052166 0
0.234828 0
0.318282 0
1.244353 0
0.202503 0
0.349423 0
0.402679 0
0.594062 0
0.181381 0
0.502015 0
0.813890 0
0.985602 0
0.360526 0
1.550210 0
0.118738 0
1.292905 0
0.188618 0
0.839571 0
0.332103 0
0.072760 0
0.301111 0
0.040177 0
0.145856 0
0.160652 0
0.071460 0
0.763765 0
0.081790 0
0.080554 0
0.188501 0
0.245859 0
0.236322 0
0.169043 0
0.294788 0
0.258088 0
1.197802 0
0.108312 0
0.438199 0
0.744689 0
0.104943 0
0.152414 0
0.200942 0
0.185565 0
0.063049 0
1.014912 0
0.218537 0
0.604780 0
0.037800 0
0.445048 0
0.420369 0
0.617316 0
0.078117 0
0.343427 0
0.636865 0
0.461051 0
0.422063 0
0.373627 0
0.142188 0
0.487197 0
0.191398 0
0.324003 0
1.430104 0
1.341415 0
0.011203 0
0.127562 0
0.017272 0
0.497927 0
0.422668 0
0.275924 0
0.464573 0
1.338682 0
0.084259 0
0.131842 0
0.548681 0
0.152538 0
0.121001 0
0.291680 0
0.047383 0
0.309258 0
0.362277 0
1.587653 0
0.132429 0
0.212116 0
1.362813 0
0.227717 0
0.899612 0
0.025641 0
0.878594 0
0.243085 0
0.393454 0
0.870638 0
0.631525 0
0.055654 0
0.247535 0
0.094510 0
0.652010 0
0.406533 0
0.232311 0
0.020939 0
0.079281 0
0.104039 0
0.166157 0
0.054310 0
0.705907 0
0.092363 0
0.246892 0
0.878110 0
0.167796 0
1.086762 0
0.200925 0
1.347391 0
0.041517 0
0.593922 0
0.191665 0
0.660055 0
1.207188 0
1.681057 0
0.146017 0
0.148581 0
0.292814 0
0.067458 0
0.270843 0
0.035528 0
0.552170 0
0.376452 0
1.202623 0
0.053281 0
0.017315 0
0.495675 0
0.115064 0
1.442409 0
1.409570 0
0.840756 0
0.098306 0
0.134290 0
0.635067 0
0.192541 0
1.123524 0
0.462837 0
0.167296 0
0.198174 0
0.774822 0
0.175767 0
0.270884 0
0.633582 0
0.253438 0
0.636926 0
1.349985 0
1.518700 0
0.499097 0
1.123368 0
1.745886 0
0.866802 0
0.198136 0
0.165061 0
0.096892 0
0.134933 0
0.006155 0
0.957346 0
0.014840 0
0.562888 0
1.305206 0
0.937225 0
0.063440 0
0.155035 0
0.112582 0
0.407406 0
0.091443 0
0.116350 0
0.304959 0
0.407887 0
0.106019 0
0.066205 0
0.066757 0
0.315482 0
0.169960 0
0.034656 0
0.153839 0
0.403319 0
0.782412 0
0.386051 0
0.336862 0
0.618621 0
0.959972 0
1.512155 0
0.478456 0
0.075252 0
0.088363 0
0.579231 0
0.264765 0
0.590061 0
0.330150 0
0.282813 0
0.265332 0
1.489361 0
0.540088 0
0.694348 0
0.498602 0
0.042703 0
0.672084 0
0.385764 0
0.971265 0
0.042288 0
0.130052 0
0.227179 0
2.279232 0
0.062487 0
0.025840 0
1.467134 0
0.725455 0
0.758760 0
0.177852 0
0.164882 0
0.670212 0
0.344547 0
0.656547 0
1.634760 0
0.145320 0
0.883473 0
0.226139 0
0.197779 0
0.067363 0
0.585222 0
0.667063 0
0.065370 0
0.361085 0
1.386220 0
0.508238 0
0.485555 0
0.137320 0
0.278865 0
1.279083 0
0.138612 0
1.051017 0
0.343258 0
0.028076 0
0.557768 0
0.258169 0
1.172657 0
0.457369 0
0.410837 0
0.026666 0
0.196856 0
0.559204 0
0.143882 0
0.186774 0
0.265094 0
0.177476 0
0.241356 0
1.055956 0
0.249475 0
0.924597 0
0.525359 0
0.184581 0
0.209636 0
0.072461 0
0.087209 0
0.541856 0
0.280591 0
0.664765 0
0.212736 0
0.598766 0
0.900637 0
0.156586 0
0.029943 0
0.616130 0
0.419486 0
0.403180 0
0.024234 0
0.152899 0
0.027479 0
0.137117 0
0.078586 0
0.861521 0
0.019320 0
0.798691 0
0.275221 0
0.073847 0
0.491067 0
0.043159 0
0.564938 0
0.092152 0
0.024122 0
1.808226 0
0.442265 0
1.444402 0
0.528061 0
1.453498 0
0.624460 0
0.613846 0
1.004505 0
0.258398 0
0.206265 0
0.254288 0
0.579167 0
0.125696 0
0.206307 0
0.095143 0
0.034103 0
0.311050 0
1.033624 0
1.557168 0
0.528150 0
0.222768 0
0.217710 0
0.117614 0
0.065277 0
0.045538 0
1.137371 0
0.476060 0
0.090718 0
0.157145 0
1.226691 0
0.213748 0
0.848854 0
0.411276 0
0.025077 0
0.410194 0
0.219024 0
1.370508 0
0.252488 0
0.512460 0
0.076897 0
0.738092 0
0.149884 0
0.049209 0
0.635617 0
0.113759 0
0.856822 0
0.218349 0
1.776405 0
0.137718 0
1.285469 0
0.014937 0
0.081748 0
0.677509 0
0.691963 0
0.541513 0
0.600352 0
0.052151 0
0.155769 0
0.453671 0
0.354056 0
0.510397 0
0.177203 0
0.372362 0
1.915293 0
0.475290 0
0.592900 0
0.309962 0
0.542864 0
0.116704 0
0.885017 0
0.217932 0
0.061122 0
0.249413 0
0.204368 0
1.111524 0
1.244156 0
0.461408 0
1.498686 0
0.110208 0
0.075722 0
1.510312 0
0.955908 0
1.090069 0
0.886829 0
1.430105 0
0.171451 0
0.306189 0
0.178429 0
0.230241 0
0.012597 0
0.695366 0
0.223220 0
0.594161 0
0.054678 0
0.190009 0
1.591846 0
1.379616 0
0.324620 0
0.094460 0
0.497098 0
0.495003 0
0.045733 0
0.012323 0
1.758118 0
0.590572 0
0.205727 0
0.458250 0
1.281489 0
1.153678 0
1.371742 0
0.274243 0
0.376225 0
0.168514 0
0.199330 0
0.316316 0
0.467481 0
0.934009 0
0.852543 0
0.122224 0
1.527375 0
0.056879 0
0.147806 0
0.181466 0
1.364356 0
0.153117 0
0.082146 0
0.179798 0
0.316729 0
0.109966 0
0.097618 0
1.063828 0
0.175158 0
0.210311 0
0.043290 0
0.427621 0
0.765745 0
0.774308 0
0.705107 0
0.071771 0
0.247914 0
0.174453 0
1.174914 0
0.088079 0
0.583082 0
0.262389 0
1.283791 0
0.322020 0
0.139984 0
0.078566 0
0.485109 0
0.015629 0
1.066446 0
1.385607 0
0.042718 0
0.219545 0
0.519499 0
0.130080 0
0.603306 0
0.817075 0
0.070277 0
0.009536 0
0.245994 0
0.096198 0
0.492373 0
0.069533 0
0.940070 0
1.232860 0
0.245521 0
0.033099 0
0.452514 0
0.282928 0
0.457295 0
0.080611 0
0.056321 0
0.109587 0
0.531757 0
0.315953 0
0.026798 0
0.469476 0
0.012385 0
0.741362 0
0.104991 0
0.202010 0
0.069934 0
0.180813 0
0.027485 0
0.556263 0
0.677355 0
0.075578 0
0.119976 0
0.321573 0
0.373796 0
0.284643 0
0.095095 0
0.433746 0
0.207874 0
1.376693 0
0.808032 0
0.276318 0
0.794430 0
1.155684 0
0.132036 0
0.116327 0
0.515607 0
0.440173 0
0.454716 0
0.412672 0
0.974235 0
0.525006 0
1.176868 0
1.033340 0
1.489986 0
0.146914 0
1.375747 0
0.181411 0
0.136089 0
0.011910 0
0.439007 0
0.785349 0
0.008417 0
0.561943 0
0.965970 0
0.704369 0
0.806212 0
0.162004 0
0.036626 0
0.061549 0
0.170972 0
1.017145 0
0.072444 0
0.264344 0
1.001796 0
1.143790 0
0.284597 0
0.359750 0
0.122903 0
1.063523 0
0.870916 0
0.289829 0
0.419444 0
0.415066 0
0.210124 0
0.426592 0
1.577793 0
0.448851 0
0.668428 0
0.270083 0
0.645693 0
1.701215 0
0.329197 0
0.458593 0
0.241982 0
0.489622 0
0.177768 0
0.135373 0
0.298190 0
0.673257 0
0.920056 0
0.262409 0
0.513796 0
0.941411 0
0.116789 0
1.604396 0
0.901300 0
0.718195 0
0.268502 0
0.042538 0
0.146731 0
1.218999 0
0.159624 0
1.610242 0
0.076164 0
0.630121 0
1.530712 0
0.076792 0
1.129057 0
0.614502 0
0.412388 0
1.058078 0
1.357450 0
0.108250 0
0.372419 0
0.230050 0
1.421502 0
0.216195 0
1.434055 0
0.135532 0
0.072998 0
1.412571 0
0.087549 0
0.929382 0
0.341067 0
0.111730 0
0.677298 0
0.034643 0
0.111715 0
0.071365 0
0.081298 0
0.318922 0
0.141371 0
0.048075 0
0.536230 0
0.553406 0
1.456686 0
0.554840 0
0.381644 0
0.821484 0
0.184868 0
1.879813 0
0.417808 0
1.225498 0
0.172598 0
1.061065 0
0.172612 0
1.396388 0
2.006861 0
0.380513 0
1.447174 0
0.021012 0
0.320340 0
0.089428 0
0.684492 0
0.019887 0
0.234475 0
0.152166 0
0.274803 0
0.564141 0
0.714871 0
0.412431 0
0.348779 0
0.341350 0
0.926316 0
0.449798 0
0.773608 0
0.857066 0
0.420392 0
0.032777 0
0.692716 0
1.220364 0
0.557017 0
0.088121 0
0.136598 0
0.016235 0
0.194135 0
0.015841 0
0.186631 0
1.118736 0
0.607321 0
0.612050 0
0.606262 0
0.571608 0
0.552030 0
0.791575 0
0.328097 0
1.337388 0
0.624574 0
0.813943 0
1.184080 0
0.254786 0
0.974519 0
0.948088 0
0.107285 0
0.750106 0
1.262120 0
1.399271 0
0.461007 0
0.212089 0
0.363941 0
0.332050 0
0.177596 0
0.055797 0
1.110673 0
0.078737 0
0.489095 0
0.167591 0
0.178205 0
0.368821 0
1.035257 0
0.162543 0
0.035778 0
0.020319 0
0.348036 0
0.034379 0
0.813645 0
0.008551 0
0.454134 0
0.604945 0
1.392352 0
2.027781 0
0.732811 0
0.208969 0
0.252770 0
1.389303 0
0.488861 0
0.434013 0
1.243390 0
0.064041 0
1.345144 0
0.575182 0
0.008524 0
0.706776 0
0.314555 0
0.773798 0
0.664318 0
0.465971 0
0.193016 0
0.530875 0
1.492036 0
1.653545 0
0.075972 0
0.792153 0
0.092914 0
0.024408 0
0.412743 0
0.133901 0
0.806449 0
0.371598 0
0.978342 0
0.507385 0
0.894953 0
0.462962 0
0.655342 0
0.491902 0
0.671108 0
0.094832 0
0.345986 0
0.490804 0
0.081361 0
0.497556 0
0.177702 0
0.347613 0
0.302973 0
0.097268 0
0.108224 0
0.021772 0
0.567019 0
0.642567 0
0.666241 0
0.235980 0
0.070747 0
0.690369 0
0.011145 0
0.023041 0
0.854168 0
0.165136 0
1.064643 0
0.298176 0
0.110692 0
0.169339 0
0.935322 0
0.637525 0
0.725773 0
1.157831 0
1.317088 0
0.206856 0
0.783492 0
0.023719 0
0.170037 0
0.981015 0
0.247317 0
1.486451 0
0.959602 0
0.182062 0
0.695482 0
0.096456 0
1.018560 0
0.081661 0
1.246871 0
0.460862 0
0.288376 0
0.228457 0
0.478939 0
1.069964 0
0.447515 0
1.353760 0
1.026304 0
0.370775 0
