0.224141 0
1.265084 0
0.213200 0
0.152505 0
0.477658 0
0.645139 0
0.311052 0
1.000802 0
0.038406 0
0.402531 0
1.632466 0
0.364801 0
0.640803 0
0.249642 0
0.246053 0
0.856933 0
0.089581 0
0.181999 0
0.490171 0
1.065127 0
0.130398 0
0.245060 0
0.136668 0
0.071531 0
0.051534 0
0.499460 0
0.056180 0
0.040388 0
0.175731 0
0.106070 0
0.025086 0
0.175373 0
1.007096 0
0.004193 0
0.205101 0
0.164944 0
0.273883 0
0.169727 0
0.614278 0
1.146413 0
0.036943 0
0.052899 0
0.163409 0
0.066153 0
0.017119 0
0.704701 0
0.446939 0
0.679741 0
0.995771 0
1.019944 0
0.081218 0
0.422398 0
0.714146 0
0.589514 0
1.545760 0
0.941602 0
0.730892 0
1.558544 0
0.110191 0
0.594866 0
0.049229 0
0.402714 0
0.525939 0
0.396433 0
0.905918 0
0.102608 0
0.714156 0
0.290585 0
0.769018 0
0.529506 0
0.190443 0
0.049939 0
0.671134 0
0.217508 0
0.434019 0
0.783576 0
0.229106 0
0.755646 0
0.052749 0
0.517749 0
0.008837 0
1.445348 0
0.934612 0
0.277606 0
1.127081 0
1.006234 0
1.126622 0
0.167397 0
0.572043 0
0.117864 0
0.041820 0
0.405230 0
0.003827 0
0.933924 0
0.073009 0
0.069160 0
1.153319 0
0.408798 0
0.166700 0
0.632712 0
1.363323 0
1.708016 0
0.216871 0
0.092778 0
0.079935 0
0.787571 0
0.439257 0
0.492769 0
0.000317 0
1.001134 0
0.726013 0
0.452011 0
0.238480 0
0.717281 0
0.234253 0
0.084596 0
0.332775 0
0.257797 0
0.098073 0
0.356751 0
0.708748 0
1.007392 0
0.441463 0
0.694815 0
0.016553 0
0.136843 0
0.819385 0
0.388913 0
0.308336 0
0.727571 0
0.899505 0
0.415030 0
0.078239 0
0.378220 0
0.123693 0
1.389757 0
0.618139 0
0.075225 0
1.556489 0
0.189594 0
0.056092 0
0.462296 0
0.228878 0
0.592384 0
1.016996 0
0.365202 0
0.518006 0
1.088593 0
0.698717 0
0.102778 0
0.464040 0
0.009637 0
1.616146 0
0.103858 0
0.333652 0
0.631905 0
0.140548 0
1.312485 0
1.421938 0
0.982358 0
0.721190 0
0.164288 0
0.178589 0
0.368496 0
0.361532 0
0.300923 0
0.258573 0
0.407828 0
0.306988 0
0.939661 0
0.083976 0
0.354922 0
0.489839 0
0.070197 0
0.609159 0
0.346798 0
0.391644 0
0.517591 0
0.654193 0
0.995264 0
1.166257 0
0.208625 0
1.141187 0
0.164118 0
0.751153 0
0.571698 0
0.106825 0
0.487521 0
0.299837 0
0.633018 0
0.545443 0
1.551865 0
0.400738 0
0.080573 0
0.201568 0
0.384178 0
1.918788 0
0.066923 0
0.233009 0
1.794026 0
1.380341 0
1.111007 0
0.384155 0
0.159613 0
0.157628 0
0.659819 0
0.399143 0
0.035099 0
1.443958 0
0.434409 0
0.571827 0
0.286470 0
0.938081 0
1.457217 0
0.567220 0
0.662377 0
0.392910 0
1.204490 0
0.266609 0
0.256287 0
0.648644 0
0.177677 0
0.183287 0
0.719274 0
0.286574 0
0.265156 0
0.855088 0
0.258699 0
0.216957 0
0.040702 0
0.649770 0
1.010461 0
0.470073 0
0.099622 0
0.248836 0
0.368221 0
0.924026 0
0.788163 0
0.263742 0
1.438068 0
1.010467 0
0.062860 0
0.254651 0
0.095071 0
1.138410 0
1.086590 0
0.540347 0
0.008326 0
0.013654 0
0.092177 0
0.791810 0
0.616222 0
1.441937 0
0.051344 0
0.269538 0
1.245344 0
0.398836 0
0.437798 0
0.396154 0
0.099653 0
0.032917 0
0.076012 0
0.188151 0
0.336935 0
0.276866 0
0.157253 0
0.674497 0
0.473087 0
0.097893 0
0.565589 0
0.364494 0
0.468808 0
0.185815 0
0.349499 0
0.404241 0
0.096421 0
0.430514 0
0.742587 0
1.406352 0
0.290477 0
0.028715 0
0.496480 0
0.332706 0
0.613799 0
1.021706 0
0.159892 0
0.524955 0
1.112079 0
0.164562 0
0.734692 0
0.425405 0
0.339521 0
0.084079 0
0.527065 0
0.383945 0
0.256599 0
0.393031 0
1.185760 0
0.156104 0
0.225100 0
0.339507 0
1.761503 0
1.169356 0
0.445583 0
1.515520 0
0.583566 0
0.139532 0
0.022967 0
1.033929 0
0.117703 0
0.039360 0
0.052958 0
1.034554 0
1.063824 0
0.310102 0
0.138193 0
0.813460 0
0.622644 0
0.206187 0
0.203746 0
0.734762 0
0.134568 0
1.489978 0
0.141042 0
0.436183 0
0.402213 0
1.499390 0
1.255518 0
0.298025 0
0.198045 0
0.519641 0
0.135926 0
1.148883 0
1.385280 0
0.636128 0
0.510467 0
0.644640 0
0.718884 0
0.010987 0
0.245628 0
0.382932 0
0.015992 0
0.028840 0
0.120792 0
0.777533 0
0.072748 0
0.011166 0
1.129742 0
0.280906 0
0.615059 0
0.601081 0
0.070633 0
0.549799 0
0.795246 0
1.115729 0
1.259953 0
1.498853 0
0.801707 0
0.612926 0
0.382462 0
0.835517 0
0.230816 0
1.049042 0
0.491596 0
1.419081 0
0.561183 0
0.241401 0
0.158647 0
0.362001 0
0.047175 0
0.481047 0
1.247442 0
0.572085 0
0.900418 0
0.096034 0
0.083013 0
0.182847 0
0.368441 0
0.688448 0
0.232253 0
1.844127 0
0.057650 0
0.113738 0
0.264897 0
0.294288 0
0.069799 0
0.331373 0
1.126758 0
0.853278 0
1.191322 0
0.246608 0
0.804156 0
0.213371 0
1.923354 0
0.009992 0
0.003661 0
0.631913 0
1.513243 0
0.067850 0
0.034438 0
1.427356 0
0.080496 0
0.056414 0
0.410566 0
0.775735 0
0.857446 0
0.098177 0
0.060157 0
0.498159 0
0.091396 0
0.944912 0
1.140867 0
0.067240 0
0.107483 0
0.310594 0
0.360850 0
1.170025 0
0.710349 0
0.868786 0
1.423728 0
1.017654 0
1.409286 0
1.456818 0
1.485791 0
1.420026 0
0.130857 0
0.464627 0
0.661069 0
1.396105 0
1.111615 0
0.046534 0
0.031834 0
0.881612 0
1.965842 0
0.340673 0
0.024469 0
0.288955 0
0.231508 0
0.980602 0
0.457195 0
0.919473 0
0.522870 0
0.060569 0
0.201140 0
0.233422 0
0.061813 0
0.300911 0
0.643895 0
0.608324 0
0.409399 0
0.373078 0
1.435908 0
0.496181 0
0.834105 0
0.329870 0
1.065809 0
0.819166 0
0.994456 0
0.282228 0
0.142007 0
0.007766 0
1.092721 0
0.358433 0
0.816534 0
0.578497 0
0.349035 0
0.455029 0
0.064397 0
0.671938 0
0.279591 0
0.150445 0
0.196760 0
0.114730 0
0.422905 0
0.460982 0
0.229385 0
0.182965 0
0.380832 0
0.418491 0
0.250231 0
0.428999 0
0.500665 0
0.162089 0
0.454052 0
1.163892 0
0.487265 0
0.418534 0
1.482142 0
0.130337 0
0.383287 0
0.494115 0
0.583868 0
0.357176 0
0.281697 0
1.144174 0
0.197671 0
0.499501 0
0.307272 0
1.352816 0
0.295037 0
1.550938 0
0.404122 0
0.241107 0
0.339882 0
0.371030 0
0.707646 0
0.334032 0
0.363291 0
0.178429 0
0.267798 0
0.941009 0
1.959694 0
0.258392 0
0.343088 0
0.075091 0
0.191858 0
0.374296 0
0.007893 0
0.156626 0
0.066824 0
0.354042 0
1.046923 0
0.056158 0
1.100655 0
1.029991 0
0.072522 0
0.174790 0
0.028404 0
1.344227 0
0.953405 0
1.249353 0
0.990424 0
0.178403 0
0.389465 0
0.467647 0
0.298112 0
0.098295 0
0.531332 0
0.440233 0
0.890940 0
0.310449 0
0.068609 0
0.251638 0
0.400471 0
1.080304 0
0.112745 0
0.279577 0
0.163180 0
1.487461 0
1.608431 0
0.320635 0
1.026848 0
0.169916 0
1.373074 0
0.268325 0
0.979147 0
0.173740 0
0.159245 0
0.250846 0
0.362544 0
0.557261 0
0.753368 0
0.934168 0
1.044315 0
0.314922 0
0.964747 0
1.240517 0
0.516850 0
0.550284 0
0.013573 0
0.303902 0
0.380717 0
0.713030 0
0.479876 0
0.125239 0
0.345312 0
1.153448 0
0.012412 0
0.593150 0
0.069333 0
0.283049 0
0.182144 0
0.229554 0
0.192699 0
0.289124 0
0.384746 0
0.335816 0
0.272481 0
1.738877 0
0.481767 0
0.172580 0
0.086322 0
0.068400 0
1.046834 0
0.367778 0
1.028137 0
0.620952 0
0.485600 0
1.384301 0
0.939854 0
0.951484 0
0.192498 0
0.519334 0
0.168952 0
0.435676 0
0.285327 0
0.176528 0
1.096882 0
0.518721 0
0.485563 0
0.570645 0
0.448210 0
0.789893 0
1.810018 0
0.064159 0
0.377050 0
0.423141 0
0.009747 0
0.959377 0
1.184670 0
0.710988 0
1.374130 0
0.630367 0
0.041219 0
0.393998 0
0.569022 0
0.222614 0
0.406782 0
0.058535 0
1.578584 0
0.535230 0
0.582806 0
1.395613 0
0.116083 0
0.526033 0
0.016010 0
0.155015 0
1.261491 0
0.858668 0
1.003013 0
1.206674 0
0.074961 0
1.713592 0
0.444802 0
0.061057 0
0.870050 0
0.073812 0
0.134824 0
0.457301 0
0.839897 0
0.036415 0
0.447983 0
0.813735 0
0.441886 0
0.153761 0
0.063159 0
0.153321 0
0.489970 0
0.454473 0
0.323011 0
0.213394 0
0.256764 0
0.776512 0
0.172700 0
0.116128 0
0.639877 0
0.116386 0
0.110607 0
0.537302 0
0.165355 0
0.395169 0
0.498047 0
0.175787 0
0.186744 0
0.822734 0
0.050783 0
0.711573 0
1.357285 0
0.035442 0
0.259420 0
0.735045 0
0.354429 0
1.426279 0
0.097257 0
1.420597 0
0.841828 0
0.588893 0
0.243661 0
1.295970 0
0.888998 0
0.709150 0
0.375692 0
0.213020 0
0.069533 0
0.038877 0
0.287244 0
0.839038 0
0.034081 0
0.041768 0
0.722494 0
0.068652 0
0.836933 0
0.431863 0
0.246505 0
0.479354 0
1.121032 0
0.863374 0
0.078591 0
0.535105 0
0.147468 0
0.121451 0
0.978983 0
0.683477 0
0.039425 0
0.311102 0
0.137234 0
0.079634 0
0.549098 0
0.519954 0
1.233460 0
0.239671 0
0.270426 0
0.115076 0
0.163540 0
0.092931 0
0.150489 0
0.471759 0
0.090063 0
0.056975 0
1.100686 0
0.123588 0
0.526420 0
0.096099 0
0.143640 0
0.049077 0
0.198116 0
0.014251 0
0.969189 0
0.387637 0
0.115635 0
0.270807 0
0.551331 0
0.502225 0
0.232327 0
0.771077 0
0.493444 0
1.055936 0
0.108553 0
0.222718 0
0.045067 0
0.205006 0
0.072320 0
0.026679 0
0.257349 0
0.636027 0
0.633006 0
0.110170 0
0.292738 0
0.748508 0
0.050118 0
0.131992 0
0.558260 0
0.911785 0
0.395407 0
0.315327 0
0.543805 0
0.424525 0
0.755664 0
0.827933 0
0.005554 0
0.676861 0
0.229224 0
0.674518 0
0.077224 0
1.438782 0
0.933206 0
0.518337 0
1.473241 0
0.251451 0
0.689441 0
0.285389 0
0.375155 0
0.506508 0
0.168246 0
0.099187 0
0.529391 0
0.307394 0
0.435659 0
0.360842 0
0.558602 0
0.770478 0
0.871408 0
0.024909 0
0.848481 0
1.084862 0
0.936307 0
0.106617 0
0.981763 0
0.954484 0
0.006321 0
0.585766 0
0.091302 0
1.520081 0
0.099907 0
0.317168 0
0.762120 0
0.365903 0
0.126768 0
0.022583 0
0.236218 0
0.504347 0
0.039932 0
0.151914 0
0.202610 0
1.569293 0
0.096180 0
0.449419 0
1.428675 0
0.590896 0
0.043135 0
0.291521 0
0.464639 0
0.739404 0
1.078703 0
0.649955 0
0.000717 0
0.395046 0
1.273316 0
0.397115 0
0.454123 0
0.346516 0
0.174244 0
0.707277 0
0.090677 0
0.109051 0
0.213863 0
0.306727 0
0.248917 0
0.039074 0
1.237841 0
0.371026 0
0.379001 0
0.385976 0
0.098094 0
0.068811 0
1.392029 0
1.168414 0
1.605848 0
1.277945 0
0.035143 0
0.085338 0
0.906647 0
0.358983 0
0.066337 0
0.021173 0
0.279185 0
1.077877 0
0.587440 0
0.015157 0
0.822514 0
0.064823 0
0.943001 0
0.047370 0
0.384767 0
0.007504 0
0.011494 0
0.598292 0
0.166256 0
0.268761 0
0.204641 0
0.049451 0
0.783700 0
0.499551 0
0.649910 0
1.638230 0
0.340723 0
0.120633 0
0.682216 0
0.106202 0
1.923441 0
0.471444 0
0.021853 0
0.157855 0
0.440112 0
1.415344 0
0.479939 0
0.514758 0
0.369836 0
0.450572 0
1.062625 0
0.196184 0
0.005604 0
0.291583 0
0.468501 0
0.027842 0
0.561661 0
0.297099 0
0.751431 0
0.078908 0
0.252269 0
0.154664 0
0.066905 0
0.456354 0
0.335991 0
0.052363 0
0.296815 0
0.625071 0
0.088393 0
0.785093 0
0.045034 0
0.443881 0
0.039123 0
0.471514 0
0.406809 0
0.295898 0
0.126936 0
0.522920 0
0.495827 0
1.256056 0
0.093147 0
0.122269 0
0.589125 0
0.600556 0
2.298326 0
0.282017 0
1.150743 0
0.326235 0
0.242178 0
0.966500 0
1.751350 0
1.409914 0
0.079292 0
0.368633 0
0.101869 0
0.427703 0
0.134476 0
0.763504 0
0.248165 0
0.184388 0
0.163249 0
0.105040 0
0.826837 0
0.689708 0
0.844094 0
0.107241 0
0.117958 0
1.146495 0
0.155396 0
0.082971 0
1.190219 0
0.378933 0
0.025331 0
1.373807 0
0.419331 0
0.735893 0
0.192466 0
0.558132 0
0.534226 0
0.133032 0
0.036874 0
0.842507 0
2.025838 0
0.117837 0
0.055526 0
0.366274 0
0.116901 0
0.731957 0
0.448130 0
1.790318 0
0.281080 0
0.601690 0
0.058282 0
0.431205 0
0.358135 0
0.429667 0
0.793517 0
0.364756 0
0.160336 0
0.678406 0
0.077004 0
0.441121 0
0.349349 0
0.297286 0
0.045592 0
0.373367 0
0.335806 0
0.187401 0
0.026967 0
0.396831 0
0.332751 0
0.224275 0
0.092744 0
0.965377 0
0.301058 0
0.331834 0
1.414950 0
0.072575 0
0.183362 0
0.736837 0
0.587608 0
0.126445 0
0.120094 0
0.208790 0
0.717312 0
0.848075 0
0.468518 0
0.101688 0
0.163377 0
1.390055 0
0.834772 0
0.595037 0
0.888097 0
0.952183 0
0.198002 0
0.017226 0
0.170759 0
1.261775 0
1.201182 0
0.419458 0
0.541315 0
0.096393 0
0.071878 0
0.274297 0
0.864681 0
0.692392 0
0.530471 0
0.048073 0
1.112478 0
0.316303 0
0.144775 0
1.152882 0
0.560549 0
0.381734 0
0.329662 0
0.525146 0
0.616510 0
0.817840 0
0.099305 0
0.661014 0
0.906347 0
0.442459 0
0.288782 0
0.776309 0
0.309331 0
0.593053 0
0.168168 0
0.743479 0
0.534239 0
0.492560 0
0.688854 0
0.423434 0
0.197598 0
0.597620 0
0.176820 0
0.107474 0
0.059729 0
0.443770 0
0.115859 0
0.568820 0
0.875347 0
1.080306 0
0.687139 0
0.328692 0
0.110260 0
0.286637 0
0.619307 0
0.682365 0
0.077411 0
0.080671 0
0.226768 0
0.605517 0
0.205051 0
0.125107 0
0.194711 0
0.420111 0
0.170965 0
0.407259 0
0.328263 0
0.126462 0
0.066393 0
0.404525 0
0.790950 0
0.251717 0
0.060355 0
1.349704 0
2.190076 0
0.096894 0
0.456016 0
0.134387 0
0.398230 0
0.109516 0
0.399501 0
0.304789 0
1.068514 0
0.103619 0
0.291083 0
0.674273 0
0.679732 0
0.379543 0
0.059670 0
0.332764 0
0.681727 0
1.509351 0
0.046152 0
0.171302 0
1.427459 0
0.088795 0
0.089338 0
0.524188 0
0.615444 0
0.544782 0
0.152865 0
0.775750 0
0.565368 0
0.060827 0
0.944865 0
0.266418 0
1.028876 0
1.383007 0
0.117492 0
1.053130 0
0.015054 0
0.364774 0
0.323229 0
0.065578 0
0.021496 0
1.411965 0
0.211752 0
0.355296 0
0.145823 0
0.190309 0
0.264240 0
0.249938 0
0.238999 0
0.671160 0
0.234907 0
1.553629 0
0.919234 0
0.166290 0
1.083994 0
0.165870 0
0.112971 0
0.300777 0
0.385358 0
0.092025 0
0.215600 0
1.104672 0
0.583368 0
0.417736 0
0.057311 0
0.852904 0
0.277053 0
0.022569 0
0.490956 0
0.277354 0
0.725685 0
1.048148 0
0.080158 0
0.070883 0
0.103735 0
0.384512 0
0.566987 0
0.424828 0
0.447017 0
1.591602 0
0.433552 0
0.270599 0
0.257836 0
0.778072 0
1.196432 0
0.589858 0
0.065080 0
0.177259 0
0.373082 0
1.076777 0
0.021501 0
0.552490 0
0.347107 0
0.012640 0
0.016995 0
0.300785 0
0.805353 0
0.532939 0
0.235647 0
0.102027 0
0.084352 0
0.367487 0
0.733079 0
0.385937 0
0.596119 0
0.182237 0
0.237532 0
0.251321 0
0.145108 0
0.201053 0
0.448503 0
0.020671 0
0.458100 0
0.031019 0
0.065309 0
0.406956 0
0.271895 0
0.265162 0
1.363627 0
0.801828 0
1.108091 0
0.806849 0
0.187237 0
0.234215 0
0.010029 0
0.487592 0
0.413973 0
0.156635 0
0.092042 0
0.293724 0
0.008453 0
0.555733 0
1.423476 0
0.305829 0
0.111086 0
0.571812 0
1.248761 0
0.050340 0
1.118400 0
0.190663 0
0.302660 0
0.061336 0
0.058019 0
1.069925 0
0.860774 0
0.529274 0
1.175906 0
0.432811 0
0.547482 0
0.185987 0
0.151256 0
0.167488 0
0.064985 0
1.004904 0
0.568996 0
0.218895 0
0.320822 0
0.039977 0
0.352855 0
0.699184 0
1.189835 0
0.566886 0
0.114448 0
0.602846 0
1.190099 0
1.528635 0
0.506731 0
1.061329 0
0.348544 0
0.593590 0
0.598216 0
1.231820 0
0.412926 0
0.559618 0
0.310290 0
0.332371 0
0.078752 0
0.054941 0
0.784163 0
0.337569 0
0.398555 0
0.313204 0
0.084547 0
0.116045 0
0.601503 0
0.731489 0
0.495131 0
0.754593 0
0.494803 0
0.600485 0
0.715415 0
0.251409 0
0.618470 0
0.087711 0
0.560905 0
0.105126 0
0.153565 0
0.184683 0
0.494406 0
0.211965 0
0.120728 0
0.290282 0
0.069155 0
0.207102 0
0.536338 0
0.265721 0
0.117987 0
0.726242 0
0.287899 0
0.513991 0
0.156944 0
0.471163 0
0.059621 0
0.526619 0
0.413420 0
0.133388 0
0.013877 0
0.158479 0
0.216996 0
0.316235 0
0.360853 0
0.955450 0
0.419667 0
1.101905 0
0.456081 0
0.034260 0
0.059253 0
0.261485 0
0.282854 0
0.122206 0
0.926174 0
0.288282 0
1.578532 0
0.242407 0
0.248481 0
0.185841 0
0.421835 0
0.601623 0
1.386217 0
0.034790 0
0.144049 0
0.097510 0
0.157035 0
1.472351 0
0.236717 0
0.188682 0
0.007750 0
0.356887 0
0.179515 0
0.530696 0
0.518058 0
0.617127 0
0.042200 0
0.736126 0
0.882703 0
0.267703 0
0.015049 0
0.249653 0
0.612977 0
0.854515 0
0.600548 0
0.258053 0
0.150478 0
0.529904 0
0.190216 0
0.490825 0
0.134104 0
0.429208 0
0.215380 0
0.295135 0
0.357384 0
0.182063 0
0.368386 0
0.055779 0
1.809404 0
0.173716 0
1.719808 0
0.253863 0
0.339408 0
0.215994 0
0.623024 0
1.233548 0
1.617723 0
1.804021 0
1.405065 0
0.302039 0
1.754162 0
0.134968 0
0.819346 0
0.099800 0
1.373228 0
0.203797 0
0.702926 0
0.059826 0
0.091397 0
1.187163 0
0.296108 0
2.011339 0
0.352740 0
0.597728 0
0.408171 0
0.310165 0
0.209644 0
0.019704 0
0.136496 0
0.470213 0
0.470943 0
0.268517 0
0.060372 0
0.530844 0
0.614219 0
0.268406 0
0.535606 0
0.685378 0
1.019857 0
0.181654 0
0.576663 0
0.367808 0
0.720567 0
0.106243 0
0.153805 0
0.004674 0
0.230228 0
0.178654 0
0.109072 0
1.309734 0
0.112903 0
0.252482 0
0.053702 0
0.090879 0
0.662951 0
1.426291 0
0.655942 0
0.057108 0
0.580515 0
0.065827 0
0.517446 0
1.668510 0
1.144038 0
0.190914 0
0.348401 0
0.398745 0
0.055123 0
0.170816 0
0.045589 0
1.114436 0
0.786847 0
0.016657 0
0.065663 0
0.131526 0
0.404074 0
0.322228 0
0.153834 0
0.340888 0
1.415882 0
0.784349 0
0.078667 0
0.968045 0
0.729955 0
0.266927 0
0.022731 0
0.024996 0
0.133472 0
1.091148 0
0.285024 0
0.154311 0
0.077328 0
0.249371 0
0.144771 0
0.683539 0
0.402906 0
0.284150 0
0.194400 0
1.108786 0
0.473973 0
0.573425 0
0.452332 0
1.304736 0
0.309915 0
0.467691 0
0.108917 0
0.358821 0
0.308321 0
0.946740 0
1.201992 0
0.112214 0
0.297258 0
0.509873 0
0.229283 0
0.438369 0
0.260195 0
0.597100 0
0.035279 0
0.845978 0
1.030498 0
0.257272 0
0.488667 0
1.413712 0
0.654548 0
0.197019 0
0.347834 0
0.132398 0
0.138857 0
0.044047 0
0.079677 0
0.175300 0
0.363170 0
0.045947 0
0.257727 0
0.873042 0
0.158651 0
0.815854 0
1.885694 0
0.313509 0
0.800263 0
1.121279 0
0.126920 0
0.365958 0
0.124652 0
0.036049 0
0.444847 0
0.294669 0
0.681882 0
0.111596 0
0.371386 0
0.092905 0
0.378306 0
0.032394 0
0.103206 0
0.867944 0
0.364727 0
0.584906 0
1.571225 0
0.121641 0
0.439438 0
0.241867 0
0.329829 0
0.671487 0
0.165416 0
0.001696 0
0.315530 0
0.580554 0
0.238502 0
0.487444 0
0.060333 0
0.981296 0
0.085882 0
0.056347 0
0.064423 0
0.360684 0
0.778879 0
0.636361 0
0.105417 0
1.520298 0
0.486136 0
0.411247 0
0.964222 0
0.217295 0
1.025928 0
0.873433 0
0.425634 0
0.124370 0
0.112503 0
0.465490 0
0.159328 0
0.012603 0
0.233312 0
1.034546 0
0.248066 0
0.414185 0
0.629090 0
0.356147 0
0.272734 0
0.554526 0
1.224730 0
0.221601 0
0.200159 0
0.216017 0
0.284385 0
0.041413 0
0.399548 0
0.541372 0
1.483420 0
0.271979 0
1.097434 0
0.080848 0
1.635554 0
0.114498 0
0.981684 0
0.177727 0
0.005734 0
0.790423 0
0.366511 0
0.700838 0
0.183028 0
0.873441 0
0.575243 0
0.160809 0
0.251671 0
0.149555 0
0.562559 0
0.293059 0
1.370513 0
0.452720 0
0.358988 0
0.363043 0
0.974814 0
0.453220 0
0.917283 0
0.130953 0
0.347319 0
0.147807 0
0.108305 0
0.663653 0
0.981928 0
0.330275 0
0.637072 0
0.032860 0
0.407223 0
1.040162 0
0.947628 0
0.088909 0
0.566877 0
0.180538 0
0.248220 0
0.160809 0
0.429951 0
0.485065 0
0.223929 0
0.722433 0
0.018969 0
1.367972 0
0.161404 0
0.147164 0
0.262457 0
0.310175 0
0.065006 0
0.012106 0
0.057864 0
0.438823 0
0.850784 0
0.021288 0
0.218605 0
0.565722 0
0.432034 0
0.213526 0
0.532903 0
1.731362 0
1.494709 0
0.123833 0
1.432489 0
0.523827 0
1.500707 0
0.115534 0
0.864408 0
0.476418 0
0.082158 0
0.007726 0
0.042117 0
0.431569 0
0.629581 0
1.068215 0
0.126919 0
1.363470 0
1.312922 0
0.177225 0
1.423050 0
0.351395 0
0.807200 0
0.488316 0
0.803440 0
0.575223 0
0.697402 0
0.245605 0
0.095240 0
0.245105 0
0.525985 0
0.164698 0
0.646187 0
0.333049 0
0.497681 0
0.198453 0
0.895248 0
0.047926 0
0.712044 0
1.163188 0
0.264109 0
0.371242 0
0.268868 0
0.535383 0
0.717561 0
0.222722 0
0.947784 0
0.027346 0
0.049611 0
0.134033 0
0.799248 0
0.980809 0
0.094297 0
0.264711 0
0.304315 0
0.541771 0
0.144716 0
0.519250 0
0.325230 0
0.377693 0
0.779054 0
1.076573 0
0.901581 0
0.175516 0
0.215865 0
0.054369 0
0.325003 0
1.459806 0
0.219854 0
0.852536 0
0.891063 0
0.347585 0
0.529447 0
0.392955 0
0.139147 0
0.238943 0
1.512878 0
0.617604 0
0.007150 0
0.390223 0
0.675511 0
0.137434 0
0.312041 0
1.212517 0
0.028032 0
0.520421 0
0.029192 0
0.679151 0
0.180256 0
0.406476 0
1.556780 0
1.286251 0
0.083158 0
0.409387 0
0.228037 0
0.383035 0
0.398322 0
0.463817 0
0.024653 0
0.185325 0
0.009833 0
0.550586 0
0.545346 0
0.096872 0
0.596352 0
0.353094 0
0.307795 0
0.613559 0
0.616002 0
0.109527 0
0.085832 0
0.602128 0
0.660494 0
0.213933 0
0.461837 0
0.607709 0
1.216394 0
0.704581 0
0.169161 0
0.117018 0
0.139886 0
1.393364 0
0.559849 0
0.183649 0
0.070851 0
0.330172 0
0.114183 0
0.094085 0
0.712598 0
1.127160 0
0.437291 0
0.116189 0
0.439016 0
0.639216 0
0.152810 0
0.212923 0
0.933182 0
1.491035 0
0.083184 0
0.035127 0
0.289120 0
0.405201 0
0.103636 0
1.044548 0
0.700671 0
0.846183 0
0.143418 0
0.094425 0
0.209765 0
0.181902 0
0.429009 0
0.446515 0
0.281366 0
0.405585 0
0.072118 0
0.324116 0
0.724906 0
0.354370 0
0.341131 0
0.007031 0
0.134120 0
0.546771 0
0.587943 0
0.540298 0
0.838223 0
0.661395 0
0.361345 0
1.678932 0
0.268954 0
1.303354 0
0.705734 0
0.069544 0
0.279467 0
0.058273 0
0.997112 0
1.140520 0
0.603260 0
0.130196 0
0.073568 0
0.002836 0
0.135363 0
0.164151 0
0.039061 0
0.266938 0
1.490466 0
0.088426 0
1.764829 0
0.238406 0
1.827511 0
0.600651 0
0.134844 0
0.322555 0
0.526634 0
0.098295 0
0.061706 0
0.669784 0
0.180359 0
0.080763 0
1.007613 0
0.160878 0
1.544885 0
0.157513 0
0.417266 0
0.189328 0
0.237392 0
0.561067 0
0.142806 0
0.649976 0
0.069761 0
1.473743 0
0.277883 0
0.917506 0
1.106953 0
0.638771 0
0.383539 0
0.074677 0
0.044408 0
0.614848 0
0.358732 0
0.247812 0
0.615064 0
0.224002 0
0.287127 0
0.297505 0
0.151248 0
0.463003 0
0.522920 0
0.169287 0
0.103953 0
0.296031 0
1.585328 0
0.552339 0
0.027963 0
0.712984 0
0.388554 0
0.013840 0
0.248398 0
0.194861 0
0.026407 0
0.101942 0
0.726995 0
0.341564 0
1.564490 0
0.701548 0
1.234719 0
0.274796 0
0.202033 0
0.023436 0
1.179709 0
1.174036 0
0.052798 0
