0.239011 0
0.444737 0
0.139784 0
1.766094 0
1.398608 0
0.076196 0
0.506049 0
0.594266 0
1.451466 0
0.125809 0
0.418383 0
0.406083 0
0.161305 0
0.620963 0
0.033001 0
1.212175 0
0.139222 0
0.494754 0
0.115120 0
1.457940 0
0.095985 0
0.030681 0
0.048687 0
0.104782 0
0.104430 0
0.151038 0
0.105420 0
1.484395 0
0.622509 0
0.035374 0
0.175481 0
0.595903 0
0.062344 0
0.726464 0
0.128440 0
0.581700 0
0.334688 0
0.652950 0
1.392561 0
0.080343 0
1.520073 0
0.953531 0
0.130165 0
0.305939 0
0.361887 0
0.093723 0
0.641276 0
0.213542 0
0.060412 0
0.228503 0
0.438519 0
0.497876 0
1.077297 0
1.316335 0
0.277509 0
0.076172 0
0.481361 0
0.734604 0
0.320284 0
0.274461 0
1.024264 0
0.015664 0
0.772820 0
0.473667 0
1.023921 0
0.126382 0
0.123183 0
0.064717 0
1.099415 0
0.076649 0
0.275678 0
0.045573 0
0.457863 0
0.045232 0
0.279802 0
0.018468 0
0.639497 0
0.176237 0
0.104857 0
1.086929 0
0.040245 0
1.124426 0
0.696954 0
0.701970 0
0.266239 0
0.019992 0
0.759644 0
0.326132 0
1.037181 0
0.543561 0
0.778015 0
0.871672 0
0.063349 0
0.129949 0
1.252380 0
0.040351 0
0.106290 0
0.258237 0
0.834135 0
0.323762 0
0.355080 0
0.238557 0
0.115888 0
0.988780 0
0.219311 0
1.357724 0
0.485325 0
1.213402 0
0.818521 0
1.155338 0
0.516566 0
1.710468 0
0.060534 0
0.387571 0
0.024490 0
0.322187 0
0.200731 0
0.074607 0
0.209661 0
0.622921 0
0.847331 0
0.163066 0
0.235154 0
0.306311 0
0.085914 0
0.308804 0
0.913297 0
0.384557 0
0.054345 0
0.509195 0
0.095110 0
0.157964 0
0.393391 0
1.120365 0
1.216971 0
0.159490 0
0.204223 0
0.141398 0
0.022519 0
0.210711 0
0.088342 0
0.291670 0
1.103654 0
0.070754 0
0.120622 0
0.096994 0
0.128875 0
1.449422 0
0.509265 0
0.054632 0
1.171959 0
0.172891 0
0.316258 0
0.464270 0
0.692293 0
0.395304 0
0.065559 0
0.123806 0
1.795104 0
0.095116 0
1.266572 0
0.077244 0
0.512172 0
0.547771 0
0.431925 0
0.181537 0
0.761258 0
0.996137 0
0.057877 0
0.068232 0
0.554855 0
0.366664 0
0.172863 0
0.363401 0
0.949868 0
0.103718 0
0.237757 0
0.555303 0
1.356943 0
0.827148 0
0.406755 0
0.361431 0
0.226336 0
0.802836 0
0.215876 0
0.432480 0
0.125322 0
0.465833 0
0.350026 0
1.064084 0
0.752366 0
1.136577 0
0.024135 0
0.992623 0
0.017253 0
1.414572 0
0.534978 0
0.602023 0
0.192185 0
0.115077 0
0.082655 0
0.390031 0
1.361258 0
1.418720 0
0.974819 0
0.098035 0
0.396860 0
0.453802 0
0.143265 0
1.381545 0
0.266696 0
0.193364 0
0.903779 0
0.220492 0
0.429371 0
0.826122 0
0.006394 0
0.258250 0
0.105098 0
0.100697 0
0.049216 0
0.063780 0
0.028867 0
1.358394 0
0.003345 0
0.774725 0
0.841943 0
0.106574 0
0.336654 0
0.027065 0
0.061177 0
1.098885 0
0.445363 0
0.937772 0
0.475551 0
0.939097 0
0.649228 0
0.009214 0
0.174448 0
0.193231 0
0.106813 0
0.364432 0
0.068758 0
1.134495 0
0.221891 0
0.240595 0
0.180596 0
0.920475 0
0.332568 0
0.164305 0
0.748933 0
0.568371 0
0.281753 0
0.023311 0
0.313448 0
1.003425 0
1.098136 0
1.501543 0
0.109207 0
0.552035 0
0.210021 0
0.514031 0
0.937684 0
0.631938 0
0.716066 0
0.341655 0
0.234756 0
0.138141 0
0.144269 0
0.042252 0
0.320759 0
0.314919 0
0.015634 0
0.958838 0
0.071604 0
0.835599 0
0.363981 0
0.431953 0
0.135136 0
0.838173 0
1.503723 0
0.404498 0
0.418155 0
0.186885 0
0.434210 0
1.353741 0
0.740464 0
0.198294 0
0.084463 0
1.393312 0
0.197952 0
0.341416 0
0.068679 0
0.595751 0
0.235337 0
0.182513 0
0.373128 0
0.190840 0
1.517313 0
0.035007 0
0.184363 0
0.728946 0
0.006101 0
0.429221 0
0.039297 0
0.503608 0
1.164931 0
1.939276 0
0.803944 0
0.969528 0
0.034372 0
1.004131 0
0.623327 0
0.043110 0
0.086850 0
0.255430 0
0.013328 0
0.108453 0
0.167718 0
0.270776 0
0.110484 0
0.442048 0
0.027491 0
0.084763 0
0.249409 0
0.095413 0
0.102144 0
0.063399 0
0.170048 0
0.127394 0
1.129231 0
1.126745 0
0.303208 0
1.038683 0
0.139045 0
1.310668 0
0.475916 0
0.003678 0
0.285011 0
1.530648 0
0.606129 0
0.413706 0
0.278083 0
0.205314 0
0.356405 0
1.401807 0
1.467440 0
0.338807 0
0.004696 0
0.773982 0
0.220245 0
0.459963 0
0.336180 0
0.196404 0
0.509939 0
0.209277 0
0.591855 0
0.287595 0
0.279011 0
0.698074 0
0.490734 0
0.821535 0
0.669626 0
0.880997 0
0.089997 0
0.182983 0
0.561029 0
0.512891 0
0.040211 0
0.092962 0
0.412682 0
0.488778 0
0.348776 0
1.530337 0
1.303284 0
0.138287 0
0.616894 0
0.247689 0
0.617904 0
0.126809 0
0.735783 0
1.501478 0
0.213017 0
0.023669 0
0.701798 0
0.188863 0
0.245310 0
0.435854 0
0.186703 0
0.032495 0
0.399987 0
0.354354 0
0.294756 0
1.051467 0
0.600735 0
0.648206 0
0.134047 0
1.104900 0
0.854121 0
0.227265 0
0.056047 0
0.015276 0
0.342504 0
0.059630 0
0.148820 0
0.179194 0
0.675145 0
0.027627 0
0.369582 0
0.115877 0
0.695903 0
0.838323 0
0.203987 0
0.227868 0
0.526984 0
0.064779 0
0.562342 0
0.101994 0
0.876359 0
1.263264 0
1.577420 0
0.496547 0
0.510516 0
0.114903 0
0.876095 0
0.276677 0
0.010393 0
0.139455 0
0.055005 0
0.013720 0
0.262614 0
1.483402 0
0.803899 0
0.855555 0
0.313231 0
0.643163 0
1.469746 0
0.418306 0
0.142284 0
0.075615 0
0.364480 0
0.488364 0
0.919705 0
0.432078 0
0.355649 0
0.361283 0
0.067102 0
0.639328 0
0.084677 0
0.320952 0
0.015055 0
0.412861 0
0.285477 0
0.142546 0
0.448975 0
0.141727 0
0.648847 0
0.123707 0
0.720652 0
0.216725 0
0.128747 0
0.950284 0
1.104676 0
0.661649 0
0.694744 0
1.421278 0
0.703130 0
0.577456 0
0.239856 0
0.705115 0
0.444512 0
0.303951 0
0.045907 0
0.363815 0
1.104104 0
0.220768 0
0.157079 0
0.293289 0
0.187410 0
0.397702 0
1.432459 0
0.388034 0
0.590195 0
0.594996 0
0.614770 0
0.457103 0
0.227093 0
0.564932 0
0.157380 0
0.721951 0
0.489332 0
0.343402 0
0.176266 0
0.670269 0
0.545524 0
0.095179 0
0.106023 0
0.158059 0
0.947669 0
0.682529 0
0.332790 0
0.119697 0
1.442850 0
0.103667 0
0.043400 0
0.369861 0
1.087388 0
0.241854 0
1.402994 0
0.191004 0
0.373806 0
0.060856 0
0.667990 0
0.928567 0
1.077872 0
1.011277 0
0.088220 0
0.526023 0
0.215750 0
1.469325 0
0.799272 0
0.056655 0
0.297315 0
0.294278 0
0.255315 0
0.679309 0
0.089048 0
0.524900 0
0.467415 0
0.494607 0
0.094493 0
0.245198 0
0.626808 0
0.397738 0
1.691038 0
0.140676 0
0.037897 0
0.473939 0
0.042207 0
1.228664 0
0.334436 0
1.065238 0
0.151797 0
1.251468 0
1.320587 0
0.098592 0
0.076813 0
0.628677 0
0.259763 0
0.474953 0
0.083597 0
0.109660 0
0.260517 0
0.111492 0
0.177661 0
0.651601 0
1.385276 0
0.056057 0
0.436822 0
0.128810 0
1.389325 0
0.165118 0
0.393342 0
0.302896 0
0.231965 0
0.277137 0
0.807777 0
0.650346 0
0.994769 0
0.148777 0
0.347097 0
0.058195 0
0.136555 0
0.758680 0
0.431977 0
0.473656 0
1.459984 0
0.778678 0
0.232699 0
0.142029 0
1.371295 0
0.517755 0
0.238143 0
0.060785 0
0.105364 0
0.160700 0
0.806462 0
0.218299 0
0.232551 0
0.126482 0
0.825442 0
0.635158 0
0.150573 0
0.109914 0
0.338088 0
1.857901 0
0.834971 0
0.265764 0
0.342654 0
0.393734 0
0.163412 0
0.576980 0
0.156196 0
0.103306 0
0.595496 0
0.109191 0
0.255658 0
0.119275 0
0.235997 0
0.019209 0
0.676040 0
0.100981 0
0.161123 0
0.014157 0
0.253716 0
0.969531 0
1.500964 0
0.102839 0
0.540041 0
0.126102 0
0.069971 0
0.104428 0
1.112655 0
1.988814 0
0.372701 0
0.148335 0
1.414483 0
0.059813 0
0.684793 0
0.212289 0
0.209242 0
0.884567 0
0.172609 0
0.089592 0
1.286394 0
0.389424 0
0.273281 0
0.583176 0
0.041829 0
0.871809 0
0.235638 0
0.079891 0
0.476220 0
1.360537 0
0.091039 0
0.387578 0
0.060719 0
0.671292 0
0.227451 0
0.034692 0
0.086173 0
0.487815 0
0.725300 0
0.261000 0
0.047087 0
0.418409 0
0.409365 0
0.740421 0
1.145901 0
0.786855 0
0.389818 0
0.223921 0
0.938247 0
0.121111 0
0.855376 0
0.020138 0
0.140339 0
0.400995 0
1.419015 0
0.283605 0
0.140552 0
1.111450 0
0.411136 0
0.078711 0
0.210930 0
1.451180 0
0.254794 0
0.431783 0
0.969601 0
0.104812 0
0.232633 0
0.035431 0
0.121342 0
0.088332 0
0.048536 0
0.075030 0
0.022607 0
0.184119 0
0.259391 0
0.294171 0
0.637317 0
0.354209 0
0.307161 0
1.446131 0
0.103480 0
1.101976 0
0.436152 0
0.011305 0
0.445820 0
0.258584 0
0.974875 0
0.473123 0
0.216053 0
0.689674 0
0.846408 0
0.337584 0
0.404793 0
0.256361 0
1.447967 0
0.510763 0
0.012817 0
0.099686 0
0.381114 0
0.054741 0
0.214120 0
0.652792 0
1.186899 0
1.461214 0
0.426918 0
0.381508 0
0.942048 0
0.300644 0
1.173494 0
1.517694 0
0.046062 0
1.258944 0
0.120445 0
0.844633 0
0.179313 0
0.566633 0
0.784878 0
0.132941 0
0.526403 0
1.536401 0
1.520430 0
0.324498 0
0.248829 0
0.881791 0
0.151840 0
0.014951 0
0.031383 0
0.353750 0
0.254891 0
0.248401 0
0.404575 0
0.422027 0
0.628415 0
0.110558 0
0.831363 0
0.440506 0
1.394021 0
0.878921 0
0.271549 0
0.552126 0
0.126706 0
0.249378 0
1.685206 0
0.043228 0
0.131624 0
0.754493 0
1.442939 0
0.450397 0
0.538469 0
0.265580 0
0.036327 0
0.239183 0
0.086050 0
0.836039 0
0.677443 0
0.574233 0
1.077113 0
0.190948 0
0.100464 0
0.192554 0
0.307867 0
0.105693 0
0.157164 0
0.547928 0
0.422066 0
0.110661 0
0.222977 0
0.511745 0
0.082647 0
0.473816 0
0.821485 0
0.274717 0
0.183377 0
0.010918 0
0.327677 0
0.197028 0
1.166728 0
0.746777 0
0.755099 0
0.951568 0
0.132420 0
1.108441 0
0.288582 0
0.975528 0
0.214932 0
0.118123 0
0.038205 0
0.057839 0
0.634258 0
0.316112 0
0.032393 0
1.144274 0
0.192535 0
0.045667 0
0.512793 0
0.884433 0
1.392745 0
0.543892 0
0.023976 0
0.662886 0
0.101934 0
0.318816 0
0.240036 0
0.618139 0
0.533858 0
0.255416 0
1.249149 0
0.390659 0
0.783397 0
1.450646 0
0.368801 0
0.178510 0
0.151110 0
0.578763 0
0.186348 0
2.318222 0
0.398587 0
0.304622 0
0.028058 0
0.508796 0
0.285583 0
0.559668 0
0.358834 0
0.320850 0
0.300983 0
1.400341 0
0.285916 0
0.424627 0
0.247578 0
0.321025 0
1.244980 0
0.130872 0
0.602291 0
0.094867 0
0.783545 0
0.345507 0
1.261700 0
0.307900 0
0.309080 0
0.533590 0
0.207773 0
1.198316 0
0.009269 0
0.116036 0
0.109639 0
1.170812 0
0.132468 0
1.596435 0
0.578708 0
0.018990 0
0.007926 0
0.313595 0
0.433738 0
0.184894 0
0.635446 0
0.151602 0
0.622659 0
0.924469 0
0.053752 0
0.391321 0
0.202068 0
0.356493 0
0.571014 0
0.096539 0
0.166390 0
0.053464 0
0.358768 0
1.084954 0
0.026884 0
0.852943 0
1.012853 0
0.502017 0
0.173603 0
0.270281 0
0.366059 0
0.594916 0
0.057239 0
0.069170 0
0.102768 0
0.010244 0
0.483449 0
0.015816 0
0.149629 0
1.180069 0
1.834901 0
0.183530 0
0.038582 0
0.280141 0
0.039432 0
0.055899 0
0.198460 0
0.031128 0
0.754004 0
0.421137 0
0.949454 0
1.272449 0
0.004048 0
0.160172 0
0.415366 0
0.090088 0
0.023704 0
0.864546 0
0.470605 0
0.343112 0
0.800297 0
0.874219 0
0.102511 0
0.341087 0
0.517637 0
0.781188 0
0.214229 0
0.830557 0
0.214053 0
0.829028 0
1.388040 0
0.310901 0
0.204592 0
0.245953 0
0.166298 0
0.280804 0
0.597313 0
0.590629 0
0.442350 0
0.926403 0
0.154511 0
0.314773 0
0.050221 0
0.731973 0
0.343614 0
0.177755 0
0.009510 0
0.052537 0
0.036914 0
0.271020 0
1.057984 0
1.218702 0
0.702976 0
1.351957 0
0.178246 0
0.051878 0
0.569363 0
0.847572 0
0.197818 0
0.406697 0
0.130916 0
0.572763 0
0.051642 0
0.212071 0
0.237028 0
0.841443 0
0.198211 0
0.291379 0
0.258956 0
0.097945 0
0.030176 0
0.330565 0
0.059772 0
0.007596 0
1.216595 0
0.047495 0
0.329681 0
0.169978 0
1.471339 0
0.596649 0
0.166108 0
0.811387 0
0.348710 0
0.392280 0
0.290077 0
0.812442 0
0.633270 0
0.800086 0
0.024919 0
0.203543 0
0.191839 0
0.136608 0
0.370776 0
0.127085 0
0.318764 0
0.288107 0
0.673114 0
0.034568 0
0.658405 0
1.095466 0
0.310445 0
0.440321 0
0.226055 0
0.202758 0
0.254434 0
1.541601 0
0.054821 0
0.037150 0
0.550173 0
0.050640 0
1.062483 0
0.177514 0
0.589294 0
0.064234 0
0.492429 0
0.334237 0
0.634303 0
0.400397 0
0.425344 0
1.028478 0
1.415201 0
0.132637 0
0.658106 0
0.783230 0
1.632052 0
0.274735 0
0.284835 0
0.034063 0
0.284415 0
0.183038 0
0.352980 0
0.468985 0
0.419738 0
0.450967 0
0.016288 0
0.111383 0
0.997118 0
0.160649 0
0.040380 0
0.304910 0
0.202982 0
0.208939 0
0.221734 0
0.139441 0
0.128521 0
0.117822 0
1.228305 0
1.411688 0
0.470525 0
0.055972 0
1.056638 0
0.637133 0
0.034788 0
1.586148 0
0.342340 0
1.515207 0
0.239794 0
0.970914 0
1.371980 0
0.061105 0
0.218908 0
0.269584 0
0.172657 0
0.275961 0
0.140762 0
1.179179 0
0.328770 0
0.853331 0
0.819838 0
0.432212 0
0.029798 0
1.638080 0
0.437737 0
0.099847 0
0.434140 0
0.628251 0
0.506694 0
0.336781 0
0.219624 0
0.604309 0
0.451335 0
0.009640 0
0.928277 0
0.041875 0
0.159636 0
0.133081 0
0.058539 0
0.048851 0
1.089255 0
0.085032 0
0.441008 0
1.384461 0
0.957580 0
0.399743 0
0.043253 0
0.396149 0
0.808890 0
0.134159 0
0.512977 0
0.709924 0
1.391772 0
0.163053 0
0.538683 0
0.187023 0
0.058534 0
0.565044 0
0.830879 0
0.585749 0
0.035832 0
0.128014 0
1.121158 0
0.067207 0
0.533787 0
0.243434 0
0.123513 0
0.927432 0
0.082627 0
0.202435 0
0.400343 0
0.599484 0
0.257338 0
0.236582 0
0.392730 0
0.117432 0
0.512122 0
0.730720 0
0.066691 0
0.591740 0
0.221769 0
1.497366 0
0.283557 0
0.844100 0
0.814545 0
0.725189 0
0.446483 0
0.079611 0
0.037091 0
1.551584 0
0.995459 0
0.664576 0
0.799405 0
0.454919 0
0.089883 0
0.694533 0
0.351436 0
1.438729 0
0.263466 0
0.119336 0
0.118847 0
1.174817 0
0.819243 0
0.227536 0
0.372119 0
1.212189 0
0.299688 0
0.079557 0
0.090104 0
0.176700 0
0.098884 0
0.250092 0
0.217829 0
0.111277 0
0.713942 0
1.375977 0
0.466339 0
0.394032 0
0.882542 0
0.615797 0
0.503314 0
0.545424 0
0.169591 0
0.180214 0
0.124871 0
0.035015 0
0.592304 0
0.167926 0
0.132931 0
0.564436 0
0.703629 0
0.019145 0
0.266130 0
0.055780 0
0.034250 0
1.111565 0
0.370205 0
0.701078 0
0.883417 0
0.764738 0
1.552226 0
0.333757 0
0.075139 0
0.671031 0
0.418077 0
0.156166 0
0.026429 0
1.378736 0
0.144464 0
0.142584 0
0.136459 0
0.244480 0
0.232006 0
0.913072 0
0.101979 0
0.046385 0
0.051858 0
0.866724 0
0.017682 0
0.068456 0
0.092424 0
0.358704 0
1.029877 0
0.341134 0
0.419390 0
0.564694 0
0.244675 0
0.033261 0
0.327563 0
0.517646 0
0.013943 0
0.501630 0
0.343194 0
0.634859 0
0.225275 0
1.685146 0
0.950119 0
0.055273 0
1.311040 0
0.103510 0
0.730745 0
0.339284 0
0.489479 0
0.475785 0
0.194429 0
0.923537 0
0.040590 0
0.305277 0
0.214553 0
0.257373 0
0.621894 0
0.022547 0
0.218895 0
0.521497 0
0.064609 0
0.036097 0
0.202217 0
0.560448 0
0.396728 0
0.396143 0
1.510583 0
0.057016 0
0.665128 0
1.198951 0
0.776359 0
0.228263 0
0.188102 0
0.164267 0
0.519860 0
0.187703 0
0.198708 0
0.593781 0
1.042118 0
0.026209 0
0.227249 0
0.220735 0
1.097744 0
0.703893 0
0.134346 0
0.987290 0
0.019680 0
0.608460 0
0.195682 0
1.005219 0
0.077175 0
1.253680 0
0.124316 0
0.214829 0
0.003834 0
0.184693 0
1.495437 0
0.345701 0
0.567014 0
0.211387 0
0.145369 0
0.406877 0
0.516713 0
0.283735 0
0.090303 0
0.432403 0
0.310410 0
0.598012 0
0.445914 0
0.050319 0
0.487980 0
0.930285 0
0.218441 0
0.051656 0
1.454145 0
0.735319 0
1.277124 0
0.248871 0
1.378861 0
1.205681 0
0.187364 0
0.463451 0
0.394815 0
0.389572 0
1.367986 0
0.689576 0
0.201262 0
0.132424 0
0.010511 0
0.819592 0
0.323746 0
1.452339 0
0.022533 0
0.601988 0
1.456478 0
0.281129 0
0.094005 0
0.436888 0
1.285313 0
0.250050 0
0.739610 0
0.077420 0
0.717439 0
0.949129 0
0.046931 0
1.510849 0
0.231121 0
0.739004 0
0.322028 0
0.556161 0
0.811968 0
0.861811 0
0.229364 0
0.100184 0
0.238419 0
0.246091 0
0.285864 0
0.576430 0
1.159714 0
0.452998 0
0.179318 0
0.057250 0
0.112506 0
0.063632 0
1.674820 0
1.010498 0
1.000914 0
0.034721 0
0.603290 0
0.551033 0
0.380103 0
0.023322 0
0.501693 0
1.551148 0
2.358090 0
0.335791 0
0.656485 0
0.146811 0
0.512116 0
0.510165 0
0.313128 0
0.140533 0
0.243725 0
0.156719 0
0.661790 0
0.411428 0
1.280427 0
0.331736 0
0.991945 0
0.078325 0
1.177456 0
0.031519 0
1.936578 0
0.746262 0
0.530477 0
0.022911 0
1.453030 0
0.682577 0
0.077229 0
0.431760 0
0.084842 0
0.257655 0
0.087393 0
0.310800 0
1.273267 0
0.182633 0
0.107097 0
0.231518 0
0.082099 0
0.088555 0
0.395994 0
0.877575 0
0.844489 0
0.078536 0
0.472604 0
0.342390 0
0.367938 0
0.217152 0
0.144214 0
0.261702 0
0.019931 0
0.867464 0
0.391153 0
0.081383 0
0.304300 0
0.553834 0
0.283561 0
0.546799 0
0.444230 0
0.632382 0
0.311653 0
0.023834 0
0.119709 0
0.930876 0
0.713336 0
0.351810 0
0.184287 0
0.972171 0
0.070637 0
0.802045 0
0.085894 0
0.125633 0
0.433068 0
0.052764 0
0.690101 0
0.383358 0
0.320931 0
0.590388 0
0.060779 0
0.875044 0
0.089637 0
1.063981 0
1.130101 0
0.316182 0
0.008057 0
0.557812 0
0.273499 0
0.636279 0
1.259483 0
1.233734 0
0.146468 0
0.208552 0
0.199548 0
0.083687 0
0.801600 0
0.585550 0
0.450659 0
0.155143 0
0.860411 0
1.134615 0
0.183315 0
0.508952 0
0.351043 0
0.253277 0
0.421004 0
0.332413 0
0.187177 0
0.438248 0
0.603551 0
0.134109 0
0.051587 0
1.248582 0
1.547991 0
0.429728 0
0.281782 0
0.415752 0
0.187502 0
0.388079 0
0.336853 0
0.702450 0
0.310196 0
0.478147 0
0.038084 0
0.097774 0
0.504431 0
0.904970 0
0.489918 0
0.196359 0
0.476278 0
1.427298 0
0.777213 0
1.603892 0
0.121665 0
0.351620 0
0.320362 0
0.345507 0
1.690190 0
0.258183 0
0.230429 0
0.430960 0
0.175334 0
0.110748 0
0.382070 0
0.239564 0
0.039738 0
0.716341 0
0.147852 0
0.013163 0
0.057408 0
0.012224 0
0.472872 0
1.369446 0
0.122622 0
0.778674 0
0.337477 0
0.185702 0
0.046514 0
0.462693 0
0.049432 0
0.067239 0
0.470464 0
0.027582 0
0.070852 0
0.123064 0
0.600676 0
1.383549 0
0.174217 0
0.121500 0
0.163604 0
0.682628 0
1.436317 0
0.994918 0
1.274949 0
0.035329 0
0.107836 0
0.310074 0
0.167265 0
0.413768 0
0.099235 0
0.298846 0
0.757439 0
0.363146 0
1.020694 0
0.211085 0
0.317099 0
1.254299 0
0.085986 0
0.213825 0
1.232708 0
1.460938 0
0.607916 0
0.230065 0
0.035292 0
1.467871 0
0.159977 0
0.129936 0
0.168379 0
0.869938 0
0.497397 0
0.078931 0
0.486587 0
0.087305 0
0.797521 0
0.009399 0
0.533307 0
1.004148 0
0.186851 0
0.218852 0
0.344474 0
0.188208 0
0.163486 0
0.375187 0
0.070096 0
0.115079 0
0.063615 0
0.153921 0
0.448903 0
0.122835 0
0.083131 0
0.652308 0
0.389164 0
0.343416 0
1.342521 0
0.131444 0
0.145821 0
0.074122 0
0.449088 0
0.518119 0
0.281669 0
0.019825 0
0.196234 0
0.800690 0
0.248914 0
0.008022 0
1.121618 0
0.872222 0
0.278617 0
0.233894 0
0.902872 0
1.267039 0
0.191582 0
0.789708 0
0.067362 0
0.206146 0
0.163331 0
0.477309 0
0.906415 0
0.898419 0
0.100577 0
0.270425 0
1.222364 0
0.273172 0
0.069462 0
0.079696 0
0.522073 0
0.854982 0
0.392301 0
1.111231 0
0.043181 0
0.039336 0
0.225602 0
0.563637 0
0.050549 0
0.370597 0
1.157846 0
0.072809 0
0.680366 0
0.170598 0
0.250414 0
0.062851 0
0.231290 0
0.238965 0
0.027137 0
0.517429 0
0.077454 0
0.161686 0
0.860307 0
0.653139 0
0.748428 0
0.381242 0
0.202792 0
0.047845 0
1.581626 0
1.616420 0
0.102964 0
0.205123 0
0.287795 0
0.148516 0
0.702163 0
0.577993 0
0.789505 0
0.502407 0
0.022844 0
1.135133 0
0.556760 0
0.301458 0
0.317033 0
1.440372 0
1.130603 0
0.534604 0
0.324287 0
0.207575 0
0.179352 0
1.130715 0
0.730780 0
0.012837 0
0.425376 0
0.066851 0
1.031528 0
1.102417 0
0.242796 0
1.529830 0
0.084845 0
0.989099 0
0.817234 0
0.132920 0
0.542244 0
0.364049 0
0.721261 0
0.092385 0
0.451858 0
1.388075 0
0.460206 0
0.322977 0
0.102097 0
0.241782 0
0.584978 0
0.642905 0
0.206066 0
0.565129 0
0.363778 0
1.448363 0
0.607473 0
0.135828 0
1.175107 0
0.583605 0
0.081949 0
0.234679 0
0.124924 0
0.024275 0
0.019736 0
0.402283 0
0.197811 0
0.515377 0
0.886639 0
1.099396 0
0.267312 0
1.008664 0
0.532890 0
0.083914 0
0.209544 0
1.211511 0
0.355640 0
0.707219 0
0.179492 0
1.379231 0
0.571793 0
0.870401 0
0.236559 0
1.487433 0
0.123379 0
0.152354 0
1.152170 0
0.032830 0
0.885398 0
0.294934 0
0.038496 0
0.814136 0
1.377133 0
0.174512 0
0.320662 0
0.704825 0
0.161114 0
0.560771 0
0.207308 0
0.792902 0
0.431518 0
0.039378 0
1.389733 0
0.412582 0
0.626021 0
0.468589 0
0.282083 0
0.532328 0
0.089881 0
0.214403 0
0.288233 0
0.125339 0
0.342060 0
1.418452 0
1.489376 0
0.042904 0
1.475966 0
1.310794 0
1.086904 0
0.042260 0
0.037399 0
0.343882 0
0.075441 0
0.703111 0
0.277814 0
0.007754 0
1.147001 0
0.495468 0
0.290226 0
0.587803 0
0.289089 0
0.097084 0
0.293575 0
0.098120 0
0.019750 0
0.529901 0
0.067560 0
0.803803 0
0.204683 0
0.088991 0
0.461385 0
0.604051 0
0.612262 0
0.255006 0
0.374748 0
0.669068 0
0.104425 0
0.205746 0
0.833475 0
0.197708 0
0.006331 0
0.158654 0
0.087008 0
0.373618 0
0.088325 0
0.714492 0
