0.235749 0
1.158234 0
0.013036 0
1.252313 0
0.155380 0
0.492243 0
0.730561 0
0.008771 0
0.052236 0
0.128845 0
0.166420 0
1.600106 0
0.181627 0
0.631402 0
0.206208 0
1.237422 0
0.096394 0
0.152447 0
0.434716 0
0.154226 0
1.574565 0
0.883371 0
0.160808 0
0.461140 0
0.323668 0
0.745576 0
1.552069 0
0.101032 0
0.017318 0
0.132140 0
0.316218 0
0.355478 0
0.229132 0
0.044652 0
0.218842 0
0.398903 0
0.473670 0
0.467583 0
0.453638 0
0.556807 0
0.672145 0
0.892211 0
0.425371 0
0.374933 0
0.791083 0
0.886948 0
1.484389 0
0.237041 0
0.199684 0
0.765881 0
0.666864 0
0.640276 0
0.907203 0
0.748184 0
0.297420 0
0.248870 0
0.030948 0
0.352026 0
0.285056 0
0.459472 0
0.874032 0
0.101729 0
1.639938 0
1.080081 0
0.022781 0
0.067584 0
0.344379 0
0.057288 0
0.122821 0
0.177934 0
0.452894 0
0.198222 0
0.732198 0
0.435713 0
0.764543 0
0.178637 0
0.417256 0
0.699580 0
0.475973 0
0.376943 0
0.070486 0
0.710547 0
0.176074 0
0.038370 0
0.808662 0
0.450640 0
0.147775 0
0.361650 0
1.507242 0
0.170548 0
0.583908 0
0.208643 0
0.548270 0
0.068477 0
0.360497 0
0.369885 0
0.032027 0
0.747562 0
1.393703 0
0.547357 0
0.256809 0
0.300497 0
0.307032 0
0.270884 0
1.451293 0
0.104612 0
0.139869 0
0.266934 0
0.334912 0
0.949344 0
0.687281 0
1.098294 0
0.376088 0
1.397958 0
0.185939 0
1.142511 0
1.146380 0
0.028259 0
0.517237 0
0.212156 0
1.623695 0
0.836652 0
0.660164 0
0.047655 0
0.609572 0
0.147610 0
1.329185 0
0.693098 0
0.392739 0
0.372853 0
0.563403 0
0.226959 0
0.274234 0
0.148879 0
0.810909 0
0.289863 0
0.245690 0
0.972044 0
0.192772 0
0.314860 0
1.058552 0
0.810183 0
1.120923 0
0.672812 0
0.275937 0
0.459887 0
0.328825 0
0.193525 0
0.419928 0
0.701240 0
1.194977 0
0.059641 0
0.421382 0
0.383247 0
0.025916 0
0.292116 0
0.007550 0
0.698077 0
0.346478 0
0.029693 0
0.234814 0
0.250474 0
0.546108 0
0.642436 0
0.382107 0
0.081174 0
0.053529 0
0.060426 0
0.221651 0
0.551733 0
0.683519 0
0.473319 0
0.372419 0
0.218556 0
0.102094 0
1.641752 0
0.113282 0
1.018494 0
1.102471 0
0.026850 0
0.169693 0
0.887703 0
1.092256 0
0.615376 0
0.920041 0
0.785503 0
0.506312 0
0.063201 0
0.491608 0
0.168627 0
0.393005 0
0.763580 0
0.438069 0
0.684578 0
0.543550 0
0.360310 0
0.139060 0
1.438203 0
0.444626 0
0.008435 0
0.589239 0
0.640159 0
0.016824 0
0.548733 0
0.065625 0
1.041305 0
0.049870 0
0.450697 0
0.217384 0
0.992001 0
0.623094 0
0.072374 0
1.468273 0
0.614479 0
0.647431 0
0.122380 0
0.362466 0
1.253395 0
0.120355 0
0.170733 0
0.201921 0
0.825966 0
0.162304 0
0.115607 0
0.180623 0
0.274178 0
0.037356 0
0.176626 0
1.182041 0
0.219551 0
0.087231 0
0.590518 0
0.115321 0
0.044634 0
1.396080 0
0.602943 0
1.467376 0
0.205669 0
0.639460 0
1.386889 0
0.214278 0
0.077012 0
0.293492 0
1.413242 0
0.366494 0
0.508546 0
0.136371 0
0.627160 0
0.052539 0
0.436296 0
0.082774 0
0.580928 0
1.082233 0
0.036226 0
0.107475 0
0.173751 0
0.162619 0
0.810474 0
0.041542 0
0.307102 0
0.976060 0
0.213151 0
0.612969 0
0.334414 0
0.433475 0
0.245989 0
0.664351 0
1.598768 0
0.197442 0
0.325996 0
0.595997 0
0.928329 0
0.097955 0
0.822001 0
0.156486 0
0.971952 0
0.828306 0
0.508722 0
0.452450 0
0.958236 0
1.224831 0
0.295301 0
0.375035 0
0.004770 0
0.280740 0
0.426682 0
0.201110 0
0.023962 0
0.113812 0
0.305161 0
1.632556 0
0.232374 0
0.034883 0
0.236384 0
0.059418 0
1.293454 0
1.137183 0
0.582312 0
0.256114 0
0.112672 0
0.089961 0
0.551257 0
0.232903 0
1.297461 0
0.157844 0
0.239890 0
0.222386 0
0.090137 0
0.648823 0
1.367458 0
0.105586 0
0.121217 0
0.077873 0
0.190794 0
1.059023 0
0.273381 0
0.628186 0
0.001404 0
0.554340 0
0.344052 0
0.416180 0
0.539174 0
0.095912 0
0.286610 0
1.677163 0
1.474066 0
0.985662 0
0.024907 0
0.376794 0
1.417717 0
0.640411 0
0.456342 0
0.094514 0
0.643764 0
0.594846 0
0.654228 0
0.094307 0
0.077968 0
0.022861 0
0.194994 0
1.317297 0
0.777152 0
0.354338 0
0.263006 0
0.193497 0
0.016553 0
0.743442 0
1.447792 0
0.399064 0
0.517999 0
1.356030 0
0.183445 0
0.853151 0
1.744729 0
0.350944 0
0.617477 0
0.378252 0
0.394010 0
0.034471 0
0.085069 0
0.574772 0
0.302215 0
0.086656 0
0.344069 0
0.098284 0
0.084309 0
0.700917 0
0.179394 0
0.099655 0
0.401365 0
0.195004 0
0.118855 0
1.621074 0
0.267524 0
0.108794 0
0.398154 0
0.060420 0
0.031720 0
1.225789 0
0.384218 0
0.297134 0
0.165628 0
0.182083 0
0.249533 0
1.415367 0
0.275862 0
0.205489 0
0.068773 0
0.131352 0
0.554310 0
0.011012 0
1.437531 0
1.270098 0
0.565230 0
0.002505 0
0.216525 0
1.219352 0
0.510323 0
0.627149 0
0.788805 0
0.176079 0
0.634680 0
0.263950 0
0.138562 0
1.531618 0
0.290057 0
0.575505 0
0.113708 0
0.505126 0
0.700252 0
0.233409 0
0.015214 0
0.452753 0
1.010187 0
0.592311 0
0.543269 0
0.330141 0
1.114873 0
0.223105 0
0.172746 0
0.407304 0
0.169821 0
0.064099 0
1.058063 0
1.443261 0
0.095021 0
0.273356 0
0.530691 0
0.896542 0
0.254865 0
0.472012 0
0.088636 0
0.111655 0
0.012657 0
0.056906 0
0.576939 0
0.805505 0
0.970175 0
0.742738 0
0.301322 0
0.086177 0
0.148214 0
0.539715 0
0.039576 0
0.949549 0
0.515003 0
0.562390 0
0.200878 0
0.260647 0
0.403537 0
0.176651 0
0.976487 0
0.051993 0
0.437239 0
0.502437 0
0.264588 0
0.869621 0
0.709019 0
0.403392 0
0.862831 0
0.013953 0
0.420959 0
0.121011 0
0.022673 0
1.401093 0
0.067704 0
0.444740 0
0.055489 0
0.420028 0
0.112110 0
0.158714 0
1.179657 0
0.444446 0
0.346007 0
0.050908 0
0.183014 0
1.065474 0
0.663626 0
1.233781 0
0.358414 0
0.326081 0
0.005704 0
1.054002 0
0.067062 0
0.897807 0
1.384523 0
0.120509 0
0.409443 0
0.190641 0
0.705451 0
1.530956 0
0.034065 0
0.040467 0
0.768244 0
0.064688 0
0.032727 0
0.096716 0
0.116407 0
0.339329 0
0.195638 0
0.159937 0
1.367762 0
0.516354 0
0.334796 0
0.060039 0
0.101592 0
0.169474 0
0.882538 0
0.162197 0
0.233893 0
1.178879 0
0.118822 0
0.320974 0
1.326913 0
0.821371 0
0.158746 0
0.025759 0
0.010766 0
0.515893 0
0.471885 0
1.638849 0
0.051861 0
0.471502 0
0.568099 0
0.138171 0
0.083203 0
0.010643 0
0.162020 0
0.006973 0
0.217662 0
0.994716 0
0.431186 0
0.657061 0
0.092544 0
0.134817 0
0.745077 0
1.467386 0
0.589875 0
0.074070 0
0.467139 0
