0.221501 0
0.713419 0
0.097765 0
1.119032 0
0.505737 0
0.565413 0
1.459944 0
0.638695 0
0.545274 0
0.136405 0
0.149571 0
0.769883 0
1.092505 0
0.549840 0
0.065897 0
1.463655 0
0.239494 0
0.096028 0
0.043600 0
1.025280 0
0.226533 0
0.444329 0
0.232679 0
0.098611 0
0.804685 0
0.588741 0
0.984860 0
0.488473 0
0.032128 0
0.094646 0
0.391531 0
0.586227 0
0.027881 0
0.308518 0
0.018351 0
0.175715 0
0.068725 0
0.585673 0
0.863158 0
0.160972 0
0.712343 0
0.004866 0
1.561024 0
1.633549 0
0.040285 0
0.706234 0
0.074139 0
0.655176 0
0.430364 0
0.264755 0
0.196546 0
0.201883 0
0.332419 0
1.071454 0
1.434125 0
0.284476 0
0.055069 0
0.741593 0
0.345592 0
0.064716 0
0.620544 0
0.550960 0
0.993721 0
0.411269 0
0.123836 0
0.759379 0
0.075789 0
1.321723 0
0.422880 0
0.474973 0
0.504580 0
0.560654 0
0.692659 0
0.681485 0
0.371783 0
1.479423 0
0.527270 0
1.338073 0
0.136182 0
0.683905 0
0.161240 0
0.097785 0
0.155127 0
1.201482 0
0.041166 0
0.530749 0
0.294151 0
0.356950 0
0.234993 0
0.064392 0
0.382359 0
0.428505 0
0.599159 0
0.206303 0
0.049753 0
0.015978 0
2.329224 0
0.099858 0
0.281919 0
0.377348 0
0.191328 0
0.869016 0
0.143776 0
0.129763 0
0.387231 0
0.168142 0
0.168580 0
0.618005 0
0.334074 0
0.140601 0
0.240953 0
0.217740 0
0.003049 0
1.286044 0
0.585023 0
0.155111 0
0.045495 0
1.288705 0
1.583148 0
0.011507 0
0.452848 0
0.118578 0
1.029195 0
0.026832 0
0.633834 0
0.056063 0
0.113736 0
0.918093 0
0.363113 0
0.225528 0
1.355839 0
0.131483 0
0.485575 0
0.774681 0
0.080059 0
1.043582 0
0.503113 0
0.388213 0
0.271621 0
1.234098 0
0.337088 0
0.113693 0
0.111989 0
0.279649 0
0.643838 0
0.200999 0
0.071823 0
1.579712 0
0.159618 0
0.653476 0
0.164543 0
0.347571 0
0.462815 0
0.023581 0
0.980878 0
0.453855 0
0.089161 0
0.171649 0
0.194853 0
0.306921 0
0.027944 0
0.493938 0
0.805965 0
0.071219 0
1.302005 0
0.519151 0
0.083877 0
0.819659 0
0.472071 0
1.427435 0
0.441759 0
0.552323 0
1.362829 0
0.017934 0
0.469215 0
0.374328 0
0.922636 0
0.074239 0
1.606520 0
0.118181 0
0.118455 0
0.037984 0
1.507261 0
0.349918 0
0.036313 0
0.334822 0
0.685517 0
0.527114 0
1.140876 0
0.336285 0
0.551125 0
1.461768 0
0.049261 0
0.356526 0
1.512939 0
0.399440 0
0.221507 0
0.322703 0
0.222345 0
0.300687 0
1.529850 0
0.319706 0
0.246150 0
0.089511 0
0.945850 0
0.098618 0
0.323618 0
0.239382 0
0.600326 0
0.160970 0
0.845111 0
1.065577 0
0.604226 0
0.100025 0
0.455561 0
0.327700 0
0.567588 0
0.514739 0
1.103711 0
0.596645 0
0.021382 0
0.010093 0
0.557306 0
0.735421 0
0.492971 0
0.241140 0
0.966687 0
0.212810 0
1.421259 0
0.330493 0
0.670558 0
0.045610 0
0.886653 0
0.371387 0
0.286729 0
0.354815 0
0.822733 0
0.008437 0
0.169516 0
0.117438 0
0.726526 0
0.457422 0
0.099155 0
0.856811 0
0.003521 0
0.491062 0
0.061673 0
0.358618 0
0.358192 0
0.123337 0
0.039060 0
0.155258 0
0.155494 0
0.119864 0
0.166826 0
0.070801 0
0.336753 0
0.300639 0
0.137184 0
0.163567 0
0.156684 0
0.461492 0
0.136403 0
0.519595 0
0.692552 0
0.688140 0
0.247424 0
1.080467 0
0.369411 0
0.489864 0
1.278828 0
1.221363 0
0.341717 0
0.489349 0
0.533500 0
0.221165 0
0.490531 0
0.920574 0
0.463308 0
0.865463 0
1.335253 0
0.726899 0
0.067227 0
0.072530 0
0.246659 0
0.259663 0
1.431203 0
0.134214 0
0.946993 0
0.196834 0
0.111717 0
1.416657 0
0.734330 0
0.771807 0
0.880347 0
1.322002 0
0.310063 0
0.624232 0
0.636825 0
0.111452 0
0.028990 0
0.475376 0
0.045105 0
0.033129 0
0.114075 0
0.269772 0
0.727941 0
0.413435 0
0.029046 0
0.244937 0
1.024925 0
0.502642 0
0.245601 0
0.024242 0
0.228791 0
0.462260 0
0.301361 0
0.525123 0
0.157148 0
0.095196 0
0.334237 0
1.142573 0
0.446336 0
0.344156 0
0.434951 0
1.427057 0
0.099821 0
0.098308 0
0.189288 0
0.057177 0
0.390724 0
0.240764 0
0.402120 0
0.077597 0
1.390027 0
0.751053 0
0.801616 0
0.094853 0
0.190823 0
0.234333 0
0.892615 0
0.296452 0
0.791051 0
1.020174 0
0.179170 0
0.490474 0
0.201170 0
0.019068 0
1.414303 0
0.168386 0
0.016952 0
0.115449 0
0.910688 0
0.028345 0
0.038139 0
0.189807 0
0.894659 0
0.737128 0
0.081959 0
0.046487 0
0.190492 0
0.941553 0
0.336021 0
0.228861 0
0.787739 0
0.395368 0
0.576895 0
0.774847 0
0.108293 0
0.896565 0
0.271858 0
0.185027 0
0.890498 0
0.274309 0
0.070072 0
1.212595 0
1.171673 0
1.501207 0
0.560015 0
0.129569 0
0.913570 0
0.836279 0
0.244716 0
0.444634 0
0.304963 0
0.123508 0
0.377465 0
0.188771 0
0.578634 0
0.094586 0
0.582602 0
0.678752 0
0.214829 0
0.179603 0
0.342872 0
0.119795 0
1.108591 0
0.020219 0
0.883698 0
1.092642 0
0.239460 0
0.659108 0
0.161455 0
0.091653 0
1.759532 0
0.035729 0
0.085231 0
1.223057 0
0.239493 0
0.334430 0
0.654719 0
0.085608 0
0.048619 0
0.984269 0
0.501004 0
0.073382 0
0.028054 0
1.370176 0
0.139351 0
0.499111 0
0.638088 0
0.232334 0
0.776407 0
0.600583 0
0.790650 0
0.665080 0
0.003486 0
0.047288 0
0.233232 0
0.839998 0
0.336419 0
0.230889 0
1.040640 0
0.364985 0
0.255568 0
0.036429 0
0.901109 0
1.329711 0
2.216678 0
0.416115 0
0.841903 0
0.052331 0
0.163256 0
1.385940 0
0.139642 0
0.651060 0
0.007081 0
0.001995 0
0.693887 0
0.398380 0
1.138036 0
0.207891 0
0.224844 0
0.550636 0
0.622054 0
1.058303 0
0.224214 0
0.546406 0
0.143045 0
0.769137 0
0.030194 0
0.708940 0
0.181358 0
0.340484 0
0.125346 0
0.412427 0
0.524214 0
0.393236 0
0.803014 0
1.090921 0
0.305839 0
0.331010 0
0.185325 0
0.811345 0
0.117026 0
0.420101 0
1.244342 0
0.343487 0
0.597348 0
0.382644 0
0.232026 0
0.275235 0
0.454452 0
1.637784 0
0.848861 0
0.225547 0
0.509705 0
0.656787 0
0.460985 0
0.647079 0
0.035696 0
0.459498 0
0.312880 0
1.007402 0
1.172294 0
0.325148 0
0.513624 0
0.050850 0
0.545930 0
0.433612 0
0.472394 0
0.011793 0
0.015708 0
0.219799 0
0.369950 0
0.324084 0
0.232573 0
0.123287 0
0.877177 0
0.497384 0
0.206579 0
0.075471 0
0.129071 0
0.298560 0
0.900790 0
0.592233 0
0.589595 0
0.881869 0
0.117536 0
0.079178 0
0.394205 0
0.514272 0
0.141437 0
0.492081 0
0.067416 0
1.361800 0
0.144387 0
0.295308 0
0.212366 0
0.613942 0
0.191844 0
0.063185 0
0.327856 0
0.241650 0
1.458897 0
0.961266 0
0.162661 0
0.054513 0
0.163964 0
0.032316 0
0.045745 0
0.272571 0
0.163864 0
0.339702 0
0.205953 0
0.177023 0
1.545226 0
1.312041 0
0.102263 0
0.361228 0
0.900519 0
0.275552 0
0.209816 0
0.900898 0
0.632422 0
0.067738 0
0.005171 0
0.594641 0
0.175909 0
0.313190 0
0.075729 0
0.171452 0
1.457067 0
0.971782 0
0.385917 0
0.341811 0
1.194209 0
0.555998 0
0.172272 0
1.411643 0
1.276920 0
0.511281 0
0.767591 0
0.093944 0
0.480860 0
0.170495 0
1.375214 0
0.637459 0
0.289273 0
0.919113 0
0.549740 0
0.177637 0
0.081803 0
0.051272 0
0.255736 0
0.160006 0
0.442960 0
0.726288 0
0.964365 0
0.802657 0
0.419750 0
0.947041 0
0.593593 0
0.446637 0
0.174288 0
0.399244 0
0.245940 0
0.260208 0
0.127416 0
0.403581 0
1.516378 0
0.885707 0
0.399855 0
0.032158 0
0.733855 0
0.012068 0
0.181762 0
0.445546 0
0.355814 0
0.163203 0
0.550964 0
0.328119 0
0.624898 0
0.347430 0
0.037047 0
0.104512 0
0.624401 0
0.434054 0
0.071835 0
0.304997 0
0.158904 0
0.051004 0
0.974507 0
0.305877 0
0.212315 0
0.266792 0
0.073214 0
0.708076 0
0.085758 0
1.264228 0
0.197371 0
0.045877 0
0.533262 0
1.034939 0
0.417336 0
0.071404 0
0.286566 0
0.627646 0
0.081520 0
0.303555 0
0.232351 0
0.138049 0
0.675418 0
0.030468 0
0.164126 0
0.087220 0
0.627942 0
0.965805 0
0.232838 0
0.148260 0
0.465531 0
0.413849 0
1.427905 0
0.211902 0
0.163853 0
0.094079 0
0.135182 0
0.077256 0
0.489093 0
0.067975 0
0.432642 0
0.054594 0
0.279148 0
1.058828 0
0.812132 0
0.111841 0
1.243421 0
0.494080 0
0.240075 0
0.860189 0
0.766717 0
0.414557 0
0.566987 0
0.030008 0
0.192361 0
0.839512 0
0.455796 0
0.387279 0
0.027085 0
0.745071 0
1.553389 0
0.007946 0
1.393193 0
0.833655 0
0.038762 0
1.137451 0
1.368149 0
0.043952 0
0.372432 0
0.167740 0
0.108991 0
1.449785 0
0.954170 0
0.612739 0
0.165729 0
0.003752 0
0.008161 0
0.039071 0
0.028599 0
0.305001 0
0.152552 0
1.233841 0
0.573732 0
0.726490 0
0.915362 0
1.101013 0
0.035062 0
0.372994 0
0.529370 0
0.714193 0
0.551252 0
0.810064 0
0.151607 0
1.458813 0
0.152676 0
0.683462 0
0.866098 0
0.030522 0
0.352821 0
0.306893 0
0.550810 0
0.049901 0
0.655694 0
0.334058 0
0.744186 0
0.410468 0
0.873792 0
0.099639 0
0.419547 0
1.521459 0
0.304766 0
0.125875 0
0.565971 0
0.438528 0
0.124543 0
0.618456 0
0.824177 0
0.992803 0
0.357596 0
0.131621 0
1.121771 0
0.271081 0
0.185491 0
0.245941 0
1.476238 0
1.114377 0
0.418585 0
0.139749 0
0.013901 0
0.913868 0
0.388431 0
0.050119 0
0.227444 0
0.591654 0
0.990074 0
0.406694 0
0.224873 0
0.459579 0
0.269196 0
0.188085 0
1.445917 0
1.127465 0
0.046514 0
0.435943 0
0.057623 0
0.653811 0
0.715787 0
0.179497 0
0.005078 0
0.403341 0
0.424498 0
0.781836 0
0.014308 0
0.332045 0
0.181648 0
0.328361 0
0.409379 0
1.368839 0
0.602903 0
1.461717 0
0.014072 0
0.124087 0
1.255397 0
0.033756 0
1.563760 0
0.665571 0
0.586959 0
0.083776 0
0.049066 0
0.857334 0
0.068069 0
0.458203 0
0.098139 0
0.095608 0
0.198707 0
1.436641 0
0.229744 0
0.175760 0
0.820141 0
0.169130 0
0.055628 0
0.159935 0
0.454147 0
0.231731 0
0.060931 0
0.472889 0
0.027859 0
0.078940 0
0.216049 0
0.034974 0
0.204941 0
0.161203 0
0.805966 0
0.052244 0
0.173393 0
0.259897 0
0.120189 0
0.245395 0
0.353131 0
0.204108 0
0.242991 0
0.066439 0
0.266216 0
0.227152 0
0.084898 0
0.285823 0
0.382149 0
0.368579 0
0.078823 0
0.192483 0
0.166339 0
0.542579 0
1.804462 0
0.415168 0
0.544943 0
0.008825 0
0.089600 0
0.065213 0
0.330892 0
0.922393 0
0.316780 0
0.065466 0
0.033528 0
0.150819 0
0.408067 0
0.033722 0
0.107965 0
0.464207 0
0.180889 0
0.406580 0
0.181826 0
0.068543 0
0.455556 0
0.417097 0
1.026273 0
0.107926 0
0.033866 0
0.461292 0
0.122665 0
1.579677 0
0.421291 0
0.461525 0
0.244796 0
0.043508 0
0.166401 0
0.138446 0
0.392761 0
0.268776 0
0.177747 0
0.557005 0
0.678260 0
1.324854 0
0.097557 0
0.468606 0
0.139906 0
0.296201 0
0.257544 0
1.375848 0
1.343402 0
0.659006 0
0.377179 0
0.905836 0
0.715322 0
0.170315 0
0.001433 0
1.595786 0
0.033709 0
1.695718 0
0.458358 0
0.786502 0
0.350363 0
0.056558 0
0.142051 0
0.652889 0
0.119239 0
0.139184 0
2.279349 0
0.181167 0
0.282171 0
0.563083 0
0.388915 0
0.199033 0
0.604852 0
0.803611 0
0.424031 0
0.532916 0
1.323571 0
0.422196 0
0.897029 0
0.288445 0
0.873739 0
0.037816 0
0.031527 0
0.550066 0
0.096889 0
0.088751 0
0.815079 0
0.067469 0
1.218733 0
0.213333 0
0.026104 0
0.627685 0
1.640409 0
0.221007 0
0.811897 0
0.508712 0
0.280817 0
0.156968 0
0.370054 0
0.295720 0
0.285463 0
1.184378 0
0.129910 0
0.526216 0
1.373565 0
1.558913 0
0.095738 0
0.024005 0
0.018449 0
1.055774 0
0.042788 0
0.157285 0
1.796361 0
0.117390 0
0.442879 0
0.097241 0
0.020535 0
0.905971 0
0.357343 0
0.206562 0
0.354849 0
0.308491 0
1.073544 0
0.615650 0
0.593719 0
0.832369 0
1.213892 0
0.420964 0
0.218078 0
0.087114 0
0.288728 0
0.384397 0
0.847720 0
1.057608 0
0.516710 0
0.144087 0
1.061184 0
0.048473 0
0.502734 0
1.040789 0
0.904391 0
0.010942 0
1.502221 0
0.148248 0
0.663445 0
0.387049 0
0.442889 0
0.672536 0
0.095376 0
0.652289 0
0.794409 0
0.195176 0
0.589593 0
0.552518 0
1.462238 0
0.512718 0
0.102039 0
0.105256 0
0.435990 0
0.711518 0
0.013545 0
0.142653 0
0.101578 0
0.036444 0
0.286374 0
1.661674 0
0.441971 0
0.440923 0
0.095081 0
0.298463 0
0.887282 0
0.090095 0
0.163762 0
0.032384 0
0.458346 0
0.669759 0
0.962899 0
1.071478 0
0.152806 0
0.615614 0
0.726745 0
0.042587 0
0.446525 0
0.270289 0
0.798249 0
0.795866 0
0.381894 0
0.133278 0
1.028961 0
0.082805 0
0.135777 0
0.988461 0
0.154624 0
1.327284 0
0.163655 0
0.338982 0
0.537421 0
0.066727 0
0.518330 0
0.608275 0
0.693000 0
0.661770 0
1.399779 0
0.193231 0
0.577147 0
0.116732 0
0.571613 0
0.025632 0
0.085221 0
0.704303 0
0.249381 0
0.155741 0
0.588505 0
0.219884 0
0.091148 0
0.153453 0
0.772642 0
0.189361 0
0.180259 0
1.528787 0
0.057264 0
0.185561 0
0.296908 0
0.232530 0
0.187607 0
0.581074 0
1.215168 0
0.979297 0
0.180056 0
1.095709 0
0.489005 0
0.254337 0
0.126803 0
0.866059 0
0.252793 0
1.193409 0
0.904909 0
0.111492 0
1.080075 0
0.719394 0
0.056664 0
0.073855 0
0.768589 0
0.311285 0
0.313131 0
0.252170 0
0.293487 0
0.431359 0
0.313824 0
0.096616 0
0.499674 0
0.214895 0
0.400621 0
0.528909 0
1.545625 0
0.121778 0
1.464314 0
0.185750 0
0.007361 0
0.101691 0
0.067817 0
0.111448 0
0.169878 0
1.529478 0
0.151287 0
0.079813 0
0.496215 0
0.694553 0
0.539197 0
0.410546 0
0.172063 0
0.139229 0
0.038875 0
0.699681 0
0.700556 0
0.050967 0
0.297407 0
0.792076 0
0.317105 0
0.532755 0
0.267305 0
1.420699 0
0.192501 0
0.369575 0
0.417007 0
0.085079 0
0.129337 0
0.038816 0
0.100873 0
0.450244 0
0.625288 0
0.583804 0
0.743137 0
0.451640 0
0.068685 0
0.138641 0
0.078915 0
1.006951 0
0.207400 0
0.378757 0
0.615888 0
0.557637 0
0.873970 0
0.755956 0
0.215410 0
0.042734 0
0.110258 0
0.289294 0
0.335007 0
0.487243 0
0.080582 0
0.901990 0
0.557472 0
0.017307 0
0.455574 0
0.534037 0
0.959116 0
0.201389 0
0.264482 0
0.024828 0
0.040271 0
0.101212 0
0.451538 0
1.151841 0
0.074032 0
0.962347 0
0.129530 0
0.176291 0
0.472354 0
0.208933 0
1.163458 0
0.061098 0
0.487520 0
0.290654 0
0.111232 0
0.651833 0
0.229193 0
0.287145 0
1.573789 0
0.545933 0
0.187139 0
0.101751 0
0.192237 0
0.590325 0
0.855637 0
0.164511 0
0.156673 0
0.076001 0
0.013410 0
0.166706 0
0.998567 0
0.473453 0
0.311995 0
0.247357 0
0.191970 0
0.201542 0
0.446775 0
0.173388 0
0.187710 0
1.058359 0
0.079179 0
0.403678 0
0.464090 0
0.070758 0
0.196666 0
0.437639 0
0.069275 0
0.018116 0
0.032307 0
0.259037 0
1.582487 0
0.040752 0
0.595010 0
0.521984 0
0.724619 0
0.109936 0
0.040438 0
0.648399 0
1.318085 0
0.176216 0
0.390936 0
0.568796 0
0.182501 0
0.020850 0
0.294078 0
0.085574 0
0.960638 0
0.247319 0
0.265957 0
0.797988 0
0.017347 0
0.102256 0
1.484125 0
0.656996 0
0.056772 0
1.484210 0
1.423671 0
1.197192 0
0.053142 0
0.792603 0
0.386413 0
0.587844 0
0.406419 0
0.547890 0
0.414435 0
0.907339 0
0.512086 0
0.402571 0
0.853967 0
0.065748 0
1.560409 0
0.360384 0
0.907609 0
1.157521 0
0.170597 0
0.196424 0
1.063882 0
0.439723 0
0.132566 0
0.783457 0
0.169551 0
0.109068 0
0.101715 0
0.048244 0
0.420104 0
0.106010 0
0.179365 0
0.349775 0
0.539951 0
1.630176 0
0.860290 0
0.189910 0
1.270728 0
0.711577 0
0.832395 0
1.224699 0
0.633371 0
0.006514 0
0.216616 0
0.606988 0
0.320149 0
0.496961 0
0.186696 0
0.193279 0
0.854543 0
0.081731 0
0.137421 0
0.608236 0
1.408081 0
0.326529 0
0.781888 0
0.317039 0
0.162409 0
0.004690 0
0.763096 0
0.779990 0
0.345373 0
1.043139 0
0.468241 0
1.405256 0
0.351096 0
0.491015 0
0.414092 0
1.369565 0
0.500611 0
0.518709 0
0.776181 0
0.287838 0
0.166365 0
1.011471 0
0.266362 0
0.516144 0
0.472672 0
0.329880 0
0.055513 0
0.206276 0
0.124070 0
0.220987 0
0.994910 0
0.126970 0
0.565459 0
0.506337 0
0.047868 0
0.508020 0
0.146744 0
0.517586 0
0.354669 0
0.426974 0
0.998404 0
0.622540 0
0.303453 0
0.849752 0
0.231767 0
0.134108 0
0.188888 0
0.208118 0
0.141955 0
1.854462 0
0.811242 0
0.310753 0
0.261554 0
0.169960 0
0.081325 0
0.224730 0
0.442317 0
0.059361 0
0.113655 0
1.008613 0
0.622442 0
0.877387 0
0.236133 0
0.883041 0
0.238260 0
1.013278 0
0.009656 0
1.562095 0
0.574892 0
0.637022 0
0.593827 0
0.057849 0
0.063214 0
0.213152 0
0.546614 0
0.805514 0
0.415061 0
0.095757 0
0.183938 0
0.523680 0
0.286184 0
0.585431 0
0.213233 0
0.602364 0
1.541962 0
0.292125 0
0.058201 0
0.026914 0
1.133467 0
0.040511 0
0.368829 0
1.398539 0
0.025757 0
0.812337 0
0.912929 0
0.500663 0
1.054417 0
0.748468 0
0.944523 0
1.062250 0
0.301111 0
0.048755 0
0.274924 0
0.350435 0
0.308171 0
0.088378 0
1.615841 0
0.711031 0
0.504753 0
0.146976 0
0.488959 0
0.224681 0
0.491994 0
0.510291 0
0.071016 0
0.811933 0
0.265648 0
0.818356 0
0.886258 0
0.285560 0
0.056614 0
0.009904 0
0.365979 0
0.132759 0
1.282435 0
1.448626 0
0.287722 0
0.471196 0
0.029062 0
1.183309 0
1.004074 0
0.277235 0
0.114262 0
1.210019 0
0.449093 0
0.205986 0
0.175780 0
0.118753 0
0.255188 0
0.424387 0
1.190475 0
0.506033 0
0.287535 0
0.451076 0
0.380327 0
0.328723 0
0.190268 0
0.002509 0
0.700331 0
0.294350 0
0.238472 0
0.049474 0
0.449487 0
0.138983 0
1.446435 0
0.095369 0
1.552094 0
1.369308 0
0.460581 0
0.608350 0
0.444754 0
0.030402 0
0.063318 0
0.090620 0
0.102355 0
0.382216 0
0.496741 0
0.053775 0
0.177513 0
0.804648 0
0.186594 0
0.659143 0
0.019187 0
0.085885 0
0.632283 0
0.110299 0
0.235442 0
0.486626 0
0.195714 0
0.197266 0
0.745763 0
0.005751 0
0.457761 0
0.080368 0
0.091037 0
0.022698 0
0.675852 0
0.605556 0
1.684791 0
0.894905 0
0.008846 0
0.205801 0
0.090580 0
0.072847 0
0.046919 0
0.290684 0
0.081442 0
0.369531 0
0.217728 0
0.616538 0
0.714824 0
0.024631 0
0.137761 0
0.187327 0
0.040391 0
0.514981 0
0.075269 0
0.216308 0
0.028195 0
0.243048 0
0.903486 0
0.880703 0
0.887814 0
0.487497 0
0.270491 0
0.453492 0
0.327605 0
0.124089 0
0.301621 0
0.323271 0
1.263443 0
0.033026 0
0.597629 0
0.367964 0
0.695090 0
0.618908 0
0.624207 0
0.450351 0
0.393652 0
0.052534 0
0.277225 0
1.526595 0
0.025613 0
0.548708 0
0.071530 0
0.948417 0
0.227611 0
1.664279 0
0.261497 0
0.302432 0
0.546635 0
0.586398 0
0.074725 0
0.739115 0
0.490892 0
0.473372 0
0.469540 0
0.345701 0
0.466378 0
1.311313 0
0.205310 0
0.311362 0
0.032066 0
0.463969 0
0.537243 0
0.056110 0
0.684806 0
1.009830 0
0.496744 0
0.085976 0
0.355469 0
0.465737 0
1.039991 0
0.347259 0
0.002378 0
0.162624 0
0.319170 0
0.119566 0
1.142398 0
0.624765 0
0.395966 0
0.399215 0
0.701861 0
0.342904 0
0.688018 0
0.153574 0
0.799833 0
0.040625 0
0.021422 0
0.149388 0
0.811329 0
0.623244 0
0.206628 0
0.075907 0
0.325955 0
1.391963 0
0.276943 0
0.183103 0
0.259728 0
0.273398 0
0.965500 0
0.325823 0
0.616325 0
0.674110 0
0.273787 0
0.758089 0
0.081072 0
0.249915 0
0.039587 0
1.244717 0
0.063724 0
0.586996 0
0.976862 0
1.439517 0
1.061791 0
1.459023 0
0.245723 0
0.419732 0
0.014135 0
0.195921 0
0.099486 0
0.412643 0
0.665377 0
0.792426 0
0.665440 0
0.010910 0
0.149283 0
0.058201 0
0.174334 0
0.035172 0
0.173913 0
0.111224 0
0.348386 0
0.136387 0
0.358406 0
0.280239 0
0.320269 0
0.239915 0
0.696163 0
0.006770 0
0.479080 0
1.695977 0
1.590226 0
0.531920 0
0.662091 0
0.726714 0
0.096906 0
0.830311 0
0.524618 0
0.205595 0
0.503138 0
0.530766 0
0.725623 0
1.200626 0
1.136713 0
0.196232 0
0.951693 0
0.434881 0
0.702812 0
0.223287 0
0.365779 0
0.676728 0
1.366145 0
0.977052 0
0.826891 0
0.173615 0
0.056630 0
0.578511 0
0.488208 0
0.395631 0
0.257044 0
1.266080 0
1.391277 0
0.266507 0
0.527958 0
0.127619 0
1.651612 0
0.194329 0
0.155590 0
0.295453 0
1.347022 0
1.320227 0
0.138322 0
0.890445 0
1.309184 0
0.397557 0
0.719655 0
1.169321 0
0.543979 0
1.403376 0
0.054829 0
1.043763 0
1.241928 0
0.098305 0
0.498374 0
0.519130 0
0.118047 0
0.935990 0
0.952867 0
1.087636 0
0.409391 0
1.461359 0
0.065702 0
0.056584 0
0.415636 0
0.012559 0
0.104534 0
0.104615 0
0.105522 0
0.037826 0
0.075495 0
0.620428 0
1.163836 0
0.156318 0
0.023445 0
1.020768 0
0.063072 0
1.008627 0
1.390275 0
0.097855 0
1.001609 0
1.186275 0
0.305966 0
0.069129 0
0.199346 0
0.250516 0
0.459386 0
0.033095 0
0.104667 0
0.147108 0
0.385545 0
0.206595 0
0.161593 0
1.546079 0
0.278189 0
0.800732 0
0.310071 0
0.199385 0
0.919155 0
1.153927 0
0.177944 0
0.222552 0
0.267751 0
0.290239 0
0.149272 0
0.260524 0
0.667427 0
0.442787 0
0.168867 0
0.254467 0
0.291498 0
0.891074 0
1.573991 0
1.002430 0
0.307113 0
0.550661 0
0.432145 0
0.979673 0
0.152010 0
0.091240 0
1.164572 0
0.138014 0
0.136441 0
0.689997 0
0.240419 0
0.162790 0
0.685564 0
0.185953 0
0.032179 0
1.498646 0
0.011394 0
0.943552 0
0.068272 0
0.254671 0
0.070228 0
0.359407 0
1.532546 0
0.758744 0
0.676518 0
0.095842 0
0.330763 0
0.289246 0
0.574317 0
0.767199 0
0.365906 0
0.140668 0
0.059726 0
0.624180 0
0.063948 0
0.876576 0
0.360612 0
0.069837 0
0.106686 0
1.177492 0
0.223276 0
0.618573 0
0.560274 0
0.663051 0
0.321867 0
0.898118 0
0.931327 0
0.257602 0
0.932173 0
0.097687 0
0.710654 0
0.218505 0
0.302734 0
0.076789 0
1.047109 0
1.472938 0
0.060543 0
0.459025 0
0.555961 0
0.302209 0
0.048174 0
0.249931 0
0.190384 0
1.546312 0
0.799823 0
0.218762 0
0.141567 0
0.307172 0
0.299423 0
0.169096 0
0.380831 0
0.654125 0
0.715798 0
0.494063 0
0.322038 0
0.445072 0
1.500905 0
1.742759 0
0.034273 0
0.621334 0
0.916345 0
0.168647 0
0.622430 0
0.044879 0
0.018690 0
0.581195 0
0.792870 0
0.201413 0
0.173905 0
0.806139 0
1.435025 0
0.639986 0
0.256758 0
1.653713 0
0.157734 0
0.173449 0
0.162923 0
0.132573 0
1.075299 0
0.579826 0
0.027035 0
0.071383 0
0.670954 0
0.202611 0
0.105357 0
0.225679 0
0.163032 0
0.085286 0
0.951020 0
1.734998 0
0.247469 0
0.186554 0
0.600205 0
0.013013 0
0.446721 0
0.062073 0
0.484743 0
0.591288 0
1.501079 0
0.282290 0
0.510875 0
0.431644 0
0.558857 0
0.246199 0
0.169631 0
0.279230 0
0.768179 0
0.476024 0
0.347851 0
0.802293 0
1.210864 0
0.407565 0
0.389346 0
0.021128 0
0.261383 0
0.016014 0
0.607625 0
0.276679 0
1.613948 0
0.914757 0
0.565838 0
0.764807 0
