0.203246 0
0.059541 0
0.753852 0
0.114117 0
0.737832 0
1.163719 0
1.098316 0
0.839305 0
0.251747 0
0.986465 0
0.016537 0
0.167237 0
0.846681 0
0.262933 0
1.203571 0
0.129966 0
0.236639 0
0.095324 0
0.046803 0
0.286204 0
0.024853 0
0.215595 0
0.654800 0
0.038079 0
0.842789 0
0.741912 0
0.533980 0
0.072070 0
0.357245 0
0.781363 0
0.962668 0
1.071976 0
0.037194 0
0.252302 0
0.091664 0
0.033188 0
1.605707 0
1.434064 0
1.272872 0
0.161670 0
0.599970 0
0.736844 0
1.910056 0
0.193255 0
0.630999 0
0.168302 0
1.147666 0
0.196241 0
0.231895 0
0.062291 0
0.445496 0
0.984591 0
1.424884 0
0.955380 0
0.189262 0
0.174327 0
0.131967 0
0.378411 0
0.965979 0
0.172781 0
0.062948 0
0.172230 0
0.184676 0
0.068333 0
0.174237 0
0.288995 0
1.583309 0
0.096008 0
1.575779 0
0.224584 0
0.254867 0
0.315403 0
0.666492 0
0.573866 0
0.873098 0
0.834197 0
0.440283 0
1.388648 0
0.177643 0
0.022854 0
0.208995 0
0.264255 0
0.142890 0
0.311515 0
0.068093 0
0.698364 0
0.614012 0
0.268594 0
0.374056 0
0.307967 0
0.209843 0
0.377923 0
0.281245 0
0.171803 0
0.008024 0
0.075684 0
0.267538 0
0.211790 0
1.431233 0
1.411660 0
0.006913 0
1.371715 0
0.689374 0
0.375543 0
0.370686 0
1.489364 0
0.772056 0
1.022978 0
0.343786 0
0.154861 0
1.076392 0
0.762918 0
0.221033 0
0.726358 0
1.132543 0
0.226219 0
0.196742 0
0.327246 0
1.592485 0
0.384123 0
1.326845 0
0.680934 0
0.452934 0
1.378606 0
0.248251 0
0.961411 0
1.594573 0
0.164610 0
0.738259 0
0.041519 0
0.429060 0
0.174523 0
0.420453 0
0.158760 0
0.443916 0
0.717765 0
0.311488 0
0.500187 0
1.769506 0
0.727860 0
0.458240 0
0.366727 0
0.469212 0
0.120934 0
0.247721 0
0.397364 0
0.957947 0
1.448053 0
1.365707 0
0.381434 0
1.129681 0
0.712186 0
1.106532 0
0.606766 0
0.453989 0
0.301343 0
1.842914 0
0.474162 0
1.178473 0
0.352018 0
1.443336 0
0.254993 0
1.256600 0
0.344323 0
0.593583 0
0.414371 0
0.096775 0
0.631204 0
1.868822 0
0.078591 0
0.615827 0
0.033167 0
1.074584 0
0.133345 0
1.254282 0
0.293214 0
0.150722 0
0.138420 0
1.177576 0
0.185686 0
0.381973 0
0.257980 0
0.054661 0
0.132594 0
0.479319 0
0.319989 0
0.769515 0
0.171732 0
0.497433 0
0.452338 0
0.758638 0
0.368323 0
0.090697 0
0.707252 0
0.050577 0
0.343436 0
0.008918 0
0.253141 0
0.332964 0
0.643208 0
0.240359 0
0.150405 0
1.458328 0
0.247948 0
0.385427 0
0.248255 0
0.360302 0
0.103849 0
0.512557 0
0.772717 0
0.161412 0
0.259513 0
0.040116 0
0.169440 0
0.024836 0
0.495515 0
0.509465 0
0.204874 0
0.201892 0
0.086781 0
0.822296 0
0.237223 0
0.372935 0
0.250938 0
0.244536 0
0.718804 0
1.023808 0
0.225664 0
0.085810 0
0.089062 0
0.420288 0
0.295855 0
0.691697 0
0.464962 0
0.031808 0
0.879444 0
0.023899 0
0.558235 0
0.367038 0
1.152797 0
0.563969 0
0.258906 0
0.713689 0
0.013032 0
0.078149 0
0.029994 0
0.414954 0
0.767400 0
1.202275 0
0.039158 0
0.145914 0
0.659221 0
0.969093 0
0.360169 0
0.106786 0
1.139677 0
1.007669 0
0.642532 0
0.731956 0
0.022894 0
0.128182 0
1.467331 0
0.498506 0
0.896102 0
0.261617 0
0.525304 0
0.957600 0
0.303253 0
0.241250 0
0.141843 0
0.056424 0
1.555102 0
0.435400 0
0.182330 0
0.036999 0
0.013582 0
0.427233 0
0.162786 0
1.071033 0
0.620490 0
0.654188 0
0.092845 0
0.132465 0
0.866758 0
0.135055 0
0.139638 0
1.376173 0
0.307264 0
1.832481 0
0.140561 0
0.888269 0
0.532346 0
1.391499 0
0.116772 0
0.243526 0
1.241120 0
0.554326 0
1.425852 0
0.684682 0
0.189652 0
0.429209 0
0.416847 0
0.286539 0
0.697131 0
0.156909 0
0.355688 0
0.638758 0
0.042358 0
0.141283 0
0.035795 0
0.240504 0
0.795864 0
0.234835 0
0.287863 0
0.119428 0
0.045332 0
0.232001 0
0.687302 0
0.305797 0
0.618220 0
0.251312 0
1.275437 0
0.480059 0
0.526170 0
0.174686 0
0.302294 0
1.187431 0
0.374823 0
0.424077 0
0.018299 0
0.493399 0
1.046429 0
0.121459 0
0.863269 0
0.027247 0
0.179543 0
1.125285 0
0.978059 0
1.522607 0
0.027011 0
0.348159 0
0.237702 0
0.035164 0
0.556212 0
0.474286 0
1.679007 0
0.010349 0
1.003365 0
1.558135 0
0.279370 0
1.028260 0
0.269610 0
1.397197 0
0.297837 0
0.779999 0
1.349530 0
0.395833 0
0.362721 0
0.223133 0
0.034887 0
0.461756 0
0.195186 0
0.261725 0
0.019494 0
0.161737 0
0.776882 0
0.419814 0
0.094695 0
0.330233 0
0.459680 0
0.919837 0
1.390787 0
0.280347 0
0.349534 0
0.075498 0
0.895246 0
0.082549 0
0.172287 0
0.829364 0
0.041383 0
0.675836 0
0.332605 0
0.462098 0
0.696033 0
0.319543 0
0.045221 0
0.324966 0
0.019235 0
0.151467 0
0.037894 0
0.132015 0
0.503488 0
0.194347 0
0.397891 0
0.641582 0
0.014537 0
1.421690 0
0.127189 0
0.137275 0
0.020437 0
0.334318 0
0.125939 0
0.275542 0
0.734512 0
0.125942 0
0.482599 0
0.125520 0
0.418755 0
1.591210 0
0.114403 0
0.161691 0
0.936408 0
0.658796 0
1.253623 0
0.062597 0
0.861920 0
0.037286 0
0.340672 0
0.027029 0
0.367785 0
0.266403 0
0.085282 0
1.072501 0
0.277859 0
0.435822 0
0.864552 0
0.697747 0
0.077019 0
0.690299 0
0.797185 0
1.073759 0
0.275324 0
0.035162 0
0.581126 0
0.283447 0
0.947915 0
0.698221 0
0.352895 0
0.672710 0
0.635026 0
1.498784 0
0.179492 0
0.064578 0
0.082885 0
0.841195 0
1.544885 0
0.019455 0
0.404609 0
0.107802 0
0.290633 0
0.483650 0
0.385945 0
1.081471 0
1.932549 0
0.634515 0
0.656959 0
0.018227 0
0.541800 0
0.064878 0
1.754675 0
0.250497 0
0.158704 0
0.337676 0
0.046192 0
0.975869 0
0.278432 0
0.531730 0
0.810972 0
1.815509 0
1.121288 0
0.021520 0
0.251181 0
0.137196 0
0.424847 0
0.164113 0
0.198657 0
0.250494 0
0.384967 0
0.860184 0
0.853405 0
1.215248 0
0.740238 0
0.165087 0
1.624969 0
0.837112 0
0.264596 0
0.055572 0
0.804592 0
0.138668 0
1.122131 0
0.178910 0
0.089024 0
0.215286 0
0.285485 0
0.271461 0
0.250965 0
0.621357 0
0.243298 0
0.364060 0
0.930599 0
0.304146 0
0.008359 0
0.174369 0
0.164720 0
0.099233 0
0.353999 0
0.076614 0
0.145296 0
0.013200 0
0.478757 0
0.790661 0
0.201068 0
0.137799 0
0.209332 0
0.015741 0
0.931563 0
0.303502 0
1.411982 0
0.388066 0
1.326142 0
0.019784 0
0.150892 0
0.110723 0
0.475577 0
0.728174 0
0.160718 0
0.300155 0
0.858875 0
1.141806 0
0.201399 0
0.046850 0
0.877305 0
0.585352 0
0.210298 0
0.103451 0
1.000228 0
0.236430 0
0.063875 0
0.434697 0
0.437887 0
0.054336 0
0.105324 0
0.168022 0
0.720226 0
0.733741 0
1.271747 0
1.365742 0
0.210993 0
0.363590 0
0.602042 0
0.154114 0
0.232343 0
0.205648 0
0.112058 0
0.128945 0
0.292767 0
0.457029 0
0.996102 0
0.973448 0
0.564803 0
0.909848 0
0.546664 0
0.289470 0
0.844141 0
0.094403 0
0.360262 0
0.878236 0
0.264593 0
0.334881 0
0.410195 0
0.607715 0
0.107453 0
0.045544 0
0.363915 0
0.218828 0
0.920045 0
1.000316 0
0.407632 0
0.827301 0
1.539196 0
0.188475 0
0.737993 0
0.018812 0
0.129659 0
0.119306 0
1.029263 0
0.482327 0
0.114605 0
0.247190 0
0.003388 0
0.693326 0
0.491031 0
0.368995 0
0.160953 0
0.055231 0
0.478350 0
1.089768 0
0.108901 0
0.804121 0
0.775486 0
0.072821 0
0.030147 0
0.176258 0
0.394779 0
0.856785 0
0.634531 0
0.857311 0
1.170486 0
1.064463 0
0.168472 0
0.681001 0
0.115497 0
0.434752 0
0.177096 0
0.275761 0
1.087744 0
0.166797 0
0.192493 0
0.493738 0
0.343868 0
1.176360 0
0.229682 0
0.438955 0
0.338684 0
0.881127 0
0.131175 0
0.637933 0
1.586143 0
0.120938 0
0.207073 0
0.364895 0
0.800771 0
2.039332 0
1.439651 0
0.124086 0
0.249685 0
0.207919 0
0.935014 0
0.139506 0
1.381466 0
0.250860 0
0.324726 0
0.748878 0
0.804308 0
0.317642 0
0.370636 0
0.473251 0
0.823969 0
0.341055 0
0.178189 0
1.402317 0
0.582264 0
1.009462 0
0.265793 0
0.135071 0
0.339428 0
1.260493 0
0.670787 0
0.307446 0
0.170379 0
0.820092 0
0.469099 0
0.219831 0
0.676911 0
0.377015 0
0.171863 0
0.223405 0
1.574859 0
1.003503 0
1.375477 0
0.076264 0
1.699081 0
1.570257 0
0.590538 0
0.614252 0
0.295974 0
0.478136 0
0.530777 0
0.175165 0
0.680044 0
0.027091 0
1.319242 0
0.096031 0
0.050085 0
0.043178 0
0.437318 0
0.364390 0
0.225541 0
1.367444 0
0.052915 0
0.268889 0
0.328920 0
0.611115 0
0.258587 0
1.662517 0
0.015843 0
0.189106 0
0.043477 0
1.460263 0
0.059119 0
1.266997 0
0.104653 0
0.102773 0
0.041653 0
0.327736 0
0.469575 0
0.144114 0
0.446675 0
0.031262 0
0.138419 0
0.628454 0
0.587377 0
0.435963 0
0.815766 0
0.112676 0
0.835561 0
0.143717 0
0.351045 0
1.122125 0
0.433266 0
0.843766 0
0.196384 0
0.431247 0
0.018197 0
0.270949 0
0.027848 0
0.154224 0
1.018876 0
1.506591 0
0.232243 0
0.908832 0
0.180963 0
0.888969 0
1.549627 0
0.623866 0
0.606328 0
0.788817 0
1.675926 0
0.590802 0
0.656851 0
0.080338 0
0.093610 0
0.995185 0
0.274666 0
1.439398 0
0.071154 0
0.062903 0
0.122020 0
0.228682 0
0.093871 0
0.098829 0
0.230793 0
0.144772 0
0.103337 0
0.587987 0
0.065270 0
0.405900 0
0.521303 0
0.072924 0
0.592676 0
0.283430 0
0.058206 0
0.400139 0
0.265993 0
0.234677 0
0.667310 0
0.295439 0
0.188953 0
0.040914 0
1.090334 0
0.592979 0
1.390948 0
0.253393 0
0.857695 0
0.087454 0
0.528627 0
0.632061 0
0.037375 0
0.155978 0
0.376041 0
0.690925 0
0.045281 0
0.602693 0
0.203160 0
0.229287 0
0.360011 0
0.241149 0
0.697935 0
0.347237 0
0.552122 0
0.438668 0
0.462240 0
1.290995 0
0.290601 0
1.300315 0
0.765072 0
0.256330 0
0.388820 0
0.041924 0
0.125497 0
0.152296 0
0.221669 0
0.269845 0
1.368866 0
0.920455 0
0.327979 0
0.318187 0
0.736900 0
0.967565 0
2.060597 0
1.247203 0
1.364755 0
0.391676 0
0.344873 0
0.038144 0
1.281916 0
0.756504 0
0.679259 0
0.616105 0
0.207398 0
1.458974 0
1.266339 0
0.510976 0
0.127386 0
0.876190 0
0.581049 0
1.367619 0
0.526210 0
0.367683 0
0.373576 0
1.050005 0
0.165709 0
0.676709 0
0.095198 0
0.682308 0
0.633816 0
0.887362 0
0.248307 0
0.532574 0
0.242105 0
0.152221 0
1.064180 0
0.951139 0
0.612751 0
1.372705 0
0.295088 0
0.499431 0
0.513679 0
0.890509 0
0.297410 0
1.002599 0
0.408404 0
1.065678 0
0.142198 0
0.246606 0
1.566160 0
0.326036 0
0.395428 0
0.265210 0
0.530248 0
0.618220 0
0.696177 0
0.319059 0
1.419314 0
0.562157 0
0.701990 0
1.026638 0
0.453709 0
1.569722 0
0.723081 0
0.063996 0
0.832346 0
0.269742 0
0.270221 0
0.072236 0
0.226834 0
1.434418 0
1.429542 0
0.431652 0
0.073191 0
0.731086 0
0.308555 0
0.326665 0
0.609830 0
0.028949 0
0.041053 0
0.352833 0
0.171010 0
0.568210 0
1.289800 0
0.213935 0
0.172408 0
1.149513 0
1.366023 0
1.407794 0
0.697614 0
0.695499 0
0.116000 0
0.493978 0
1.242997 0
0.260444 0
0.687432 0
0.096987 0
0.690660 0
0.189245 0
0.567610 0
0.244078 0
1.122615 0
0.654830 0
0.046239 0
0.427668 0
0.145717 0
0.879211 0
0.026482 0
0.742482 0
0.452913 0
1.116486 0
0.450565 0
0.350448 0
0.102905 0
1.461428 0
0.345851 0
0.996952 0
0.918484 0
1.008165 0
0.947020 0
0.148524 0
0.652228 0
0.427371 0
0.171075 0
0.248833 0
0.107822 0
0.047355 0
0.328339 0
0.304167 0
0.080951 0
1.497714 0
1.741665 0
0.628550 0
1.278181 0
0.137595 0
0.130058 0
0.872288 0
0.836558 0
1.520913 0
0.136650 0
0.124195 0
0.218305 0
0.503944 0
0.511773 0
1.074809 0
0.172113 0
0.291882 0
0.310050 0
0.278725 0
0.121498 0
0.037190 0
0.149739 0
0.035710 0
0.774383 0
0.454248 0
0.606748 0
0.374427 0
0.375800 0
0.540490 0
0.489332 0
0.010726 0
0.201644 0
0.386994 0
0.804935 0
0.963446 0
0.345472 0
0.171157 0
0.706980 0
0.216340 0
1.493657 0
0.051685 0
1.277580 0
0.788976 0
0.716506 0
1.106166 0
0.667321 0
0.094189 0
0.302558 0
0.631811 0
0.116223 0
0.049971 0
0.236305 0
0.065199 0
0.270501 0
0.274778 0
0.130484 0
0.650403 0
0.749931 0
0.089259 0
0.202600 0
0.082068 0
1.152436 0
0.032847 0
0.322788 0
0.529269 0
0.280241 0
0.056433 0
0.292662 0
1.455619 0
0.378812 0
0.043682 0
0.702346 0
0.373992 0
0.317974 0
1.215736 0
0.077132 0
0.339577 0
0.171079 0
0.440538 0
0.216016 0
0.443014 0
1.257376 0
0.367106 0
1.077441 0
0.060623 0
0.306257 0
0.016086 0
0.225983 0
0.647863 0
0.467507 0
1.532576 0
0.677049 0
0.185210 0
0.934399 0
0.021349 0
0.172685 0
0.105959 0
1.124360 0
0.184758 0
0.365362 0
0.535936 0
1.433451 0
0.022631 0
0.144841 0
0.143055 0
0.077988 0
0.184308 0
0.136055 0
0.123689 0
1.337259 0
0.087325 0
0.614285 0
0.050660 0
0.531035 0
0.499907 0
0.452126 0
1.503927 0
0.721213 0
1.650586 0
0.503338 0
0.075653 0
1.496312 0
0.109556 0
0.836579 0
0.426720 0
0.106808 0
0.320932 0
0.320056 0
0.101652 0
0.257928 0
1.383451 0
0.141472 0
0.529483 0
0.845404 0
0.219664 0
0.760833 0
0.550773 0
0.066555 0
0.911821 0
0.115850 0
0.270404 0
0.641968 0
0.211689 0
0.121997 0
0.607538 0
0.967821 0
0.598362 0
0.252908 0
0.728254 0
0.118737 0
1.358004 0
0.443772 0
0.160260 0
0.445128 0
0.198475 0
0.029268 0
0.542097 0
0.070439 0
0.025862 0
0.228092 0
0.224915 0
0.155660 0
0.116048 0
0.806498 0
0.318359 0
0.152277 0
0.071648 0
0.064520 0
0.541048 0
0.455085 0
0.161851 0
0.534119 0
0.003807 0
0.021322 0
0.144590 0
1.372316 0
1.408754 0
0.835116 0
0.644133 0
0.250948 0
0.820313 0
0.605517 0
1.702350 0
0.162042 0
0.889088 0
1.147151 0
1.324066 0
0.953638 0
0.557420 0
0.512902 0
1.005221 0
1.642512 0
0.428588 0
0.203032 0
0.193515 0
0.165298 0
0.304459 0
0.696360 0
0.445880 0
0.280044 0
0.359799 0
0.427670 0
0.921022 0
0.062094 0
0.420532 0
0.411240 0
0.866165 0
0.421790 0
1.344989 0
0.183759 0
0.863549 0
0.100507 0
0.021397 0
0.037455 0
0.320356 0
0.329564 0
1.438675 0
0.218190 0
0.612023 0
0.667035 0
1.403745 0
0.067574 0
0.674346 0
0.224436 0
0.194779 0
0.347346 0
0.323274 0
0.036506 0
0.442268 0
1.309969 0
0.006101 0
0.784266 0
0.177437 0
0.573371 0
0.693767 0
0.759543 0
0.007592 0
0.824505 0
0.073407 0
0.020783 0
0.176698 0
0.340886 0
0.277094 0
0.101081 0
0.630029 0
1.202966 0
0.059887 0
0.647831 0
0.392825 0
0.353028 0
0.940075 0
0.599142 0
0.168114 0
0.087878 0
1.704914 0
0.552338 0
0.704917 0
0.248475 0
0.067048 0
0.103944 0
0.473220 0
0.391398 0
0.438077 0
0.099083 0
1.510523 0
1.814216 0
0.193858 0
0.614157 0
0.155749 0
0.135003 0
0.236294 0
0.019089 0
0.181236 0
1.239084 0
0.681135 0
0.228634 0
0.281899 0
0.594680 0
0.241565 0
0.154161 0
0.016219 0
1.752474 0
0.749631 0
0.316892 0
0.496515 0
1.145308 0
0.523398 0
0.537896 0
0.094735 0
0.621935 0
0.371915 0
0.087270 0
0.614806 0
0.069071 0
0.200714 0
0.573528 0
1.081123 0
0.728694 0
0.239550 0
0.482191 0
0.600203 0
1.031174 0
0.788316 0
0.551107 0
0.005535 0
0.194694 0
0.081818 0
0.067659 0
0.213898 0
0.532703 0
0.369249 0
0.081853 0
0.103299 0
0.743437 0
0.239438 0
0.498101 0
0.225478 0
0.223823 0
0.467685 0
0.085560 0
0.210858 0
0.189301 0
0.302004 0
0.114687 0
0.067460 0
0.244051 0
1.529806 0
0.082432 0
0.926687 0
0.818457 0
0.117816 0
0.769674 0
0.691994 0
0.392047 0
0.291749 0
0.179322 0
0.742230 0
0.049087 0
0.011799 0
0.073161 0
0.859709 0
0.099017 0
1.154767 0
0.386551 0
0.393859 0
0.520705 0
0.576435 0
0.180412 0
1.265570 0
0.144529 0
0.101258 0
1.672004 0
0.476367 0
0.430717 0
0.059028 0
0.442479 0
0.086628 0
0.790436 0
0.691272 0
0.355185 0
1.588431 0
0.135239 0
0.224470 0
0.333824 0
0.300097 0
1.375931 0
0.412643 0
0.574057 0
0.234341 0
1.245435 0
1.268376 0
0.447042 0
0.286191 0
0.213453 0
0.939873 0
0.092907 0
1.121607 0
0.803187 0
0.102916 0
1.310987 0
0.229203 0
0.357954 0
0.521834 0
0.774562 0
0.689742 0
0.316887 0
0.175805 0
0.371255 0
0.694897 0
0.135954 0
0.285227 0
0.661198 0
0.690413 0
1.453612 0
0.525413 0
0.023957 0
0.478952 0
0.163116 0
0.197473 0
0.983248 0
0.121704 0
0.359278 0
0.285735 0
0.711529 0
0.492250 0
0.127171 0
0.856642 0
0.026942 0
0.229988 0
1.399074 0
0.479755 0
0.952136 0
0.025223 0
0.686691 0
0.538806 0
0.282336 0
1.133355 0
0.461656 0
0.726261 0
0.054195 0
0.785880 0
0.610362 0
0.128091 0
0.273358 0
0.295682 0
0.068302 0
0.448060 0
0.191093 0
0.387856 0
0.007689 0
0.523927 0
0.297468 0
0.485244 0
0.415752 0
0.283194 0
0.305243 0
0.733639 0
0.744776 0
0.767997 0
0.107064 0
0.163295 0
0.708505 0
0.206865 0
0.209598 0
0.451237 0
0.349136 0
0.253104 0
0.845052 0
0.054338 0
0.642450 0
0.068069 0
0.388474 0
0.765374 0
0.258526 0
0.291059 0
0.366177 0
1.638867 0
0.470960 0
0.047908 0
1.247088 0
0.266835 0
0.152592 0
1.681522 0
0.062242 0
1.511574 0
0.340786 0
0.812421 0
0.175622 0
0.121070 0
1.155100 0
0.142108 0
0.546583 0
0.039690 0
0.127867 0
0.147654 0
0.098729 0
0.150919 0
0.743584 0
0.082512 0
0.509811 0
0.160585 0
0.045596 0
0.273010 0
1.209873 0
0.515351 0
1.494776 0
0.057003 0
0.133285 0
1.060819 0
0.041128 0
0.027951 0
0.294157 0
1.003254 0
0.077919 0
0.011959 0
0.022355 0
0.368084 0
0.485617 0
0.020208 0
0.366291 0
0.480445 0
0.840714 0
0.202006 0
0.350924 0
0.262320 0
0.105548 0
0.177614 0
0.793925 0
0.390724 0
0.521697 0
1.271675 0
0.155950 0
0.336976 0
0.459988 0
1.420610 0
1.399438 0
0.119320 0
0.732297 0
0.690975 0
0.057475 0
0.568831 0
0.148102 0
0.497307 0
0.544169 0
0.320075 0
0.433248 0
0.050823 0
0.128465 0
0.410169 0
0.059910 0
0.235373 0
0.036347 0
0.107976 0
1.506247 0
0.019247 0
1.422955 0
0.049281 0
0.827993 0
0.169625 0
0.236060 0
0.263789 0
0.593448 0
0.139739 0
0.038523 0
0.449717 0
0.625965 0
1.047766 0
0.399396 0
0.093171 0
0.192866 0
0.300847 0
0.518470 0
0.166572 0
0.278729 0
0.059664 0
0.093107 0
0.595205 0
0.442770 0
0.304541 0
0.469475 0
0.242953 0
0.309211 0
0.050354 0
0.402804 0
0.271396 0
1.221505 0
0.041140 0
0.081722 0
0.342053 0
0.335986 0
0.229828 0
0.543819 0
0.024312 0
1.442343 0
0.433396 0
0.462464 0
0.366383 0
0.126615 0
1.530833 0
0.112191 0
1.419645 0
0.706830 0
0.828180 0
0.834799 0
0.290742 0
0.037136 0
0.225309 0
0.350574 0
1.249085 0
0.199399 0
0.124824 0
0.385506 0
0.036170 0
1.066457 0
0.295406 0
0.942920 0
0.184088 0
0.334495 0
1.431775 0
0.513155 0
0.021521 0
0.779712 0
0.222072 0
0.252567 0
0.036800 0
0.516911 0
0.698402 0
0.355932 0
0.040682 0
0.023880 0
1.052797 0
0.451526 0
0.250840 0
0.027639 0
0.359192 0
1.137306 0
0.670504 0
0.475578 0
0.498867 0
0.259568 0
0.908518 0
0.199998 0
0.231128 0
0.917428 0
0.896961 0
0.082864 0
0.580521 0
0.181155 0
1.587145 0
0.312109 0
0.358182 0
0.972168 0
1.080976 0
0.297871 0
0.118788 0
0.694138 0
0.287296 0
0.062452 0
0.159849 0
0.446917 0
0.211530 0
0.541072 0
0.006498 0
0.185814 0
0.227360 0
0.077186 0
0.018296 0
1.655640 0
0.029275 0
0.337682 0
0.932641 0
1.424233 0
0.255736 0
0.170463 0
0.658780 0
0.071578 0
0.329848 0
1.160034 0
0.057916 0
0.244835 0
0.373691 0
1.257540 0
0.100282 0
0.287724 0
0.872495 0
1.314154 0
0.028497 0
0.019863 0
1.317532 0
0.905811 0
0.211214 0
1.271864 0
1.317408 0
1.204427 0
0.113429 0
0.335379 0
0.439064 0
0.170255 0
1.448360 0
0.377666 0
0.150210 0
0.796861 0
1.276328 0
0.174146 0
0.053441 0
0.047687 0
0.967737 0
1.129897 0
0.176538 0
0.293598 0
0.767835 0
0.542924 0
0.360631 0
0.054929 0
0.193158 0
0.032128 0
0.012377 0
1.099262 0
0.914203 0
1.011391 0
0.371919 0
0.504335 0
0.415208 0
1.273543 0
0.188458 0
0.958172 0
0.690276 0
1.405219 0
1.167632 0
0.172138 0
0.004767 0
0.578838 0
0.012100 0
0.343068 0
0.454792 0
0.264719 0
0.219049 0
0.342631 0
0.034143 0
0.422824 0
0.746825 0
0.046555 0
0.612953 0
0.561423 0
0.513945 0
0.208877 0
0.016440 0
0.760188 0
0.239514 0
1.503677 0
0.502491 0
0.296643 0
