0.346296 0
0.401333 0
0.809933 0
0.132562 0
0.213381 0
0.506342 0
0.231299 0
0.257290 0
0.264169 0
0.205587 0
0.234848 0
0.455315 0
0.337497 0
0.279619 0
0.577747 0
0.277916 0
0.066234 0
0.123693 0
0.117303 0
0.683417 0
1.113834 0
0.969740 0
0.235749 0
1.275124 0
0.857936 0
0.036399 0
1.864529 0
0.224287 0
1.051024 0
0.815522 0
0.256278 0
0.518586 0
0.610499 0
0.214728 0
0.241051 0
0.302390 0
0.847681 0
0.143220 0
0.765705 0
0.325104 0
0.351451 0
0.501059 0
0.464009 0
0.101729 0
0.359194 0
0.251086 0
0.102232 0
0.503691 0
0.670747 0
0.526591 0
0.919105 0
0.677601 0
0.069405 0
0.705798 0
1.307371 0
0.142186 0
0.102371 0
0.528775 0
0.646830 0
1.342039 0
0.625137 0
0.768325 0
1.468952 0
0.731829 0
0.193472 0
0.274180 0
0.342012 0
0.845065 0
0.513662 0
1.327313 0
0.307514 0
0.335129 0
0.035789 0
0.584581 0
0.474811 0
0.309406 0
0.849400 0
0.110009 0
1.003108 0
0.533727 0
0.327015 0
0.268634 0
0.374571 0
0.124823 0
0.186079 0
0.102407 0
0.606709 0
0.146130 0
0.250716 0
0.743619 0
0.907675 0
0.003152 0
0.221429 0
0.376000 0
1.472751 0
0.206843 0
0.405761 0
1.349850 0
0.226987 0
1.491168 0
0.541351 0
0.100967 0
1.104795 0
0.289779 0
1.582101 0
0.400641 0
0.715286 0
0.176438 0
0.423721 0
0.867035 0
0.550840 0
0.353574 0
0.053571 0
0.143033 0
1.374078 0
0.933271 0
0.764547 0
0.097673 0
0.098113 0
0.257845 0
0.140119 0
0.383329 0
0.104117 0
0.773782 0
0.918646 0
0.264855 0
0.573895 0
0.702585 0
0.803342 0
0.161802 0
0.322002 0
0.156897 0
0.055141 0
0.282689 0
1.015067 0
0.197010 0
0.867814 0
0.675331 0
0.223633 0
0.210571 0
0.624203 0
0.026656 0
0.589981 0
1.135656 0
0.350366 0
0.148304 0
0.798816 0
0.138806 0
0.094340 0
0.368702 0
1.534349 0
0.010695 0
1.416607 0
0.303430 0
0.163774 0
0.493253 0
0.073288 0
0.081589 0
0.413383 0
0.194426 0
0.464061 0
0.120902 0
1.341421 0
0.757746 0
0.709882 0
0.190736 0
0.801419 0
1.878002 0
0.387215 0
0.621058 0
0.047557 0
0.522241 0
0.058432 0
0.185751 0
0.765568 0
0.163075 0
1.306617 0
0.277137 0
1.392695 0
0.301670 0
0.139366 0
0.278919 0
0.017539 0
0.179874 0
0.797744 0
0.480068 0
1.000642 0
0.313667 0
0.430978 0
0.061815 0
0.042617 0
0.194283 0
0.956476 0
0.118143 0
0.193739 0
0.341119 0
0.855828 0
0.224692 0
0.269827 0
0.093202 0
0.148540 0
0.812936 0
1.000653 0
0.176244 0
1.618014 0
0.435508 0
0.119081 0
0.066504 0
0.005271 0
0.464831 0
0.209695 0
0.498340 0
0.186541 0
1.247805 0
0.770094 0
0.311868 0
0.370402 0
0.342214 0
0.796566 0
0.504591 0
0.559450 0
0.202645 0
0.414918 0
0.052826 0
1.016039 0
0.304956 0
0.156405 0
0.412944 0
0.119587 0
0.669216 0
0.098247 0
0.065533 0
1.142608 0
0.104526 0
0.841122 0
0.966512 0
0.053720 0
0.076817 0
0.224464 0
0.058736 0
0.164524 0
0.215874 0
0.052887 0
0.103008 0
1.472635 0
0.037908 0
1.288666 0
0.287402 0
1.117060 0
0.203973 0
0.030287 0
0.053135 0
0.055424 0
0.216979 0
0.263883 0
0.736469 0
0.082321 0
0.469658 0
0.740148 0
0.194120 0
0.902860 0
0.023737 0
0.387767 0
0.183792 0
1.288489 0
0.169188 0
0.087608 0
0.337512 0
0.022640 0
0.366978 0
0.102925 0
0.220268 0
0.378263 0
0.153758 0
0.524172 0
0.342706 0
0.230455 0
0.254039 0
0.297044 0
1.277897 0
0.670202 0
0.551358 0
0.689590 0
0.228274 0
0.228538 0
0.960569 0
0.492830 0
0.821032 0
0.121866 0
1.099823 0
0.549068 0
1.444365 0
0.632685 0
0.887234 0
0.188715 0
0.515004 0
0.052205 0
1.465749 0
0.129533 0
0.217979 0
0.170223 0
0.526867 0
0.334006 0
0.083081 0
0.079563 0
0.305648 0
0.016243 0
0.082031 0
1.383563 0
0.057893 0
0.247850 0
1.186018 0
0.838376 0
0.551439 0
0.125735 0
0.289776 0
0.121698 0
1.050190 0
0.027598 0
0.495739 0
0.514023 0
0.032983 0
0.309776 0
0.105438 0
0.191173 0
0.513854 0
0.168816 0
0.940367 0
0.230623 0
0.454987 0
1.231779 0
0.087019 0
0.677610 0
0.024497 0
0.629985 0
0.062993 0
1.086043 0
0.016634 0
0.238691 0
0.477405 0
0.016287 0
0.092299 0
0.322948 0
0.424950 0
1.807694 0
2.947000 0
0.085697 0
0.434026 0
0.197332 0
0.400784 0
0.217451 0
0.354694 0
0.433289 0
0.068088 0
0.414155 0
0.433572 0
0.187860 0
0.269674 0
0.458263 0
0.123814 0
0.147534 0
0.085426 0
0.208512 0
0.287633 0
0.444937 0
0.363410 0
0.223741 0
1.246771 0
0.015890 0
0.533728 0
0.033696 0
0.032214 0
0.102038 0
0.053228 0
0.083004 0
0.414917 0
0.126463 0
0.072372 0
0.101856 0
0.286817 0
0.747938 0
0.428930 0
0.556659 0
0.223791 0
0.031864 0
0.032235 0
1.480781 0
0.133552 0
2.267961 0
0.171586 0
0.531227 0
0.166880 0
0.687779 0
0.384885 0
1.012697 0
0.363734 0
0.035423 0
0.798427 0
1.341824 0
0.213387 0
0.117878 0
1.325319 0
0.049369 0
0.561735 0
0.432550 0
1.117855 0
0.717398 0
0.178683 0
0.346601 0
0.679043 0
0.216124 0
0.871079 0
0.084745 0
1.423622 0
0.070334 0
0.486457 0
0.114828 0
0.976862 0
0.522087 0
1.389809 0
0.281372 0
0.449621 0
0.096061 0
1.196945 0
0.015784 0
0.450695 0
1.377620 0
0.334972 0
0.082556 0
0.181083 0
0.169249 0
0.254507 0
1.222844 0
0.219500 0
0.029025 0
0.129448 0
0.229143 0
0.269694 0
1.072668 0
0.208730 0
0.077007 0
1.002313 0
1.551682 0
1.284013 0
0.618359 0
0.702891 0
0.364377 0
1.402112 0
0.123880 0
0.793130 0
0.274048 0
0.862501 0
1.139756 0
0.161224 0
0.013847 0
1.010257 0
0.195254 0
0.403262 0
0.165693 0
0.297608 0
1.070220 0
0.670363 0
0.289952 0
0.935833 0
0.201990 0
0.583784 0
1.815168 0
0.162888 0
1.026504 0
2.144740 0
0.421963 0
0.324611 0
0.417514 0
0.343011 0
0.164730 0
0.515903 0
1.388406 0
0.017746 0
0.168058 0
0.235200 0
1.142254 0
0.533967 0
0.140481 0
0.009880 0
0.040831 0
1.475472 0
0.107736 0
1.534045 0
0.743774 0
0.469031 0
0.055914 0
1.478208 0
0.420036 0
0.111757 0
0.712064 0
1.409151 0
0.084098 0
0.794044 0
0.946580 0
0.672052 0
0.421652 0
0.050973 0
0.047148 0
1.015200 0
0.893250 0
0.184515 0
0.060810 0
1.526988 0
0.233203 0
1.065531 0
0.724604 0
0.260693 0
0.047522 0
0.273536 0
1.157729 0
0.495518 0
0.483305 0
0.215007 0
0.418024 0
0.272492 0
1.533111 0
1.222681 0
0.184759 0
1.230286 0
1.419497 0
0.315216 0
0.571417 0
0.080979 0
0.442948 0
0.313573 0
0.217061 0
0.283503 0
0.119788 0
0.522137 0
0.142943 0
0.151487 0
0.591358 0
1.100559 0
0.809459 0
0.781026 0
0.475053 0
0.019267 0
0.168734 0
1.778715 0
0.374370 0
0.257577 0
0.729246 0
0.037908 0
0.502750 0
0.903912 0
0.730739 0
0.174205 0
0.759326 0
0.048921 0
0.127422 0
1.381778 0
0.229022 0
0.170783 0
1.010436 0
0.116780 0
0.253471 0
0.335835 0
1.825581 0
1.212706 0
0.419413 0
0.602028 0
1.247531 0
0.141080 0
0.645711 0
0.044176 0
0.261343 0
0.190557 0
1.105400 0
0.283855 0
0.100520 0
0.507346 0
0.274168 0
0.270817 0
0.895994 0
0.297150 0
0.212649 0
0.260318 0
0.102007 0
0.159483 0
0.025877 0
1.453590 0
0.249638 0
0.083347 0
0.059593 0
0.186295 0
1.408955 0
0.077924 0
0.799612 0
0.232266 0
0.687021 0
0.510070 0
0.082499 0
0.287386 0
0.116578 0
0.067588 0
0.225620 0
0.215293 0
0.336818 0
0.250568 0
0.031146 0
0.030846 0
0.556341 0
0.049310 0
0.157220 0
0.085321 0
0.046966 0
0.004267 0
0.262547 0
0.031540 0
0.312513 0
0.708791 0
0.645420 0
0.066164 0
0.678143 0
1.074052 0
0.265325 0
0.610859 0
0.208989 0
0.652973 0
1.462775 0
0.186476 0
1.349687 0
1.376761 0
0.048609 0
0.136968 0
0.872304 0
0.014192 0
0.672785 0
1.414736 0
0.374883 0
0.022866 0
0.082406 0
1.378065 0
0.083753 0
0.755184 0
0.598593 0
0.605166 0
0.281544 0
0.918374 0
0.151090 0
0.060027 0
0.013724 0
0.137528 0
0.585361 0
0.074461 0
0.171298 0
0.245650 0
0.502894 0
0.913018 0
0.515020 0
0.009278 0
0.011690 0
0.554608 0
0.442926 0
0.035560 0
0.451253 0
0.333979 0
1.065979 0
0.194745 0
0.078129 0
0.065855 0
0.427705 0
0.226936 0
0.725141 0
0.075366 0
0.373594 0
0.205700 0
0.916007 0
0.421598 0
0.114722 0
1.447937 0
0.671036 0
0.068495 0
1.360355 0
0.208697 0
0.119358 0
0.068706 0
0.422731 0
0.208307 0
0.519469 0
0.225755 0
0.683873 0
0.255047 0
0.066245 0
0.372539 0
0.602517 0
0.345007 0
0.726494 0
1.725394 0
0.630478 0
0.900818 0
0.332511 0
0.213674 0
0.332611 0
0.378689 0
1.447947 0
0.096377 0
0.044367 0
0.082268 0
0.300406 0
0.805762 0
0.842760 0
0.138218 0
0.049916 0
0.065010 0
0.603324 0
0.202443 0
0.060403 0
0.183347 0
0.170379 0
0.037909 0
0.264525 0
0.503260 0
0.211905 0
1.051204 0
1.357263 0
0.645246 0
1.721488 0
0.786798 0
0.184986 0
0.123707 0
0.005014 0
0.790410 0
0.081936 0
1.244100 0
0.561070 0
0.714749 0
0.041775 0
0.049401 0
0.219740 0
1.196412 0
1.371309 0
0.134379 0
1.268664 0
1.065614 0
0.041214 0
0.576809 0
0.809857 0
0.249989 0
0.388430 0
0.345889 0
0.582269 0
0.386882 0
0.127971 0
0.344149 0
0.452777 0
0.455570 0
0.280802 0
0.027102 0
1.436201 0
1.464601 0
0.109002 0
0.167587 0
0.303800 0
0.195462 0
0.027972 0
0.207417 0
1.106826 0
0.011365 0
0.572643 0
0.769238 0
0.061487 0
0.074235 0
0.861761 0
0.418116 0
1.330595 0
0.961321 0
0.213793 0
0.574254 0
0.351333 0
0.107230 0
0.379602 0
0.316250 0
1.466946 0
0.721556 0
1.111459 0
0.452860 0
0.368587 0
0.259171 0
1.332050 0
0.371088 0
0.472704 0
1.304457 0
0.642133 0
0.027528 0
0.712796 0
0.405756 0
0.694759 0
0.193622 0
0.055083 0
1.105788 0
1.216467 0
0.153171 0
0.328035 0
1.023471 0
0.086878 0
0.242309 0
1.354654 0
0.180581 0
1.237262 0
0.420641 0
0.387207 0
1.387068 0
0.013992 0
0.103516 0
0.223155 0
0.074044 0
0.726111 0
0.723271 0
0.066138 0
0.647198 0
0.510176 0
0.186334 0
0.510351 0
0.572681 0
0.434678 0
0.305592 0
0.049047 0
0.964053 0
0.627057 0
0.334253 0
1.312172 0
0.738740 0
0.105153 0
1.567934 0
0.367426 0
0.340788 0
0.936933 0
0.328541 0
0.271487 0
0.696683 0
0.558985 0
0.206739 0
0.193172 0
0.548756 0
0.786825 0
0.452910 0
0.341657 0
0.047840 0
0.712310 0
0.264582 0
0.364338 0
1.422342 0
1.507239 0
0.248895 0
1.115669 0
0.252436 0
0.103866 0
1.306440 0
1.230290 0
0.915207 0
0.172058 0
0.260851 0
0.705417 0
0.181704 0
0.220420 0
0.260280 0
0.102616 0
0.005648 0
0.289027 0
0.671315 0
0.158886 0
0.389392 0
1.663892 0
0.875805 0
0.334740 0
0.399601 0
0.116972 0
0.676286 0
0.137192 0
0.740642 0
0.170988 0
0.013860 0
0.126216 0
0.592287 0
0.065278 0
1.431821 0
0.205211 0
0.125255 0
0.683146 0
0.700443 0
0.602844 0
0.139504 0
0.250615 0
0.087013 0
0.093930 0
1.384909 0
1.034409 0
0.474022 0
1.563164 0
0.013995 0
0.105434 0
0.499463 0
0.639926 0
0.247594 0
0.761717 0
0.454074 0
1.196513 0
0.071273 0
0.357574 0
0.454603 0
0.086471 0
0.117468 0
0.034818 0
0.929941 0
0.359812 0
0.055249 0
0.420404 0
1.041853 0
1.393508 0
1.037814 0
0.465342 0
1.066471 0
0.368347 0
0.637157 0
0.510980 0
0.605748 0
0.411707 0
1.306042 0
0.446145 0
0.018067 0
0.269496 0
0.488406 0
0.787799 0
0.950432 0
1.497299 0
1.002828 0
0.950277 0
0.221503 0
1.487733 0
0.868738 0
0.604684 0
0.115436 0
0.284243 0
0.189985 0
1.071860 0
0.506213 0
0.194254 0
0.439353 0
0.368642 0
0.217044 0
1.329039 0
0.076098 0
0.284964 0
0.056814 0
1.455331 0
0.595453 0
0.915942 0
1.164199 0
1.455327 0
0.948310 0
0.341885 0
0.822369 0
0.286821 0
1.094792 0
0.488738 0
0.180426 0
0.580471 0
0.212491 0
1.490738 0
0.178814 0
0.406735 0
0.299078 0
0.593133 0
0.744451 0
0.025152 0
0.067433 0
0.343145 0
0.063660 0
0.713670 0
0.016276 0
0.175928 0
0.423360 0
0.202361 0
0.732156 0
0.503064 0
0.242942 0
0.406420 0
0.030974 0
0.526764 0
0.100336 0
1.363031 0
0.011129 0
0.275711 0
0.161897 0
0.440823 0
0.488979 0
0.206215 0
0.054297 0
0.811132 0
0.242528 0
0.992700 0
0.261048 0
0.107915 0
0.418577 0
0.350342 0
0.190631 0
0.231258 0
0.065884 0
0.280387 0
0.531379 0
0.540919 0
0.200228 0
1.697202 0
0.673304 0
0.532823 0
0.137004 0
0.253296 0
0.476563 0
0.393027 0
1.370288 0
0.913541 0
0.103359 0
0.310004 0
0.225435 0
0.702275 0
1.427449 0
0.518176 0
0.246441 0
0.600535 0
1.015620 0
0.952631 0
0.525761 0
0.119343 0
0.516453 0
0.075339 0
0.805902 0
0.693844 0
0.322846 0
1.405983 0
0.426433 0
0.527466 0
0.116488 0
0.145208 0
1.282664 0
0.015985 0
0.193774 0
0.303063 0
0.125347 0
0.037060 0
0.095445 0
0.299583 0
0.036817 0
0.294972 0
0.094592 0
1.093039 0
0.289957 0
1.736249 0
0.916870 0
0.380367 0
0.441576 0
0.516014 0
1.808230 0
0.587880 0
0.337762 0
0.346443 0
0.130096 0
0.136094 0
0.095379 0
0.190738 0
0.062620 0
0.665234 0
1.326882 0
1.144501 0
0.811395 0
0.219334 0
0.132432 0
0.245659 0
0.639972 0
0.143936 0
0.061593 0
0.101471 0
0.011448 0
0.285721 0
1.287757 0
0.260809 0
0.800008 0
1.893242 0
0.303009 0
0.276921 0
0.779501 0
0.190961 0
1.449621 0
1.202795 0
0.092279 0
0.237175 0
0.284882 0
0.177067 0
0.424732 0
0.553714 0
0.866430 0
1.599306 0
0.078828 0
0.608615 0
0.121293 0
0.128835 0
0.251097 0
0.063331 0
0.701680 0
0.241122 0
1.229443 0
0.710818 0
0.088185 0
0.223627 0
0.172671 0
0.305208 0
0.469118 0
0.809235 0
1.356068 0
0.014995 0
0.223142 0
0.453694 0
0.199376 0
0.746343 0
0.016749 0
0.410785 0
0.898471 0
0.299367 0
0.579311 0
0.748453 0
0.232193 0
0.055442 0
0.023742 0
1.330793 0
0.124296 0
0.995370 0
0.633937 0
0.059540 0
1.152427 0
1.173182 0
0.108475 0
0.179618 0
0.281475 0
0.838700 0
0.193270 0
0.260513 0
0.158098 0
0.877791 0
0.140616 0
1.190499 0
0.789570 0
0.676897 0
0.054119 0
0.159631 0
1.468402 0
0.721506 0
0.144892 0
0.337924 0
1.219473 0
0.694711 0
1.086403 0
0.032374 0
1.400638 0
1.052143 0
0.321386 0
0.088318 0
0.627129 0
0.185046 0
0.164280 0
0.130761 0
0.130002 0
0.325637 0
0.711496 0
0.217051 0
0.160028 0
0.695865 0
0.179137 0
0.063477 0
0.128381 0
0.143163 0
0.077953 0
0.048555 0
0.400486 0
0.406978 0
0.689013 0
0.222735 0
1.432844 0
0.224112 0
0.591920 0
0.338726 0
0.268380 0
0.126182 0
0.634756 0
0.144741 0
0.077603 0
0.843402 0
0.002153 0
0.092826 0
0.498664 0
0.080162 0
0.309969 0
0.888916 0
0.364775 0
0.111235 0
0.696167 0
0.172768 0
0.777287 0
0.712662 0
0.273355 0
0.242967 0
1.462497 0
0.982448 0
0.092654 0
0.474417 0
0.168240 0
1.059042 0
0.534924 0
0.583533 0
0.316505 0
0.481445 0
0.277597 0
0.181894 0
0.210677 0
0.046537 0
1.526165 0
0.842544 0
0.534465 0
0.240172 0
0.343529 0
0.258094 0
0.979405 0
0.622666 0
0.614277 0
0.199081 0
0.370488 0
0.680956 0
0.181808 0
0.055532 0
0.910660 0
0.802348 0
0.123848 0
0.015019 0
1.284460 0
0.463284 0
0.461140 0
0.088972 0
0.007677 0
0.245690 0
0.195628 0
1.386105 0
0.435048 0
0.073014 0
0.129310 0
0.305308 0
1.374183 0
0.327003 0
0.239710 0
1.058835 0
0.647786 0
1.755165 0
0.255923 0
0.233183 0
0.071159 0
0.038201 0
0.710296 0
0.935211 0
1.083082 0
0.855589 0
0.169408 0
0.192465 0
0.844176 0
0.071906 0
0.357451 0
0.042470 0
0.617917 0
0.063397 0
1.654854 0
0.806008 0
0.955031 0
0.062426 0
0.275050 0
1.037699 0
0.584143 0
0.040081 0
0.378827 0
0.680174 0
1.022642 0
0.014528 0
0.633927 0
0.028154 0
0.709416 0
0.055529 0
0.025166 0
0.139180 0
1.016646 0
0.268869 0
0.440456 0
0.232662 0
0.624201 0
0.063064 0
0.226738 0
0.064279 0
0.061181 0
0.046183 0
0.816298 0
0.147966 0
1.586615 0
0.134699 0
0.819578 0
0.015328 0
0.847286 0
0.266324 0
0.127500 0
0.465829 0
0.280328 0
0.060408 0
1.451588 0
0.347038 0
0.243429 0
0.178338 0
0.458325 0
0.254790 0
0.221604 0
0.111937 0
0.389833 0
0.719841 0
2.064302 0
1.394616 0
0.080849 0
0.488864 0
1.375430 0
0.257729 0
0.282264 0
0.139586 0
0.147186 0
0.206509 0
0.179973 0
0.343142 0
0.688220 0
1.256770 0
0.431354 0
0.257491 0
0.035280 0
0.554502 0
0.042804 0
0.937988 0
0.716184 0
0.273316 0
0.402567 0
0.737875 0
1.456038 0
0.332601 0
0.084553 0
0.059377 0
0.429752 0
0.043176 0
0.472475 0
0.096734 0
0.299138 0
1.244969 0
0.089113 0
0.021358 0
0.539624 0
0.352487 0
0.147021 0
0.831854 0
0.897157 0
0.858130 0
0.158427 0
0.320570 0
0.235431 0
0.377669 0
0.038564 0
0.051618 0
0.564148 0
0.340555 0
0.660880 0
0.012272 0
0.198867 0
0.029445 0
0.577650 0
0.889338 0
1.354977 0
0.077718 0
0.175283 0
0.259196 0
0.855033 0
0.158597 0
0.564501 0
0.138330 0
0.989428 0
1.073954 0
0.447508 0
0.235557 0
0.227606 0
1.677505 0
0.110681 0
0.020169 0
0.251967 0
1.322733 0
0.979648 0
0.716819 0
0.536277 0
0.103890 0
0.180946 0
0.056042 0
0.368712 0
0.083853 0
0.456585 0
0.167226 0
0.183212 0
0.091582 0
0.230652 0
0.528968 0
0.286837 0
0.510735 0
0.138443 0
0.059001 0
1.167885 0
1.105100 0
0.172808 0
0.224814 0
1.635224 0
1.475680 0
0.638331 0
0.090555 0
1.518973 0
0.262498 0
0.377121 0
0.291257 0
0.495769 0
0.070464 0
0.769558 0
0.236445 0
0.434609 0
0.266469 0
0.034131 0
0.384039 0
2.036325 0
0.273662 0
0.638388 0
0.097465 0
0.098843 0
0.019084 0
0.193350 0
0.016220 0
0.573933 0
0.046925 0
0.479382 0
0.291049 0
0.297316 0
0.246483 0
0.346938 0
0.377674 0
0.487783 0
0.156134 0
0.297543 0
0.104860 0
0.681038 0
0.211790 0
0.325651 0
0.631406 0
0.133507 0
0.107764 0
0.452933 0
0.086450 0
0.207559 0
0.457990 0
0.849745 0
0.353012 0
0.287921 0
0.912745 0
0.206999 0
0.423328 0
0.013373 0
0.015742 0
0.389209 0
0.003792 0
0.119953 0
0.014532 0
0.445237 0
0.027569 0
0.441471 0
0.747080 0
1.125754 0
1.250392 0
1.621392 0
0.551698 0
0.259982 0
1.201443 0
0.036506 0
0.114241 0
0.101147 0
0.219159 0
1.134706 0
0.491104 0
0.052717 0
0.092367 0
0.590149 0
0.692378 0
0.491105 0
0.756708 0
0.469102 0
0.095219 0
0.164065 0
0.081865 0
0.186853 0
1.296279 0
0.291359 0
0.792544 0
0.506303 0
0.111383 0
0.222039 0
0.298293 0
0.062927 0
1.618244 0
0.145481 0
0.626536 0
0.633327 0
0.336635 0
0.447625 0
0.473442 0
0.478780 0
0.363160 0
0.133500 0
0.351440 0
0.950960 0
0.245172 0
0.034075 0
0.215060 0
0.272845 0
0.178047 0
0.350139 0
0.270627 0
0.907116 0
0.546892 0
0.102090 0
1.667804 0
0.513617 0
0.002587 0
0.069479 0
0.207103 0
0.682420 0
0.168744 0
0.226990 0
0.490880 0
0.350470 0
0.796786 0
0.011941 0
0.055100 0
0.072471 0
0.462015 0
0.682986 0
0.488846 0
0.344124 0
0.325278 0
0.677480 0
0.355498 0
0.810964 0
0.700056 0
0.437989 0
0.717853 0
0.049815 0
0.925642 0
0.375605 0
0.160894 0
0.099504 0
1.130536 0
0.326048 0
0.140029 0
0.105511 0
0.945845 0
0.661256 0
1.394793 0
0.258331 0
0.138064 0
0.099264 0
0.179091 0
1.932861 0
0.047848 0
0.426896 0
0.866524 0
0.139678 0
0.805445 0
0.335715 0
1.400394 0
0.524405 0
0.999006 0
0.011296 0
1.210923 0
0.243076 0
0.069841 0
0.166655 0
1.151868 0
0.351383 0
0.473311 0
1.489778 0
0.151772 0
0.992109 0
0.910256 0
1.376329 0
0.028622 0
0.372248 0
0.363443 0
0.058336 0
0.213478 0
0.656315 0
0.416754 0
1.036168 0
0.236857 0
0.720635 0
0.211265 0
0.057025 0
0.413547 0
0.450086 0
0.527405 0
0.573659 0
0.278468 0
0.048433 0
0.165320 0
1.795709 0
0.298203 0
0.275704 0
0.515973 0
0.043650 0
0.305589 0
0.315159 0
0.071172 0
0.282066 0
0.187877 0
1.038784 0
1.578800 0
0.717066 0
1.350227 0
0.079611 0
1.465197 0
0.381749 0
0.087768 0
0.177608 0
0.062630 0
0.056835 0
0.240140 0
0.130569 0
0.249071 0
0.039832 0
0.616580 0
0.050804 0
0.027234 0
1.348574 0
1.401898 0
0.083563 0
0.241668 0
0.318223 0
0.026813 0
0.043314 0
0.033758 0
0.870434 0
0.353978 0
0.082472 0
0.326511 0
0.031003 0
1.498872 0
