0.255111 0
0.062298 0
0.780653 0
0.177894 0
0.152100 0
0.383339 0
0.931803 0
0.349567 0
0.421626 0
0.345222 0
0.268074 0
0.694974 0
0.017307 0
0.955928 0
0.065566 0
0.018867 0
1.048933 0
1.205468 0
0.274100 0
0.294464 0
1.098256 0
0.825425 0
0.293554 0
0.645610 0
0.024799 0
0.989402 0
1.133357 0
0.010010 0
0.451120 0
1.392223 0
0.297119 0
0.306565 0
1.446356 0
1.115979 0
0.131332 0
0.334319 0
0.562868 0
0.029623 0
0.078574 0
0.090328 0
0.757312 0
0.369071 0
1.479682 0
0.245263 0
0.249128 0
0.461877 0
1.255996 0
0.458533 0
0.038555 0
0.774945 0
0.161206 0
0.921882 0
0.128125 0
0.116135 0
0.051873 0
0.786857 0
0.374043 0
0.504137 0
0.036036 0
0.115022 0
0.427706 0
0.232349 0
1.369417 0
0.057081 0
0.172314 0
0.291270 0
0.212008 0
0.007102 0
0.982569 0
0.105901 0
0.243449 0
0.691243 0
0.656246 0
0.108148 0
0.380063 0
0.093043 0
0.236072 0
0.033047 0
0.607072 0
0.125275 0
0.011841 0
0.169902 0
0.690020 0
0.086661 0
0.133429 0
0.375325 0
0.700571 0
0.160155 0
0.871434 0
0.093028 0
0.289913 0
0.096037 0
0.711983 0
0.060659 0
0.105191 0
0.863698 0
0.948724 0
0.404221 0
0.525084 0
0.224862 0
1.443926 0
0.189270 0
0.158512 0
0.300967 0
1.688594 0
1.399477 0
0.547582 0
0.117480 0
0.383782 0
0.190440 0
0.265819 0
0.064911 0
0.757447 0
0.776349 0
0.115355 0
0.211855 0
0.501271 0
0.098844 0
1.992235 0
0.234350 0
0.088546 0
0.196912 0
0.066547 0
0.445769 0
1.486382 0
0.454184 0
0.187622 0
0.126733 0
0.010347 0
0.401579 0
0.055419 0
0.753168 0
0.122089 0
0.973120 0
0.440000 0
1.369944 0
0.744842 0
0.797815 0
0.479618 0
0.204101 0
0.652100 0
0.006307 0
0.469947 0
0.082520 0
0.642394 0
0.017014 0
0.330175 0
1.361205 0
0.243912 0
1.951937 0
0.862462 0
0.080083 0
0.614876 0
1.599384 0
0.213134 0
0.721359 0
0.024790 0
0.842404 0
1.036969 0
0.472327 0
0.313589 0
0.927949 0
0.227351 0
0.804642 0
0.020991 0
0.382215 0
0.179970 0
0.615544 0
1.493015 0
0.690011 0
1.398707 0
0.263597 0
0.989748 0
0.048055 0
1.618119 0
0.395315 0
0.056247 0
0.138749 0
0.163329 0
0.082856 0
0.058806 0
0.674434 0
0.039091 0
1.549765 0
0.022171 0
0.497450 0
0.809014 0
0.084809 0
1.130956 0
0.358099 0
0.774088 0
0.228284 0
0.105849 0
0.115351 0
0.858285 0
0.204421 0
0.345936 0
0.497832 0
0.992603 0
0.108477 0
0.131525 0
0.103530 0
0.420991 0
0.110660 0
0.028894 0
0.269087 0
0.407444 0
0.119734 0
0.712273 0
0.281559 0
1.169488 0
0.789503 0
0.311504 0
0.654023 0
0.401767 0
0.937341 0
0.551678 0
0.074204 0
0.109194 0
0.279339 0
0.139146 0
0.561184 0
0.031747 0
0.916249 0
0.393465 0
0.382454 0
0.718616 0
1.059105 0
1.010910 0
1.462724 0
0.351228 0
0.086490 0
1.131802 0
0.340098 0
0.363745 0
0.146231 0
0.143395 0
0.432236 0
0.630083 0
0.190387 0
0.977449 0
0.458533 0
0.443755 0
0.213715 0
0.844796 0
0.944648 0
0.017637 0
0.379508 0
0.546542 0
0.102868 0
0.186622 0
0.291767 0
0.340680 0
0.489568 0
0.013906 0
1.551244 0
0.558711 0
0.060403 0
0.024480 0
0.788687 0
0.404443 0
0.685444 0
0.122528 0
0.169661 0
0.309347 0
0.376777 0
0.188918 0
0.074001 0
0.072313 0
0.289972 0
0.333443 0
0.382157 0
1.429773 0
1.114349 0
0.953245 0
0.059667 0
0.020848 0
0.566644 0
0.540531 0
0.236271 0
0.934955 0
0.012420 0
1.493558 0
0.245223 0
0.511777 0
1.117162 0
0.175175 0
0.548668 0
0.377295 0
0.081824 0
0.537753 0
0.216619 0
0.180087 0
0.246880 0
0.017990 0
1.008554 0
0.380069 0
0.393786 0
0.502836 0
0.183467 0
0.132652 0
0.415973 0
0.053816 0
0.811953 0
0.489907 0
0.028517 0
0.260483 0
0.046153 0
0.490056 0
1.838222 0
0.979543 0
0.444617 0
0.506824 0
0.604890 0
0.842706 0
0.341251 0
0.210670 0
0.274258 0
1.590201 0
0.069537 0
0.306902 0
0.568359 0
0.028151 0
0.069257 0
0.202487 0
0.484194 0
0.536013 0
0.962737 0
0.308967 0
0.055712 0
1.035684 0
0.066344 0
1.345958 0
0.343832 0
1.200913 0
1.912172 0
0.206849 0
1.438038 0
0.541984 0
0.974295 0
0.205189 0
0.668006 0
0.652939 0
0.310736 0
0.103026 0
0.835151 0
1.096212 0
0.111882 0
0.656436 0
0.334918 0
0.095479 0
0.283030 0
0.051826 0
0.195103 0
0.958384 0
0.901809 0
1.882264 0
0.244177 0
0.441617 0
0.312587 0
0.591940 0
0.406954 0
1.075374 0
0.200738 0
0.572857 0
0.031987 0
0.145363 0
1.397264 0
0.361333 0
0.099611 0
0.294263 0
0.890815 0
0.064011 0
1.421089 0
0.891809 0
0.832869 0
0.290301 0
0.386427 0
0.111519 0
0.671209 0
0.588707 0
0.178825 0
0.214431 0
0.512643 0
1.317877 0
1.245453 0
0.209828 0
0.283863 0
0.042095 0
0.029656 0
0.027064 0
0.461037 0
0.053845 0
0.504048 0
0.475684 0
0.057162 0
1.362653 0
0.274659 0
0.825995 0
0.699367 0
0.601573 0
0.085676 0
0.383705 0
0.078305 0
0.362668 0
0.230337 0
0.683388 0
0.278279 0
0.488396 0
0.134842 0
1.056533 0
0.482787 0
0.403636 0
0.113855 0
0.049714 0
0.211421 0
0.197024 0
0.119003 0
0.106487 0
0.087183 0
1.356155 0
0.113439 0
0.563879 0
0.309998 0
0.276640 0
0.614989 0
0.529390 0
0.030708 0
1.129857 0
1.697426 0
0.559145 0
1.434768 0
0.044524 0
0.214197 0
0.376141 0
0.410897 0
0.240731 0
0.047461 0
0.662901 0
1.133713 0
0.150760 0
0.083147 0
1.077399 0
0.207147 0
0.942963 0
0.022872 0
0.591388 0
1.467232 0
0.246842 0
0.221926 0
1.749626 0
0.016050 0
0.058568 0
1.383080 0
0.666207 0
0.561813 0
1.449961 0
0.448341 0
1.022958 0
0.506642 0
1.007146 0
0.089798 0
0.712671 0
0.186911 0
0.056961 0
0.999735 0
0.915784 0
0.650797 0
0.629510 0
0.556739 0
0.634343 0
0.336764 0
0.075004 0
1.021062 0
0.201791 0
0.204939 0
0.510106 0
0.163294 0
0.455766 0
1.244770 0
1.518038 0
0.287575 0
0.318116 0
0.246890 0
1.608937 0
1.403504 0
0.314999 0
0.098119 0
0.611194 0
1.160094 0
0.136824 0
0.702970 0
0.074852 0
0.030697 0
0.079088 0
0.061414 0
0.519614 0
0.081685 0
0.096763 0
0.516778 0
0.173216 0
0.065695 0
0.376972 0
0.442160 0
1.119023 0
0.125854 0
0.250863 0
0.882667 0
0.971524 0
0.741927 0
0.249027 0
0.486722 0
0.798991 0
0.023785 0
0.464944 0
0.382168 0
0.026207 0
0.191013 0
0.206171 0
0.189606 0
0.260898 0
0.129029 0
0.430464 0
0.002281 0
0.233189 0
0.526086 0
0.788966 0
1.363616 0
0.670436 0
0.177932 0
0.089497 0
0.418732 0
0.115225 0
0.908125 0
0.467918 0
0.247681 0
0.125952 0
0.126529 0
0.811993 0
0.057716 0
0.327046 0
0.212373 0
1.566930 0
0.831743 0
1.195758 0
0.172158 0
0.537601 0
0.655968 0
0.685827 0
0.078893 0
0.663673 0
0.815847 0
0.264938 0
0.849020 0
0.528082 0
0.468400 0
0.134901 0
0.179830 0
0.666088 0
0.281269 0
0.273744 0
1.027949 0
0.222461 0
0.117471 0
0.019108 0
0.708627 0
0.915908 0
0.048483 0
0.228578 0
0.160343 0
0.022595 0
1.326653 0
0.291537 0
0.535105 0
1.287742 0
1.041108 0
0.746853 0
1.377240 0
0.302486 0
0.198654 0
0.049533 0
0.507013 0
0.210049 0
0.068966 0
0.765059 0
0.624318 0
0.579530 0
0.869705 0
0.406682 0
0.396266 0
0.490900 0
0.968868 0
0.475122 0
0.590882 0
0.438613 0
0.242818 0
0.128668 0
0.232991 0
0.286856 0
0.149400 0
0.240097 0
0.420995 0
0.099222 0
0.639395 0
0.168606 0
0.313451 0
0.172485 0
0.304041 0
0.982055 0
0.252325 0
0.256017 0
0.232334 0
0.606238 0
0.311374 0
0.277637 0
0.126764 0
1.584010 0
0.188298 0
0.396904 0
0.401343 0
0.477478 0
1.023797 0
0.064510 0
1.145615 0
0.294608 0
0.648511 0
0.190945 0
0.353941 0
0.257461 0
0.591615 0
0.628133 0
1.042059 0
1.367225 0
0.426035 0
0.386089 0
0.149400 0
0.341743 0
0.097146 0
0.341115 0
0.881840 0
0.211300 0
0.274387 0
0.081706 0
0.573276 0
1.947794 0
0.459106 0
1.352270 0
0.048352 0
1.453386 0
0.362735 0
0.160191 0
0.396910 0
1.404984 0
0.110251 0
0.358378 0
0.276531 0
0.062075 0
0.862596 0
0.105533 0
0.236942 0
0.130451 0
0.532087 0
0.097581 0
0.503363 0
0.099074 0
0.949809 0
0.529117 0
0.340206 0
0.361237 0
0.227572 0
0.332695 0
0.095575 0
1.396205 0
0.326726 0
1.497545 0
0.123908 0
0.803774 0
0.260602 0
0.475092 0
0.319857 0
0.990827 0
1.345987 0
0.802632 0
0.208025 0
0.389983 0
0.029106 0
0.152688 0
1.443111 0
1.466333 0
0.331097 0
0.980340 0
0.052767 0
0.081157 0
0.354805 0
0.443192 0
0.162634 0
0.694871 0
1.653794 0
0.254179 0
0.795320 0
0.564118 0
0.073911 0
1.490039 0
0.305282 0
0.084066 0
0.682970 0
1.502135 0
1.007114 0
0.908070 0
0.864889 0
0.027104 0
0.552300 0
0.264211 0
0.578326 0
0.027463 0
0.504413 0
0.194836 0
0.961291 0
1.485080 0
0.577610 0
0.027337 0
0.120058 0
1.671615 0
0.040280 0
0.043487 0
1.410462 0
0.570085 0
0.461240 0
0.023909 0
0.126674 0
0.127872 0
0.045182 0
0.443026 0
0.208469 0
0.300724 0
0.138342 0
1.375189 0
0.179704 0
0.294883 0
0.782067 0
0.291857 0
0.392403 0
1.394799 0
0.012992 0
0.032436 0
0.495778 0
1.491655 0
0.148748 0
0.005055 0
0.028061 0
0.222787 0
0.117616 0
0.107505 0
0.095288 0
0.249528 0
1.513680 0
0.486669 0
0.207117 0
0.273732 0
0.291256 0
0.133194 0
0.348415 0
0.485465 0
0.240177 0
0.102788 0
0.215276 0
0.051986 0
1.618330 0
0.127879 0
0.229630 0
0.043952 0
0.438086 0
0.053572 0
0.151812 0
1.431398 0
0.362711 0
0.047501 0
1.393136 0
0.583377 0
0.115669 0
0.076473 0
0.410691 0
0.034116 0
0.374273 0
0.036185 0
0.941053 0
0.507204 0
0.532452 0
0.754815 0
0.152279 0
0.305927 0
0.137539 0
0.410419 0
0.105012 0
0.950516 0
1.482625 0
0.011336 0
1.156358 0
1.595932 0
0.295481 0
0.076513 0
0.006825 0
0.478222 0
1.363534 0
1.486616 0
0.749777 0
0.190071 0
0.228655 0
0.204480 0
0.118973 0
0.559947 0
0.323600 0
1.011652 0
0.887723 0
0.341762 0
0.593108 0
0.250159 0
0.302856 0
0.452922 0
0.101452 0
1.240007 0
0.207545 0
0.373214 0
1.210132 0
0.063470 0
0.541773 0
0.011975 0
0.241839 0
0.183472 0
0.231236 0
0.177942 0
1.759361 0
0.396416 0
0.101269 0
0.129689 0
0.159018 0
0.171150 0
0.133924 0
0.043836 0
0.466470 0
0.282995 0
0.057938 0
0.743214 0
0.209803 0
0.707371 0
0.371935 0
0.371311 0
0.844256 0
0.416278 0
0.318363 0
0.451485 0
1.225723 0
0.013785 0
0.172213 0
0.407405 0
0.150773 0
0.347534 0
0.415092 0
0.062769 0
0.948448 0
0.678992 0
0.030033 0
1.656265 0
1.008978 0
0.075364 0
0.667109 0
0.720089 0
0.292067 0
0.555097 0
0.269264 0
0.166995 0
0.066786 0
0.143214 0
0.956118 0
0.488721 0
1.274827 0
0.035142 0
0.051234 0
1.367026 0
1.427892 0
0.021109 0
0.019841 0
0.247370 0
1.012576 0
0.231337 0
0.017274 0
1.015527 0
0.016720 0
0.328005 0
0.059551 0
0.044497 0
1.474892 0
0.382665 0
0.575325 0
0.469046 0
0.468579 0
0.415697 0
0.825087 0
0.180839 0
0.074466 0
0.346771 0
0.411636 0
0.108421 0
0.166476 0
0.021003 0
0.094849 0
0.080707 0
0.367979 0
0.280581 0
0.136066 0
0.178265 0
0.994954 0
0.576795 0
0.417752 0
0.154088 0
0.171816 0
0.497232 0
0.740732 0
0.485705 0
0.562920 0
0.105065 0
0.135583 0
0.111252 0
0.512826 0
0.094481 0
0.738876 0
1.495117 0
0.351242 0
0.006891 0
0.083901 0
0.092864 0
0.624230 0
0.135385 0
0.156247 0
0.748746 0
1.471613 0
1.176495 0
0.881317 0
0.233648 0
0.453199 0
0.763108 0
1.383516 0
1.380876 0
0.262927 0
0.071898 0
2.141936 0
0.662957 0
0.917443 0
1.363887 0
0.794037 0
0.450693 0
0.041854 0
1.136623 0
0.021358 0
0.305745 0
0.492079 0
1.032771 0
1.543322 0
0.458418 0
0.058533 0
0.076926 0
0.052228 0
0.430636 0
1.324159 0
0.266405 0
0.679537 0
0.078404 0
1.489952 0
0.397898 0
0.554303 0
0.157703 0
0.343242 0
0.354846 0
1.368058 0
0.408415 0
0.104104 0
0.397469 0
0.504293 0
0.211552 0
0.117975 0
0.301851 0
0.024533 0
0.043260 0
0.072545 0
0.182352 0
0.461533 0
0.056966 0
0.841360 0
0.114861 0
0.626613 0
0.137578 0
0.067452 0
0.019013 0
0.200195 0
0.002387 0
0.568713 0
0.008111 0
0.171133 0
0.038896 0
0.238237 0
0.174204 0
0.383609 0
1.604185 0
0.002908 0
0.279585 0
0.158144 0
0.109586 0
1.347033 0
0.850310 0
0.398198 0
0.434461 0
0.667784 0
0.469880 0
0.398860 0
0.317923 0
0.282935 0
2.041147 0
0.390369 0
0.368805 0
0.129954 0
0.420388 0
0.039522 0
0.182642 0
0.696353 0
0.364316 0
0.152045 0
0.016061 0
0.738233 0
0.058835 0
0.340157 0
1.548571 0
0.426712 0
0.041937 0
0.149075 0
0.136915 0
0.130664 0
0.015392 0
0.108221 0
0.131940 0
0.077447 0
1.443903 0
0.026119 0
0.110876 0
0.539357 0
0.258344 0
1.433877 0
0.006797 0
0.271275 0
0.078956 0
0.049360 0
0.577888 0
0.140135 0
0.222828 0
0.239259 0
0.595198 0
1.294675 0
0.191577 0
0.623047 0
0.155986 0
0.936711 0
0.846875 0
1.399881 0
0.605163 0
0.136690 0
0.583791 0
0.025941 0
0.745947 0
0.049259 0
0.234047 0
0.466571 0
0.378056 0
0.485343 0
0.420532 0
0.373385 0
0.784815 0
0.814851 0
0.074679 0
0.460198 0
0.719293 0
0.624149 0
0.762712 0
0.240417 0
0.124167 0
0.208378 0
0.361223 0
1.477835 0
0.149200 0
0.203701 0
0.423616 0
0.296497 0
0.738379 0
0.987476 0
0.042278 0
0.054643 0
1.370845 0
0.779950 0
0.004001 0
0.647018 0
0.084859 0
1.329731 0
0.268047 0
1.152674 0
0.694156 0
0.357925 0
0.497109 0
0.604080 0
0.378808 0
0.506831 0
0.797253 0
0.354457 0
0.404162 0
0.352340 0
0.045714 0
0.100228 0
0.212432 0
0.519774 0
0.225174 0
0.819166 0
0.040840 0
1.019490 0
0.031184 0
0.152525 0
0.328773 0
0.017337 0
0.590040 0
0.535890 0
0.832870 0
0.154835 0
0.514535 0
0.671196 0
0.529801 0
0.610659 0
0.042521 0
0.329017 0
0.262259 0
1.860704 0
0.120663 0
1.570890 0
0.220057 0
0.077378 0
0.043140 0
0.064673 0
0.315123 0
0.028227 0
0.188404 0
0.788609 0
1.141775 0
0.843886 0
0.864841 0
0.448776 0
0.262919 0
1.414678 0
1.855221 0
0.067687 0
0.258694 0
0.013295 0
0.214113 0
0.648348 0
1.138048 0
0.032464 0
0.817433 0
0.152457 0
0.184787 0
0.308788 0
0.248259 0
0.051556 0
0.834847 0
0.084180 0
1.098447 0
0.201467 0
0.083043 0
0.417730 0
0.099404 0
1.467016 0
0.059032 0
0.839724 0
0.244948 0
0.616438 0
1.015882 0
0.678310 0
0.034022 0
0.720462 0
0.205207 0
0.203914 0
0.012421 0
0.778835 0
0.353868 0
0.857741 0
0.830503 0
0.012357 0
0.548451 0
0.504550 0
0.110136 0
0.574048 0
1.738002 0
1.216826 0
0.766979 0
0.644225 0
0.732689 0
1.038000 0
0.207965 0
1.451456 0
0.313976 0
0.957560 0
0.046263 0
0.850089 0
0.099228 0
0.626185 0
0.856979 0
1.125703 0
0.037316 0
0.188027 0
0.235704 0
0.909784 0
0.174341 0
0.612108 0
0.195588 0
0.203420 0
0.373137 0
0.261172 0
1.507506 0
0.296465 0
1.711608 0
0.182621 0
0.516301 0
0.355106 0
0.146508 0
0.302948 0
0.978885 0
0.072446 0
1.052162 0
0.198830 0
0.005007 0
0.481794 0
0.217610 0
0.223055 0
0.818916 0
0.445022 0
0.119057 0
0.294558 0
0.445450 0
0.693113 0
0.170500 0
0.509250 0
0.753246 0
0.805067 0
0.081829 0
0.146128 0
0.511506 0
0.207459 0
0.725578 0
0.828991 0
0.232488 0
0.680002 0
0.353414 0
0.684996 0
1.012969 0
0.500424 0
0.233722 0
1.436090 0
0.026565 0
1.162611 0
0.520661 0
1.163127 0
0.220623 0
0.534326 0
0.580832 0
1.692874 0
1.533943 0
0.051753 0
1.368378 0
0.044122 0
0.450417 0
0.379026 0
0.309983 0
0.015192 0
0.751031 0
0.448492 0
0.024352 0
0.574698 0
0.058562 0
0.378727 0
0.685925 0
0.346236 0
0.459474 0
1.639209 0
1.086698 0
0.707123 0
0.623425 0
0.199731 0
0.025093 0
0.528234 0
0.045572 0
0.114328 0
0.422954 0
1.356039 0
0.605505 0
0.214121 0
0.614638 0
1.069317 0
0.145016 0
0.932840 0
0.025238 0
0.112381 0
0.270435 0
0.030580 0
0.829397 0
0.441777 0
0.187520 0
0.587268 0
0.767551 0
0.685187 0
0.200191 0
0.801810 0
0.888963 0
0.080222 0
0.283717 0
0.898069 0
0.484369 0
0.335204 0
0.131523 0
0.365794 0
0.557446 0
0.608013 0
0.762388 0
0.409527 0
0.629121 0
0.422671 0
0.362292 0
0.928478 0
0.295339 0
1.031393 0
0.123061 0
0.127800 0
0.179157 0
0.432717 0
0.202716 0
0.524167 0
0.094871 0
0.180005 0
0.742542 0
0.242735 0
0.257174 0
0.565902 0
0.233571 0
0.476283 0
0.495688 0
0.320968 0
0.091740 0
0.567396 0
0.208633 0
0.748135 0
0.346817 0
0.172188 0
0.320043 0
0.257592 0
0.882697 0
0.762708 0
1.516511 0
0.795135 0
1.897648 0
0.192889 0
1.135139 0
0.281259 0
0.536092 0
0.567659 0
0.059007 0
0.090077 0
0.409871 0
0.107863 0
1.586642 0
0.658447 0
0.351722 0
0.814439 0
0.016309 0
2.319130 0
1.156237 0
0.176644 0
0.184826 0
0.300277 0
0.132049 0
0.214643 0
1.519789 0
0.049423 0
0.904140 0
0.022873 0
1.149126 0
0.069193 0
0.096027 0
0.368741 0
0.199637 0
0.565466 0
0.278364 0
0.427891 0
0.143157 0
0.021388 0
0.453864 0
0.334113 0
0.402643 0
0.012611 0
1.079044 0
0.496349 0
0.169076 0
1.174131 0
1.565548 0
0.985587 0
1.484689 0
0.635010 0
0.464652 0
0.598140 0
0.753902 0
0.303763 0
0.529593 0
0.074639 0
1.547644 0
0.454503 0
0.757676 0
0.695990 0
1.047392 0
1.480658 0
0.091753 0
0.493096 0
0.111538 0
0.196459 0
0.006579 0
0.084786 0
0.926544 0
0.968309 0
0.433208 0
0.339799 0
0.313299 0
0.038545 0
0.053309 0
0.299704 0
0.216483 0
0.410405 0
0.650660 0
1.211550 0
1.115206 0
0.437087 0
0.993768 0
0.224687 0
0.162971 0
0.195110 0
0.438160 0
0.457540 0
0.263408 0
0.508340 0
0.002764 0
0.472348 0
0.930845 0
0.582612 0
0.517286 0
0.823771 0
0.132807 0
