0.321577 0
0.576804 0
0.213049 0
0.298251 0
1.240826 0
0.392472 0
0.276417 0
1.500467 0
0.120543 0
0.535906 0
0.289899 0
1.200018 0
0.066850 0
0.370281 0
0.028069 0
1.559481 0
0.112111 0
0.073917 0
0.591375 0
0.202282 0
0.182147 0
0.362461 0
1.334716 0
0.014031 0
0.360991 0
0.638398 0
0.397402 0
0.543376 0
0.613454 0
0.062468 0
1.017327 0
0.431216 0
0.207102 0
0.153794 0
0.189632 0
0.187244 0
1.542640 0
0.674548 0
0.656937 0
0.374085 0
0.100820 0
0.487598 0
0.683890 0
0.569235 0
0.102600 0
0.386924 0
0.246550 0
0.437773 0
0.201800 0
1.470758 0
0.265394 0
1.451524 0
0.299090 0
0.020825 0
0.260397 0
0.037962 0
0.049601 0
0.675546 0
0.073072 0
0.131336 0
0.255092 0
0.562762 0
1.272712 0
0.449376 0
0.350779 0
0.049566 0
0.554673 0
0.123006 0
0.859721 0
0.074528 0
0.700758 0
0.824351 0
0.025691 0
0.336718 0
1.521493 0
0.047804 0
1.378108 0
0.497032 0
0.878369 0
0.421281 0
1.062707 0
0.403313 0
0.618737 0
0.337898 0
0.719833 0
0.006638 0
0.041000 0
0.531794 0
0.186094 0
0.349758 0
0.408700 0
0.009071 0
0.092287 0
0.361445 0
1.055033 0
0.835850 0
1.411334 0
0.672679 0
1.227995 0
0.112940 0
0.957239 0
1.368806 0
0.297893 0
1.503431 0
0.501017 0
0.404326 0
1.098742 0
0.071842 0
0.988317 0
0.794925 0
0.173220 0
1.453709 0
0.238457 0
0.778103 0
0.161679 0
0.609971 0
0.040567 0
0.593039 0
0.080390 0
0.772355 0
1.796105 0
0.805301 0
0.571298 0
0.076827 0
0.103403 0
0.261283 0
0.862747 0
0.711371 0
0.078252 0
0.039108 0
0.347524 0
0.073732 0
0.049400 0
0.210766 0
0.019253 0
0.028395 0
0.136613 0
0.988439 0
1.205848 0
0.987217 0
0.210552 0
0.628680 0
1.234217 0
0.149796 0
0.302912 0
0.014026 0
0.489799 0
0.023380 0
2.306501 0
0.639059 0
0.269037 0
0.329787 0
0.304687 0
0.172853 0
0.240001 0
0.355462 0
0.696801 0
0.471085 0
0.504806 0
0.814622 0
0.267772 0
1.370938 0
1.208086 0
0.573576 0
0.477397 0
0.210643 0
0.280819 0
0.072279 0
0.039446 0
1.440084 0
0.263036 0
0.871044 0
0.063506 0
0.206644 0
0.866855 0
0.137190 0
0.057170 0
0.007464 0
0.054516 0
1.457249 0
0.004925 0
0.968117 0
1.586750 0
0.760545 0
0.522049 0
0.481962 0
0.050193 0
1.645092 0
0.040260 0
0.716819 0
0.928520 0
1.082944 0
0.124312 0
0.047208 0
0.423888 0
0.082233 0
0.291654 0
0.493615 0
0.425174 0
0.562779 0
0.545023 0
0.269506 0
0.129197 0
0.332996 0
0.262562 0
0.721667 0
0.267431 0
0.656427 0
0.101915 0
0.364832 0
0.337328 0
0.278263 0
1.291758 0
0.976923 0
0.227975 0
0.382845 0
0.077328 0
0.404540 0
0.093010 0
0.127524 0
0.013515 0
0.337873 0
0.393174 0
0.627776 0
0.003701 0
0.019798 0
0.899765 0
0.003531 0
0.522809 0
0.408872 0
0.450831 0
0.061777 0
0.569578 0
0.360165 0
1.069571 0
0.221183 0
0.421812 0
0.075268 0
0.321167 0
0.515239 0
0.174080 0
0.112333 0
0.366986 0
0.609477 0
0.181593 0
1.412379 0
0.712256 0
1.499675 0
0.395796 0
0.163318 0
0.209425 0
0.053175 0
0.538571 0
0.860974 0
0.471195 0
0.519822 0
0.238567 0
0.078197 0
0.054289 0
0.605186 0
0.142859 0
0.906447 0
0.636105 0
0.241782 0
0.304391 0
0.689050 0
0.171046 0
0.064539 0
0.279935 0
0.577359 0
0.637694 0
0.494943 0
1.426931 0
0.963691 0
0.435685 0
0.251490 0
1.481355 0
0.140619 0
0.608543 0
0.006169 0
0.097858 0
0.281164 0
0.089325 0
0.667626 0
0.022129 0
1.161875 0
0.048200 0
1.057385 0
0.196853 0
0.034589 0
1.251714 0
0.543617 0
0.094961 0
1.311506 0
0.489553 0
0.345793 0
0.354069 0
1.341595 0
0.051513 0
0.569624 0
1.401241 0
0.136007 0
0.154078 0
1.450892 0
1.065515 0
0.023519 0
0.189411 0
0.029513 0
0.060213 0
0.479401 0
0.147879 0
0.772741 0
0.451051 0
0.875163 0
0.159265 0
0.333401 0
0.128501 0
1.310583 0
1.244609 0
0.070482 0
0.115190 0
0.106373 0
1.509622 0
0.919413 0
0.125110 0
0.736774 0
0.849422 0
0.432248 0
0.347167 0
1.468532 0
0.827896 0
1.408183 0
0.871266 0
1.186269 0
0.289686 0
0.580507 0
0.531856 0
0.192063 0
0.328973 0
1.557909 0
0.292906 0
0.009153 0
0.886029 0
0.147648 0
0.974668 0
0.289989 0
0.279196 0
0.813618 0
0.416254 0
0.203399 0
0.327773 0
0.058922 0
0.920030 0
1.262992 0
0.918904 0
0.130283 0
0.514199 0
0.006815 0
0.835929 0
0.818656 0
0.823158 0
0.260609 0
0.401413 0
0.462286 0
0.100253 0
0.913720 0
0.639083 0
0.524837 0
1.530620 0
0.446679 0
0.325399 0
0.334584 0
1.691453 0
0.051898 0
0.759888 0
1.108466 0
0.009422 0
0.372462 0
0.959432 0
0.387897 0
0.043107 0
0.278747 0
0.165592 0
0.266414 0
0.164218 0
1.002649 0
0.154530 0
0.134208 0
0.024372 0
0.060200 0
1.520217 0
0.382170 0
1.316401 0
0.374794 0
0.403674 0
0.306706 0
0.094370 0
0.689772 0
1.161720 0
0.627634 0
0.290866 0
0.041661 0
0.408573 0
0.132276 0
0.377143 0
0.177276 0
1.311280 0
0.347871 0
0.133584 0
0.069582 0
0.323290 0
0.079187 0
0.014961 0
0.289270 0
0.639703 0
0.441223 0
0.366247 0
0.230538 0
0.745883 0
1.420496 0
1.197072 0
0.080495 0
0.340163 0
1.314111 0
0.345144 0
0.684388 0
0.047185 0
0.060204 0
0.208581 0
0.650482 0
0.520787 0
0.719554 0
0.631753 0
0.218752 0
0.619778 0
1.040170 0
0.475537 0
1.067328 0
0.222052 0
0.636475 0
0.986853 0
0.413607 0
0.100370 0
0.262519 0
0.131355 0
0.261972 0
0.823861 0
0.404966 0
0.365844 0
0.751697 0
1.217601 0
0.443502 0
0.117864 0
0.166620 0
0.738878 0
1.206494 0
0.145911 0
0.232812 0
0.070548 0
0.403817 0
0.571731 0
0.672285 0
0.006045 0
0.048261 0
0.536496 0
0.130246 0
1.479258 0
0.151534 0
1.205393 0
0.630512 0
0.177363 0
1.355543 0
1.245524 0
0.965612 0
0.683044 0
0.433258 0
1.173840 0
1.468699 0
0.692969 0
0.451617 0
0.408808 0
0.364439 0
0.020192 0
0.173061 0
0.028509 0
1.007013 0
0.149036 0
1.443630 0
0.742226 0
0.103281 0
0.055511 0
0.151282 0
0.113686 0
0.584996 0
0.188768 0
0.212567 0
0.543732 0
0.227504 0
0.423772 0
0.474260 0
0.186937 0
0.133483 0
0.540016 0
0.577395 0
0.340264 0
0.111489 0
0.491958 0
0.348683 0
0.130362 0
0.435321 0
0.330003 0
0.361249 0
0.060065 0
0.084628 0
0.020821 0
0.567217 0
1.304490 0
0.054374 0
0.635308 0
0.119507 0
1.374589 0
0.404787 0
0.088616 0
0.180326 0
0.014696 0
0.158398 0
1.258093 0
0.323087 0
0.755754 0
0.263930 0
0.627773 0
0.108353 0
0.073936 0
0.402997 0
0.005732 0
0.621111 0
0.243530 0
1.166361 0
0.432048 0
0.717075 0
0.692423 0
0.355835 0
1.370393 0
0.293688 0
0.566946 0
1.388370 0
0.334750 0
0.059238 0
0.122852 0
0.078463 0
0.530361 0
0.714255 0
0.821627 0
0.650707 0
0.384134 0
0.630798 0
0.181929 0
0.339058 0
0.135507 0
0.320097 0
1.088795 0
1.729727 0
0.688736 0
0.866734 0
1.032241 0
0.351534 0
0.007320 0
0.706007 0
0.116112 0
0.138531 0
0.295709 0
0.210095 0
0.402597 0
0.018427 0
0.626076 0
0.116934 0
0.183429 0
0.145624 0
0.464502 0
1.289792 0
0.420160 0
0.431415 0
0.016527 0
0.451442 0
0.723883 0
1.496139 0
0.748092 0
0.097954 0
0.120800 0
0.048395 0
0.339334 0
0.114793 0
0.910787 0
0.761171 0
0.372517 0
0.016064 0
0.290059 0
0.144164 0
0.220815 0
0.376283 0
0.057044 0
0.624944 0
1.205131 0
0.122330 0
0.272129 0
0.545216 0
0.138310 0
0.691011 0
0.167305 0
0.018791 0
0.542318 0
1.517102 0
0.656975 0
0.075298 0
0.035290 0
0.811973 0
1.376241 0
0.553812 0
0.084972 0
0.365880 0
0.098911 0
0.897797 0
0.638351 0
2.022251 0
0.071162 0
0.324435 0
0.083043 0
0.567280 0
0.215242 0
0.054716 0
0.417431 0
0.179811 0
0.058982 0
0.829459 0
0.628590 0
0.714307 0
0.178189 0
0.212786 0
0.842990 0
0.570034 0
0.127108 0
0.679663 0
0.279462 0
0.408221 0
1.603649 0
0.098106 0
1.132606 0
0.113176 0
0.357210 0
0.148553 0
0.317983 0
0.110762 0
0.183602 0
0.080779 0
0.419084 0
0.288546 0
0.079621 0
0.259748 0
0.656277 0
0.297275 0
0.221016 0
0.177132 0
1.430907 0
0.110636 0
0.519593 0
0.135440 0
0.146481 0
1.011259 0
0.544710 0
0.250822 0
0.026176 0
0.297857 0
0.078492 0
0.085907 0
0.963382 0
0.078830 0
0.639265 0
0.772511 0
0.169250 0
0.344348 0
0.545810 0
0.171849 0
0.832328 0
0.368873 0
0.315625 0
0.949163 0
0.742735 0
0.854346 0
0.940160 0
0.281526 0
0.542018 0
0.316880 0
1.068036 0
0.026697 0
0.805968 0
1.006347 0
0.018721 0
0.514538 0
1.106434 0
1.095799 0
0.445934 0
0.635731 0
0.023033 0
0.151031 0
0.340797 0
0.508107 0
0.270189 0
0.046088 0
1.093293 0
0.224724 0
0.395949 0
0.620988 0
0.588249 0
0.135652 0
0.068247 0
0.379994 0
1.496466 0
0.561525 0
0.130020 0
0.012285 0
0.810338 0
0.105186 0
1.007784 0
0.175331 0
0.023795 0
0.145279 0
0.055174 0
0.127783 0
0.129835 0
0.133719 0
0.322185 0
0.010327 0
0.221087 0
0.296734 0
0.726728 0
0.048938 0
0.096324 0
1.269462 0
0.632285 0
0.239312 0
0.906883 0
0.249329 0
0.325834 0
0.341812 0
0.274841 0
0.044595 0
0.313893 0
0.890899 0
0.053362 0
0.419408 0
0.214835 0
0.442725 0
0.292739 0
0.311135 0
0.352356 0
1.827476 0
0.840251 0
0.069127 0
0.188418 0
0.079904 0
0.089283 0
0.769345 0
0.330457 0
0.279250 0
0.163776 0
0.175216 0
0.199804 0
0.792795 0
0.039923 0
0.194496 0
0.107072 0
0.506628 0
0.804933 0
0.692147 0
0.583783 0
0.073018 0
0.086954 0
1.276150 0
0.462765 0
0.288154 0
0.557131 0
0.113409 0
0.051244 0
0.105431 0
0.133925 0
0.120616 0
0.069018 0
0.339212 0
1.223581 0
0.357053 0
1.141049 0
0.178895 0
0.006571 0
0.250327 0
0.783665 0
0.614217 0
0.621393 0
1.553307 0
1.399125 0
0.095232 0
1.443322 0
0.735112 0
0.145268 0
0.259830 0
0.287643 0
0.435269 0
0.040746 0
1.286409 0
0.233952 0
0.694090 0
1.073021 0
0.284092 0
0.743150 0
0.035543 0
0.434547 0
0.278232 0
0.141120 0
0.215252 0
0.192960 0
0.522918 0
0.184113 0
1.003730 0
0.254309 0
0.073218 0
0.720478 0
0.043243 0
0.628384 0
0.328030 0
0.455670 0
1.104126 0
1.024067 0
0.682147 0
0.034980 0
0.879099 0
1.027793 0
0.723281 0
0.095075 0
0.045106 0
0.266270 0
0.369077 0
0.037682 0
1.012477 0
1.426848 0
1.093570 0
0.867141 0
0.277425 0
0.101054 0
0.398468 0
0.036992 0
0.210442 0
0.195516 0
0.442457 0
1.479993 0
0.432237 0
0.205223 0
0.729364 0
0.215032 0
0.269650 0
0.474331 0
0.285844 0
0.454311 0
0.248642 0
0.163707 0
0.201299 0
0.873674 0
0.337159 0
0.036964 0
0.300186 0
1.256641 0
0.167304 0
0.126137 0
0.035293 0
0.063977 0
0.008874 0
0.090346 0
1.010307 0
0.135980 0
0.508113 0
0.337183 0
0.279556 0
0.845851 0
0.074494 0
1.068003 0
0.248152 0
1.118099 0
0.566764 0
0.426461 0
0.426322 0
0.230688 0
0.580777 0
0.109366 0
0.198180 0
0.860780 0
1.436588 0
0.044819 0
0.113990 0
0.863042 0
0.278744 0
0.647001 0
0.851589 0
0.582891 0
0.104319 0
0.007452 0
0.768547 0
0.090406 0
0.931915 0
0.833803 0
0.157713 0
1.195732 0
0.246843 0
0.108072 0
0.589260 0
0.210488 0
0.097683 0
0.163358 0
0.231082 0
0.232568 0
0.042444 0
0.651992 0
0.731537 0
1.040139 0
0.637788 0
0.405508 0
0.768886 0
0.157713 0
0.837452 0
0.300328 0
0.026699 0
0.689903 0
0.184825 0
0.195760 0
0.587235 0
0.309817 0
0.266109 0
0.029228 0
0.316207 0
0.319995 0
0.333643 0
1.089866 0
1.027310 0
0.346926 0
0.368232 0
1.278709 0
0.434888 0
1.658499 0
0.174907 0
0.123196 0
1.436772 0
0.143154 0
0.530040 0
0.869694 0
0.363609 0
1.029108 0
0.297364 0
0.545783 0
0.511277 0
0.334522 0
0.386870 0
0.153416 0
0.727758 0
1.608709 0
1.804915 0
0.230492 0
1.504855 0
0.383246 0
0.252473 0
0.284314 0
0.654074 0
0.768210 0
1.787329 0
0.962710 0
0.408064 0
0.144053 0
1.774863 0
0.106491 0
0.640078 0
1.406038 0
0.208712 0
0.372144 0
0.400210 0
0.408139 0
0.079089 0
1.055979 0
1.019654 0
1.209570 0
0.086111 0
0.147679 0
0.616407 0
0.478046 0
0.295188 0
0.197620 0
0.295276 0
0.645572 0
1.123669 0
0.005527 0
0.346639 0
0.296173 0
0.209495 0
0.452398 0
0.009412 0
0.334032 0
1.133252 0
0.337025 0
0.071664 0
0.228881 0
1.381652 0
0.061641 0
1.288563 0
0.131166 0
0.439498 0
0.271192 0
1.366913 0
0.151914 0
0.620737 0
0.008987 0
0.056913 0
0.220578 0
1.286700 0
0.206265 0
0.373418 0
1.188458 0
0.182886 0
0.778754 0
0.059784 0
0.142774 0
0.225503 0
0.347914 0
0.082997 0
0.062300 0
0.112240 0
0.504310 0
0.092469 0
1.914717 0
0.110123 0
0.757289 0
0.475682 0
1.084033 0
0.135259 0
0.130767 0
0.598191 0
0.076717 0
0.264460 0
0.697579 0
0.228664 0
0.884078 0
0.633513 0
0.229736 0
0.064528 0
0.009640 0
0.267338 0
0.080313 0
0.065407 0
0.282290 0
1.593250 0
0.132904 0
0.317010 0
0.095590 0
0.242836 0
0.118107 0
0.559652 0
0.625072 0
0.119240 0
0.467733 0
0.005800 0
0.170228 0
0.434041 0
0.388736 0
0.088588 0
0.158486 0
0.583346 0
0.374724 0
0.996593 0
0.103855 0
0.048346 0
0.853405 0
0.057066 0
0.354562 0
0.511045 0
0.557582 0
0.496993 0
1.227094 0
1.308477 0
0.597035 0
0.127242 0
1.110384 0
0.897373 0
0.134590 0
0.923056 0
0.033892 0
0.427019 0
0.146822 0
0.214794 0
1.176142 0
1.386006 0
0.161758 0
1.259553 0
0.038978 0
0.126990 0
0.374317 0
1.203902 0
1.369976 0
0.130686 0
0.304536 0
0.447287 0
1.457835 0
0.884403 0
1.276067 0
0.528679 0
0.524498 0
0.029633 0
0.689434 0
0.414781 0
0.542201 0
0.095579 0
0.148675 0
0.256023 0
0.775989 0
0.190531 0
0.091810 0
0.208017 0
0.948241 0
0.243635 0
0.928635 0
0.357402 0
0.325429 0
0.654764 0
1.177930 0
0.435133 0
0.843788 0
0.993281 0
0.318324 0
0.927953 0
0.569044 0
0.933757 0
0.180575 0
0.245487 0
0.681145 0
0.322152 0
0.177713 0
1.084868 0
0.642237 0
1.183469 0
1.513255 0
0.602564 0
0.214937 0
0.179009 0
1.419935 0
0.497868 0
0.737568 0
1.190117 0
0.305812 0
1.158385 0
1.412493 0
0.715018 0
0.686238 0
0.446133 0
1.400296 0
0.857201 0
0.235718 0
0.067321 0
0.480857 0
0.334347 0
0.220378 0
0.004036 0
1.705920 0
1.195825 0
1.074993 0
0.205628 0
0.530455 0
0.644150 0
0.050990 0
0.624908 0
0.250413 0
0.177169 0
0.063063 0
0.311906 0
0.066385 0
0.412670 0
1.158510 0
0.384753 0
1.006078 0
0.643209 0
0.293181 0
0.000398 0
1.205589 0
0.191315 0
0.197038 0
2.115694 0
0.165109 0
0.111889 0
0.084793 0
0.660597 0
0.086760 0
0.429670 0
0.609780 0
0.820199 0
1.087523 0
0.013682 0
0.216020 0
0.022465 0
0.312731 0
0.097414 0
0.305508 0
0.030990 0
0.586025 0
0.819734 0
1.466982 0
0.605601 0
0.063828 0
0.095698 0
0.153275 0
1.214410 0
0.157413 0
0.853400 0
0.206995 0
0.290993 0
0.054686 0
0.211301 0
1.201227 0
0.010373 0
1.149889 0
0.240460 0
0.194394 0
0.275616 0
0.065021 0
0.901686 0
0.049233 0
0.243747 0
0.532191 0
0.059871 0
0.633309 0
0.618431 0
0.380248 0
0.174322 0
0.269681 0
0.181015 0
0.305860 0
0.150448 0
0.139624 0
0.442485 0
0.064765 0
0.165627 0
0.983880 0
0.541363 0
0.126338 0
0.104540 0
0.282424 0
0.126631 0
0.426860 0
0.448680 0
0.452786 0
0.725627 0
0.377531 0
0.108176 0
0.469834 0
0.364586 0
0.601974 0
1.401436 0
0.151070 0
1.333020 0
0.115498 0
0.055931 0
0.353292 0
0.104177 0
0.147914 0
0.526759 0
0.048202 0
1.221228 0
0.754835 0
0.670377 0
1.068479 0
1.449130 0
0.281026 0
0.371395 0
0.376940 0
1.180375 0
0.040625 0
1.648657 0
0.321369 0
1.428060 0
1.237129 0
0.487799 0
0.138687 0
0.693087 0
0.717766 0
0.556870 0
0.205909 0
0.583840 0
1.317740 0
0.076276 0
0.344859 0
1.498501 0
0.047694 0
0.094583 0
1.246949 0
0.188716 0
0.203125 0
0.269592 0
0.307390 0
0.234422 0
0.552081 0
0.238768 0
0.192332 0
0.577400 0
0.431471 0
0.972639 0
0.439479 0
0.923188 0
0.507541 0
0.392787 0
0.356197 0
0.046587 0
0.346162 0
0.630547 0
1.070016 0
0.175498 0
0.219978 0
0.038013 0
0.559179 0
1.363330 0
0.107234 0
0.469866 0
0.160734 0
1.326071 0
0.291924 0
0.755716 0
1.407826 0
0.387827 0
1.786524 0
0.308053 0
0.097728 0
0.646308 0
0.668897 0
1.359413 0
0.967147 0
0.854726 0
0.791604 0
0.235424 0
0.983320 0
0.497496 0
0.498071 0
1.068392 0
0.108063 0
0.002704 0
0.101385 0
0.511380 0
0.700373 0
0.296800 0
0.082544 0
1.112391 0
0.753707 0
0.462001 0
0.223868 0
0.045823 0
0.527221 0
0.757462 0
0.461401 0
1.132468 0
0.822391 0
0.034030 0
0.194343 0
0.386756 0
0.596800 0
0.141895 0
0.321691 0
0.062693 0
0.762833 0
0.357601 0
0.634925 0
0.503618 0
0.172666 0
0.117077 0
1.447769 0
0.083205 0
0.359053 0
0.355973 0
0.320109 0
0.944986 0
0.111620 0
0.793683 0
1.329788 0
0.046251 0
0.430153 0
0.075432 0
0.028091 0
0.844686 0
0.292369 0
1.577258 0
0.271641 0
0.759565 0
0.632089 0
0.027041 0
0.527550 0
0.267033 0
0.129179 0
1.509342 0
0.066366 0
0.888894 0
0.485033 0
0.218540 0
0.657390 0
0.234473 0
0.499104 0
0.191501 0
0.741696 0
1.098022 0
0.776984 0
0.887464 0
0.262562 0
0.270291 0
0.601583 0
0.089313 0
0.689401 0
0.274962 0
1.003673 0
0.976514 0
0.923341 0
0.205504 0
0.838831 0
0.087309 0
0.151749 0
0.919250 0
1.087079 0
1.748471 0
0.021454 0
0.608292 0
0.016834 0
0.495123 0
0.038996 0
0.011102 0
0.386320 0
0.278089 0
0.369868 0
1.396916 0
0.346129 0
0.732908 0
0.795897 0
0.366756 0
0.839184 0
0.133745 0
0.295688 0
0.374607 0
0.837463 0
1.259245 0
0.564021 0
0.347818 0
0.776360 0
0.329370 0
0.161089 0
0.382251 0
0.368875 0
0.342531 0
0.102914 0
0.727587 0
0.326233 0
1.197090 0
1.198509 0
0.787194 0
0.300437 0
0.031066 0
0.558492 0
0.828300 0
0.274429 0
0.857200 0
0.714299 0
0.123007 0
0.737046 0
0.069987 0
0.061339 0
0.073095 0
0.260210 0
0.426510 0
0.202850 0
0.211380 0
0.801815 0
0.417573 0
0.219682 0
0.801185 0
0.545847 0
0.787066 0
0.505986 0
0.139368 0
0.267864 0
0.058474 0
0.169724 0
1.482108 0
0.387177 0
0.320398 0
0.415383 0
1.256017 0
0.685732 0
0.338279 0
0.064917 0
0.531458 0
0.317704 0
1.223581 0
0.011351 0
0.491577 0
0.163177 0
0.152970 0
0.614900 0
0.379568 0
1.342441 0
0.699419 0
0.126602 0
0.067413 0
0.900987 0
0.175374 0
0.054536 0
1.387411 0
1.418324 0
0.261186 0
0.124073 0
0.571838 0
0.609302 0
0.386583 0
0.001748 0
0.416215 0
0.770819 0
0.114474 0
0.758576 0
0.790608 0
0.005373 0
0.242152 0
0.982168 0
1.369201 0
0.392002 0
0.696209 0
0.328519 0
0.002383 0
0.206792 0
1.360829 0
0.223433 0
0.204262 0
0.184881 0
0.485624 0
0.760288 0
0.328928 0
1.137083 0
0.043029 0
0.315863 0
0.490034 0
1.063143 0
0.028001 0
0.079939 0
0.401025 0
1.082801 0
1.436979 0
1.091525 0
0.117514 0
0.862494 0
0.032217 0
0.225455 0
0.263237 0
0.695815 0
0.160662 0
0.101690 0
0.071673 0
0.208801 0
0.906563 0
0.231155 0
0.088874 0
0.540170 0
0.186943 0
0.272223 0
0.563972 0
0.215004 0
0.197844 0
0.140658 0
0.385113 0
0.492556 0
0.173631 0
0.688999 0
1.399969 0
1.360741 0
0.773256 0
0.485567 0
0.516481 0
0.324804 0
0.024422 0
0.004239 0
0.108596 0
0.036526 0
0.400064 0
0.453647 0
0.690369 0
1.505050 0
0.757504 0
0.351393 0
0.337229 0
0.289759 0
0.505184 0
0.425000 0
0.924161 0
0.644815 0
0.253035 0
0.313278 0
1.061804 0
1.132479 0
0.467612 0
0.107939 0
0.764550 0
0.111392 0
0.203693 0
0.093643 0
0.391308 0
0.817524 0
0.048114 0
0.428134 0
0.032480 0
0.083874 0
0.063427 0
0.036627 0
0.031563 0
0.066768 0
1.129649 0
0.272907 0
0.481208 0
0.583277 0
0.524300 0
0.859070 0
0.287821 0
0.074137 0
0.739185 0
0.008640 0
0.213356 0
0.130704 0
0.876544 0
0.035282 0
0.027915 0
1.115461 0
0.507400 0
0.381888 0
0.138946 0
0.453435 0
0.021531 0
0.046325 0
0.082471 0
0.026854 0
0.540084 0
0.713143 0
1.244794 0
0.055638 0
0.332327 0
0.236430 0
0.630854 0
0.757752 0
0.775593 0
0.669417 0
0.186544 0
1.383997 0
0.141074 0
1.427748 0
0.149093 0
0.757343 0
0.316218 0
1.248706 0
0.995701 0
0.165238 0
0.554661 0
0.441513 0
0.558276 0
1.627820 0
0.134009 0
0.022429 0
0.673362 0
1.430327 0
1.445355 0
0.059992 0
0.381225 0
0.551828 0
1.250969 0
0.699066 0
0.437962 0
0.161078 0
0.005160 0
1.720324 0
1.115401 0
0.385736 0
1.284188 0
0.442604 0
0.097276 0
0.748723 0
0.481225 0
0.282946 0
0.164945 0
0.133884 0
0.088827 0
0.017565 0
0.783194 0
0.539829 0
0.764538 0
0.019751 0
0.069022 0
0.437351 0
0.618124 0
1.369643 0
0.436320 0
0.253078 0
0.021753 0
0.666749 0
0.764480 0
1.442314 0
0.609328 0
0.242636 0
0.578705 0
0.190513 0
0.664995 0
0.369220 0
0.150338 0
1.808296 0
0.221287 0
0.896585 0
0.041353 0
0.519956 0
0.747043 0
0.901011 0
0.130623 0
1.377890 0
0.083444 0
0.133552 0
1.344293 0
0.650224 0
0.242991 0
1.220762 0
1.059942 0
0.021952 0
0.105107 0
0.192939 0
1.396551 0
0.729465 0
0.231229 0
0.868188 0
0.134570 0
0.231363 0
0.950424 0
0.188886 0
0.456093 0
0.446135 0
1.576119 0
0.428664 0
0.221539 0
0.375744 0
0.524360 0
0.284293 0
0.733785 0
0.396348 0
0.280709 0
0.901410 0
0.059569 0
0.123311 0
0.039416 0
0.298224 0
0.432413 0
1.680540 0
0.002133 0
0.589915 0
0.374839 0
0.307691 0
1.105104 0
0.168852 0
0.906843 0
0.195201 0
