0.204345 0
0.442154 0
0.760047 0
0.125836 0
0.179527 0
0.034616 0
0.257340 0
0.051794 0
0.138952 0
0.096859 0
0.239147 0
0.144687 0
1.917428 0
1.085415 0
0.125836 0
0.246631 0
0.639317 0
0.824778 0
1.403607 0
0.507186 0
0.337568 0
0.091117 0
0.166265 0
1.177997 0
0.635375 0
0.012450 0
0.108733 0
0.485801 0
0.659413 0
0.955719 0
0.335938 0
0.591484 0
0.025558 0
0.516607 0
0.167620 0
0.531934 0
0.940040 0
0.318069 0
0.467963 0
0.081182 0
0.377563 0
1.086317 0
0.630451 0
1.299344 0
0.358980 0
0.017384 0
0.960792 0
0.195297 0
0.032579 0
0.428904 0
0.310883 0
1.138147 0
0.445656 0
0.075833 0
0.753192 0
0.144989 0
0.039071 0
0.024728 0
0.599431 0
0.288875 0
0.094080 0
0.260923 0
1.237844 0
0.047319 0
1.562203 0
0.802803 0
1.076836 0
0.578122 0
0.345537 0
0.210863 0
1.174578 0
0.061001 0
0.368346 0
0.215766 0
1.588089 0
1.318890 0
0.117357 0
0.890896 0
0.746144 0
0.472017 0
0.049656 0
0.485068 0
0.052155 0
0.110055 0
0.067988 0
0.120217 0
0.454664 0
0.796072 0
0.352074 0
0.815593 0
1.582069 0
0.273528 0
1.446399 0
0.269465 0
0.341317 0
1.517482 0
0.263181 0
0.122499 0
0.017091 0
0.412246 0
0.945336 0
1.486743 0
0.368049 0
0.662749 0
1.588287 0
0.066429 0
0.383068 0
0.162144 0
0.177270 0
0.157117 0
1.364549 0
0.568992 0
0.822516 0
0.135970 0
0.688729 0
0.688551 0
0.030054 0
1.172188 0
0.704332 0
0.103406 0
0.247035 0
1.178147 0
0.137528 0
0.315263 0
0.318013 0
0.186160 0
0.646178 0
0.608632 0
0.347480 0
0.429791 0
0.367186 0
0.128751 0
0.274553 0
0.314123 0
0.081716 0
1.383844 0
0.200082 0
0.007041 0
0.317031 0
0.245692 0
0.337208 0
0.285927 0
0.043905 0
0.981127 0
0.199112 0
0.148162 0
0.080373 0
0.342491 0
0.444372 0
0.604344 0
0.745362 0
1.692151 0
0.365863 0
0.447901 0
0.315784 0
0.393536 0
0.706184 0
0.095890 0
0.062156 0
0.116984 0
0.419971 0
0.573853 0
0.079412 0
0.161226 0
0.123247 0
0.318868 0
1.049884 0
0.086395 0
0.071131 0
0.132805 0
1.722172 0
0.138853 0
0.159599 0
0.979671 0
0.992153 0
0.223700 0
0.622244 0
0.638159 0
1.150238 0
1.227995 0
0.471430 0
0.046568 0
0.079187 0
0.536405 0
0.342101 0
0.517947 0
0.161391 0
0.647281 0
0.012495 0
0.032093 0
1.060207 0
0.084219 0
0.363210 0
0.646401 0
0.974566 0
0.017371 0
1.460530 0
0.146380 0
0.715371 0
1.260003 0
0.308059 0
0.415517 0
0.093446 0
0.452845 0
1.014742 0
0.374108 0
0.257862 0
0.168750 0
0.060797 0
0.015214 0
0.066256 0
0.406412 0
0.074587 0
0.569320 0
1.058181 0
0.150742 0
0.375288 0
0.405376 0
0.685400 0
0.320313 0
0.343809 0
0.190391 0
0.272672 0
0.225979 0
0.155498 0
0.475781 0
1.200202 0
0.330074 0
0.301850 0
0.173437 0
0.280050 0
0.356869 0
0.432238 0
0.075415 0
0.611404 0
0.378853 0
0.058249 0
1.083183 0
1.426055 0
0.083096 0
0.318600 0
0.338410 0
0.154616 0
0.293139 0
1.379213 0
0.820089 0
1.759178 0
0.071438 0
0.618061 0
0.845244 0
0.864293 0
0.433391 0
0.659094 0
0.390579 0
0.585441 0
1.624218 0
0.095740 0
0.081077 0
0.362688 0
0.276257 0
0.043725 0
0.339277 0
0.196989 0
0.976379 0
0.152767 0
0.392627 0
0.491861 0
0.597677 0
0.812224 0
0.225767 0
0.731315 0
0.940544 0
0.160894 0
0.530896 0
0.256017 0
0.732333 0
0.072952 0
0.340662 0
0.979445 0
0.327022 0
0.669197 0
0.369301 0
0.168110 0
1.679011 0
1.014131 0
0.240682 0
0.417996 0
0.290104 0
0.202930 0
0.287124 0
0.224300 0
0.459740 0
0.693848 0
0.087818 0
0.078829 0
0.767251 0
0.800961 0
0.342504 0
0.844821 0
0.597718 0
0.379910 0
0.136491 0
0.288985 0
1.214772 0
0.015398 0
0.327906 0
0.113783 0
0.352517 0
0.478736 0
0.881375 0
0.079021 0
0.016738 0
0.015820 0
0.734579 0
0.033896 0
0.227694 0
0.146932 0
0.156648 0
0.024934 0
0.703050 0
0.036852 0
0.334599 0
0.638922 0
0.150660 0
0.117534 0
0.009450 0
0.513083 0
0.136514 0
0.677501 0
0.735477 0
0.467351 0
0.011403 0
0.614295 0
0.350917 0
0.136349 0
0.246064 0
0.406904 0
1.117641 0
0.136910 0
0.572904 0
0.243942 0
0.676754 0
0.224111 0
0.458353 0
0.076965 0
1.238565 0
0.060135 0
0.090052 0
0.783901 0
1.455232 0
0.148714 0
0.556184 0
0.131841 0
0.552786 0
0.176969 0
1.547669 0
0.268936 0
0.295121 0
0.051232 0
0.575284 0
0.093380 0
0.386509 0
1.650680 0
0.284323 0
0.130726 0
1.533674 0
0.190180 0
0.065513 0
0.621673 0
1.466913 0
0.571081 0
0.262525 0
0.420525 0
0.591360 0
0.086310 0
0.349666 0
0.427260 0
0.784472 0
0.446816 0
0.197795 0
0.056481 0
1.119277 0
0.202037 0
1.114126 0
0.597055 0
0.108016 0
0.413454 0
0.372198 0
1.204474 0
0.150028 0
0.065501 0
0.091354 0
0.863074 0
0.724630 0
0.805485 0
0.256499 0
0.222019 0
0.177182 0
0.189567 0
1.524717 0
0.096051 0
0.264548 0
0.229898 0
0.305257 0
0.251425 0
0.159506 0
0.222346 0
0.812803 0
0.145154 0
0.145127 0
0.082334 0
0.212274 0
0.574576 0
1.278801 0
0.755615 0
0.238604 0
0.034526 0
0.770905 0
0.134818 0
0.240554 0
0.320472 0
0.530311 0
0.075269 0
0.765557 0
0.141513 0
0.031564 0
0.019926 0
1.498082 0
0.668484 0
0.857581 0
1.677163 0
0.083643 0
0.401246 0
0.034550 0
0.632752 0
0.792246 0
0.155153 0
0.041352 0
1.240370 0
0.640880 0
0.218912 0
0.996066 0
0.246483 0
0.070748 0
0.047301 0
1.402587 0
0.330070 0
0.103374 0
0.180773 0
1.361629 0
0.078646 0
0.114249 0
0.283646 0
0.096213 0
1.682215 0
0.670968 0
0.120422 0
0.160560 0
0.729765 0
0.539974 0
0.251112 0
0.029472 0
2.066621 0
0.697989 0
0.103599 0
0.101397 0
0.265773 0
0.584634 0
0.311313 0
1.064397 0
0.868647 0
0.518328 0
0.090999 0
0.352996 0
0.341386 0
0.362208 0
0.814440 0
0.310938 0
0.019269 0
1.435761 0
1.371782 0
1.099287 0
0.531342 0
0.134036 0
1.119230 0
0.660941 0
0.354191 0
0.044576 0
0.114910 0
0.038485 0
0.008595 0
0.471887 0
0.101876 0
0.408020 0
0.944005 0
0.168382 0
0.265251 0
0.241312 0
0.004101 0
1.347703 0
1.154538 0
1.092899 0
0.405001 0
0.061047 0
1.524127 0
0.578721 0
1.512055 0
0.240599 0
0.302936 0
0.484882 0
0.228262 0
0.020290 0
0.032498 0
0.207017 0
0.386978 0
0.239994 0
1.201796 0
0.429389 0
0.242000 0
0.126093 0
0.869968 0
0.349367 0
0.247294 0
0.422629 0
0.891135 0
0.089458 0
0.028939 0
0.910411 0
0.117195 0
0.232160 0
0.504849 0
0.180012 0
0.290528 0
1.033244 0
0.062622 0
0.514318 0
0.306651 0
0.436189 0
0.030955 0
0.182549 0
0.223214 0
0.894395 0
0.591267 0
0.207569 0
0.250083 0
0.995162 0
0.145803 0
1.018683 0
0.060375 0
1.220525 0
0.100717 0
0.366732 0
0.462829 0
0.390935 0
0.385645 0
0.169778 0
0.236949 0
0.385258 0
0.046531 0
0.088821 0
0.934697 0
0.281644 0
1.620083 0
0.372857 0
0.876095 0
0.892408 0
0.388298 0
0.799617 0
0.239427 0
0.399949 0
0.412051 0
1.219699 0
0.720807 0
0.554437 0
1.358813 0
1.365430 0
0.144665 0
0.123321 0
0.260075 0
0.341786 0
0.275749 0
0.610786 0
0.647244 0
0.643323 0
0.779823 0
0.466597 0
0.182623 0
0.727718 0
0.179721 0
0.491867 0
0.065018 0
0.104435 0
0.952725 0
0.241339 0
0.029738 0
1.377802 0
0.093921 0
0.355038 0
1.162467 0
1.299438 0
0.150701 0
0.708245 0
0.182193 0
0.305194 0
0.119224 0
0.070898 0
0.146270 0
0.884355 0
0.170406 0
0.315913 0
0.842706 0
0.481085 0
1.424176 0
0.136647 0
0.034925 0
0.361313 0
0.222803 0
0.590468 0
0.542909 0
0.674919 0
0.543832 0
0.209153 0
0.257424 0
1.276340 0
0.046385 0
1.392351 0
0.638487 0
0.840694 0
0.639615 0
0.054559 0
0.652826 0
0.699250 0
0.407941 0
0.451048 0
0.233454 0
0.590428 0
0.392022 0
0.086962 0
0.105891 0
0.064919 0
0.485954 0
0.074873 0
1.433998 0
0.272621 0
0.337717 0
0.581946 0
0.036499 0
0.126495 0
0.537123 0
0.238882 0
0.408844 0
0.486739 0
0.700311 0
0.575003 0
0.161897 0
0.688846 0
0.397709 0
0.253378 0
0.541665 0
0.616513 0
0.251422 0
0.367969 0
0.106943 0
0.304958 0
0.519411 0
0.070084 0
0.102148 0
0.499633 0
0.050316 0
0.319740 0
0.625891 0
0.447393 0
0.466175 0
0.088963 0
0.225342 0
0.060552 0
0.613804 0
0.616844 0
0.282078 0
0.867639 0
0.367132 0
0.179296 0
0.263203 0
0.669510 0
0.429835 0
0.422585 0
0.299688 0
0.647762 0
0.121820 0
0.845374 0
0.834346 0
0.203305 0
0.246423 0
0.009132 0
0.398393 0
0.016759 0
0.061545 0
0.075757 0
0.011157 0
0.051735 0
0.418086 0
0.464830 0
0.054185 0
0.048317 0
0.056827 0
0.020728 0
0.611407 0
0.233546 0
0.276678 0
0.082264 0
0.284820 0
0.178601 0
0.152061 0
0.170609 0
0.422712 0
0.228247 0
0.277788 0
0.134865 0
0.086116 0
0.018332 0
0.248394 0
0.421795 0
0.008930 0
0.066811 0
0.574600 0
0.005936 0
0.406958 0
0.186131 0
0.303317 0
0.384870 0
0.151541 0
0.228383 0
0.136221 0
1.236414 0
0.287392 0
0.465911 0
0.310136 0
0.484924 0
0.088040 0
0.241696 0
0.603917 0
0.160422 0
0.626649 0
0.243764 0
1.369899 0
0.254207 0
0.091884 0
0.419486 0
1.528123 0
0.646237 0
1.360783 0
0.593469 0
0.156838 0
0.340280 0
0.153858 0
0.527213 0
1.561740 0
0.990440 0
0.052893 0
0.138969 0
0.234234 0
0.688247 0
0.902910 0
0.092328 0
0.200768 0
1.495831 0
0.849370 0
0.298035 0
0.381877 0
1.625456 0
0.300413 0
1.005709 0
1.148570 0
0.244046 0
0.083177 0
0.188082 0
0.149351 0
0.116275 0
0.012023 0
0.154520 0
0.066398 0
0.128703 0
0.648996 0
1.516070 0
0.315751 0
0.138303 0
0.829756 0
0.602102 0
0.262525 0
0.169682 0
1.493458 0
1.467530 0
0.151676 0
0.444071 0
1.299775 0
0.453064 0
1.379582 0
0.864167 0
0.042210 0
0.730884 0
0.707739 0
0.062163 0
0.063111 0
1.664147 0
0.661718 0
0.189131 0
0.633599 0
0.115258 0
0.643674 0
0.142663 0
0.171644 0
0.347554 0
0.230702 0
0.015920 0
0.914402 0
0.075266 0
0.699134 0
0.290128 0
0.246369 0
0.019172 0
0.149982 0
0.025950 0
0.821747 0
1.634841 0
1.655056 0
0.700516 0
0.408675 0
1.563517 0
0.854382 0
1.457173 0
0.697900 0
0.188588 0
0.054022 0
0.540682 0
1.386201 0
0.582571 0
0.748820 0
0.684210 0
1.400100 0
0.065090 0
0.387444 0
0.738571 0
0.048702 0
0.062245 0
0.573051 0
0.016851 0
0.768603 0
0.307866 0
0.006494 0
1.109745 0
0.027574 0
0.434585 0
1.164397 0
0.342471 0
1.116288 0
0.848251 0
0.781938 0
0.276013 0
0.012746 0
0.029212 0
1.155485 0
1.298375 0
0.126573 0
1.433954 0
0.050677 0
0.200567 0
0.162901 0
0.551491 0
0.153598 0
0.241835 0
1.420229 0
1.476673 0
0.371255 0
0.061649 0
0.042472 0
0.163791 0
1.051239 0
0.526687 0
0.521780 0
0.916406 0
1.484413 0
0.170533 0
0.080528 0
1.260770 0
1.118527 0
0.107960 0
0.855278 0
0.175289 0
0.311085 0
0.512664 0
1.120334 0
0.361328 0
0.063334 0
0.554648 0
0.028009 0
0.733652 0
0.216490 0
0.552840 0
0.606525 0
0.523290 0
0.297751 0
0.236216 0
1.240965 0
0.249176 0
0.219492 0
0.452732 0
0.154619 0
0.332981 0
0.153500 0
0.091473 0
0.353511 0
1.206052 0
1.525774 0
0.873509 0
0.070821 0
0.648608 0
0.611290 0
0.552517 0
0.853278 0
0.164174 0
0.191049 0
0.249241 0
0.599298 0
0.243760 0
0.513600 0
0.282634 0
0.165788 0
0.293772 0
0.197483 0
0.212501 0
0.591183 0
0.557683 0
1.116500 0
1.490470 0
0.329876 0
0.082859 0
0.151073 0
0.443940 0
0.298016 0
0.043520 0
1.296843 0
0.030258 0
1.118480 0
0.073886 0
0.028292 0
0.150857 0
0.624285 0
0.463951 0
0.438150 0
0.326278 0
1.469257 0
0.227104 0
0.356336 0
0.318570 0
0.558157 0
0.196891 0
0.479895 0
0.174789 0
0.204353 0
0.912112 0
0.021896 0
1.381193 0
0.072141 0
1.221924 0
0.996084 0
0.264235 0
0.204037 0
0.097987 0
0.046357 0
0.329899 0
0.072979 0
0.437932 0
0.441189 0
0.049180 0
0.095822 0
0.165441 0
0.126641 0
0.760877 0
0.462821 0
0.613711 0
1.355860 0
0.012651 0
0.668543 0
0.004336 0
0.149732 0
0.150600 0
0.990005 0
0.033376 0
0.013419 0
0.319420 0
0.006476 0
0.151953 0
0.213240 0
0.196419 0
0.685907 0
0.380072 0
0.372866 0
2.059309 0
0.140251 0
0.134988 0
0.062052 0
0.353232 0
0.609109 0
0.281408 0
0.058958 0
0.460597 0
1.389239 0
0.181300 0
0.046009 0
0.168109 0
1.428735 0
0.001231 0
0.195614 0
0.050607 0
0.026396 0
0.041105 0
1.426962 0
0.940685 0
0.016291 0
0.529608 0
0.303916 0
0.408401 0
0.573155 0
0.060504 0
0.131420 0
0.316426 0
1.176435 0
0.276853 0
1.393438 0
0.986481 0
0.132198 0
0.022037 0
0.779724 0
0.434350 0
0.403286 0
0.874601 0
0.873769 0
1.457107 0
0.237930 0
0.102887 0
0.249982 0
0.935836 0
0.537961 0
0.047510 0
0.244080 0
0.032033 0
0.139350 0
0.009589 0
1.582547 0
1.375499 0
0.269399 0
0.215844 0
0.189647 0
0.315974 0
1.006726 0
0.253142 0
0.867667 0
0.289626 0
0.197054 0
0.114546 0
0.262125 0
1.878552 0
0.014964 0
1.453298 0
0.141196 0
0.054960 0
0.459949 0
0.366179 0
0.059950 0
0.304076 0
0.069393 0
0.098625 0
0.596344 0
0.153790 0
0.269591 0
0.873681 0
0.122218 0
1.093043 0
0.579452 0
0.100221 0
0.280317 0
1.518853 0
0.279614 0
0.135511 0
0.538870 0
0.183268 0
0.251036 0
0.049045 0
0.695154 0
0.416792 0
0.047325 0
0.077937 0
1.394991 0
0.832979 0
0.304806 0
0.426420 0
0.443522 0
0.068427 0
1.367824 0
0.043503 0
0.218984 0
0.143677 0
0.201417 0
0.089493 0
1.126621 0
0.165237 0
0.619371 0
0.227020 0
1.201537 0
0.305580 0
0.646802 0
0.006828 0
0.075085 0
0.326842 0
0.772565 0
0.679471 0
0.214570 0
0.164701 0
1.114071 0
0.077988 0
0.520778 0
0.648844 0
0.897382 0
0.238454 0
0.701438 0
0.413200 0
1.591521 0
0.094877 0
0.104863 0
0.438898 0
0.344747 0
0.305348 0
1.459181 0
0.557942 0
0.127949 0
0.511164 0
0.065019 0
0.635754 0
0.253605 0
0.742748 0
0.028713 0
0.125099 0
1.024602 0
0.897714 0
0.838995 0
0.737776 0
0.118933 0
0.194201 0
0.758389 0
0.956212 0
0.369067 0
0.685794 0
0.031401 0
0.508019 0
0.077865 0
0.199796 0
0.473754 0
0.452646 0
1.486871 0
0.068215 0
0.579010 0
1.202414 0
0.499462 0
0.481889 0
0.144993 0
0.661159 0
0.489636 0
0.356750 0
0.204780 0
0.151636 0
0.865808 0
0.272794 0
0.018524 0
0.798949 0
1.632061 0
0.257035 0
0.462255 0
0.306939 0
0.228090 0
0.083193 0
1.174500 0
0.104049 0
0.081264 0
1.157926 0
0.354450 0
0.043485 0
0.843230 0
0.763064 0
0.324217 0
0.476057 0
0.014909 0
0.340354 0
0.255030 0
0.220828 0
0.315357 0
0.419285 0
0.285229 0
0.342324 0
0.205638 0
0.936473 0
0.237864 0
0.046493 0
0.454866 0
0.316929 0
1.317292 0
0.035203 0
0.672640 0
1.485103 0
0.094527 0
0.051640 0
1.524291 0
0.446060 0
0.676956 0
0.028749 0
1.200364 0
1.245206 0
0.099953 0
0.124528 0
0.241825 0
0.473943 0
0.349643 0
0.164605 0
0.808583 0
0.483281 0
1.083513 0
0.720544 0
0.648687 0
0.402409 0
0.017081 0
1.087208 0
0.391229 0
1.976866 0
0.225561 0
0.112710 0
0.184773 0
0.029211 0
0.100873 0
0.030184 0
0.033067 0
0.403826 0
0.769910 0
0.270439 0
0.026087 0
0.118084 0
0.731021 0
0.903087 0
0.397571 0
0.290641 0
0.100038 0
0.972600 0
0.168046 0
0.315200 0
0.293264 0
1.298907 0
0.116500 0
1.439164 0
1.214722 0
0.391696 0
0.700299 0
0.011686 0
0.275646 0
0.398499 0
0.115458 0
0.252343 0
0.074192 0
0.244729 0
0.592143 0
0.061158 0
0.580049 0
0.122506 0
0.099179 0
1.236072 0
0.402576 0
0.329254 0
1.376537 0
0.565254 0
0.234282 0
0.456952 0
1.199698 0
0.166835 0
0.968514 0
0.194713 0
0.090122 0
0.035743 0
0.137071 0
1.522868 0
1.086213 0
0.307149 0
0.223364 0
0.811867 0
1.296523 0
0.748282 0
0.807021 0
0.933611 0
1.020412 0
0.394501 0
0.157144 0
0.234987 0
0.083752 0
0.020911 0
0.558665 0
0.203489 0
0.066617 0
0.277233 0
0.222733 0
0.459989 0
1.676159 0
1.224910 0
0.136276 0
0.035316 0
1.346570 0
0.457073 0
1.174957 0
1.416086 0
0.225334 0
0.517777 0
0.405133 0
0.034347 0
0.642759 0
0.560771 0
0.516481 0
1.095312 0
0.445559 0
0.366457 0
0.420909 0
1.220715 0
0.179431 0
1.288129 0
0.399707 0
0.543203 0
1.171177 0
0.330550 0
1.375914 0
0.240469 0
0.599703 0
0.256878 0
0.060954 0
0.223545 0
1.558668 0
1.318858 0
0.102350 0
1.314883 0
1.454654 0
0.471544 0
0.450638 0
0.348156 0
0.343677 0
0.950596 0
0.459393 0
0.089405 0
0.212761 0
0.265657 0
0.220431 0
0.416568 0
1.534796 0
1.084334 0
1.955640 0
0.740465 0
0.230583 0
0.196152 0
0.253169 0
0.337919 0
0.686754 0
0.012776 0
1.403588 0
1.032967 0
0.829371 0
0.549562 0
0.191105 0
0.509080 0
0.228246 0
0.052149 0
0.030822 0
0.273530 0
0.247638 0
0.809336 0
0.194744 0
0.304527 0
0.449619 0
0.018420 0
0.792487 0
0.398486 0
0.156112 0
0.107253 0
1.113164 0
1.060665 0
0.415347 0
0.246261 0
0.046879 0
0.245416 0
0.037028 0
0.540258 0
0.220545 0
0.144750 0
1.427744 0
0.992870 0
0.334623 0
0.026230 0
0.743386 0
1.153916 0
0.085372 0
0.198168 0
1.531120 0
0.093219 0
0.081525 0
0.547656 0
0.341144 0
0.119605 0
0.031750 0
0.995094 0
0.129761 0
0.063394 0
0.321747 0
0.320230 0
0.042769 0
0.684981 0
0.046606 0
0.104185 0
0.359323 0
0.122445 0
1.173893 0
0.558167 0
0.242088 0
0.846036 0
0.183442 0
0.572595 0
0.164435 0
2.081578 0
0.392072 0
0.276081 0
0.118419 0
1.128289 0
0.075804 0
0.381177 0
1.407802 0
0.750673 0
0.245869 0
0.528107 0
0.812749 0
0.269711 0
0.275263 0
0.947137 0
1.678909 0
0.251819 0
0.159954 0
0.613050 0
0.092177 0
0.190881 0
0.236145 0
0.535863 0
0.282057 0
0.485564 0
0.061796 0
1.465063 0
0.334754 0
0.509086 0
0.991555 0
0.786124 0
0.384431 0
0.264021 0
0.700156 0
0.117929 0
0.157357 0
0.064181 0
0.488974 0
0.092850 0
0.186119 0
0.488758 0
1.040804 0
0.018747 0
0.399200 0
0.494677 0
1.044375 0
0.192449 0
0.087498 0
0.425703 0
1.146207 0
0.018238 0
0.290484 0
0.566671 0
0.562246 0
0.041141 0
0.093266 0
0.080927 0
0.027275 0
0.467870 0
0.045169 0
1.417833 0
0.010680 0
0.085863 0
0.796239 0
0.284385 0
0.695312 0
0.108187 0
0.740627 0
1.105988 0
0.824391 0
0.177659 0
0.691514 0
0.046456 0
0.136193 0
0.137154 0
0.068732 0
0.008236 0
0.530665 0
0.500096 0
0.413027 0
0.631650 0
0.629747 0
0.424999 0
0.159027 0
1.006919 0
0.297588 0
0.735903 0
0.308302 0
0.918549 0
0.273349 0
0.460461 0
0.175060 0
0.120463 0
0.053125 0
0.604007 0
0.287667 0
0.122572 0
0.537399 0
0.210931 0
0.325740 0
0.407168 0
0.358356 0
0.160167 0
0.206262 0
0.431804 0
0.564726 0
0.104100 0
1.944358 0
0.037828 0
0.061765 0
0.148567 0
0.232372 0
0.406590 0
0.042348 0
0.096066 0
0.764105 0
0.146518 0
0.326604 0
0.297404 0
0.478753 0
0.259452 0
0.164207 0
0.010368 0
2.244394 0
1.366146 0
1.132749 0
1.495694 0
0.434624 0
0.159270 0
0.047700 0
0.198273 0
0.111607 0
0.260419 0
0.166029 0
0.080366 0
0.189367 0
1.448081 0
0.225070 0
0.360689 0
1.485888 0
0.053806 0
0.107471 0
0.197507 0
0.992605 0
0.289710 0
1.392563 0
0.510298 0
0.210473 0
0.425411 0
0.353669 0
0.065658 0
0.032124 0
0.416983 0
0.729368 0
0.014029 0
0.316019 0
0.297545 0
1.665146 0
0.221837 0
0.107931 0
0.870552 0
0.025167 0
0.619714 0
0.281229 0
0.847752 0
0.064234 0
0.199043 0
0.126726 0
0.133768 0
0.879380 0
0.834038 0
0.341865 0
0.046116 0
0.193053 0
0.016275 0
0.431916 0
1.764376 0
1.477896 0
0.966052 0
0.513054 0
1.703418 0
0.516659 0
0.114181 0
0.716443 0
0.127246 0
1.608409 0
0.278032 0
0.225790 0
0.748902 0
1.673828 0
0.767863 0
0.033246 0
1.477236 0
0.080462 0
0.089713 0
0.316565 0
0.259427 0
0.623330 0
0.466561 0
0.084205 0
0.602595 0
0.624761 0
0.551896 0
0.665881 0
0.703532 0
0.142856 0
0.219958 0
0.347842 0
0.543363 0
1.619962 0
0.830124 0
0.091745 0
0.042454 0
0.877200 0
0.186926 0
0.383094 0
0.176653 0
0.416578 0
0.683256 0
0.041896 0
0.944367 0
0.599932 0
0.184048 0
0.208312 0
0.836307 0
0.024308 0
0.175652 0
0.716211 0
0.819527 0
0.136300 0
0.322739 0
0.213494 0
0.648610 0
0.514178 0
0.437507 0
0.165193 0
0.753328 0
0.220430 0
0.490062 0
0.526559 0
0.598213 0
0.627897 0
0.319821 0
0.615507 0
0.478759 0
0.654801 0
0.486106 0
0.058936 0
0.256041 0
0.049523 0
0.189656 0
0.236621 0
1.444736 0
0.358731 0
0.033639 0
1.205441 0
0.576458 0
0.289731 0
0.072525 0
0.486701 0
0.123146 0
0.149804 0
0.187886 0
0.327011 0
0.501236 0
0.429141 0
0.426112 0
1.143144 0
1.287334 0
0.052214 0
0.463308 0
0.475834 0
0.316465 0
0.473943 0
0.923436 0
0.039264 0
0.305269 0
0.566377 0
0.302702 0
0.528628 0
0.728543 0
0.593460 0
0.522276 0
0.568312 0
0.596996 0
0.334426 0
0.161268 0
0.029458 0
0.535355 0
0.288865 0
0.462965 0
0.046183 0
0.202328 0
0.250391 0
0.627781 0
0.247566 0
0.216989 0
0.205816 0
0.252920 0
0.221018 0
0.692767 0
0.058850 0
0.737881 0
1.687505 0
0.121158 0
0.117580 0
0.244839 0
1.536273 0
0.068935 0
0.112735 0
0.612827 0
0.046933 0
0.078006 0
0.167278 0
0.143939 0
0.178746 0
1.450901 0
0.576120 0
0.441742 0
1.083114 0
0.013179 0
1.230466 0
0.808147 0
0.473810 0
1.086382 0
0.395598 0
