0.276028 0
0.694538 0
1.007921 0
0.102994 0
0.134105 0
0.391509 0
0.412039 0
0.046681 0
0.219443 0
0.664916 0
0.173426 0
0.220923 0
1.444308 0
0.314458 0
1.427726 0
0.057162 0
0.017877 0
0.294943 0
1.087158 0
0.061123 0
0.310425 0
0.028609 0
0.214466 0
1.398247 0
1.148617 0
1.661149 0
0.199013 0
1.391696 0
0.789201 0
0.585050 0
0.121576 0
1.026940 0
0.391156 0
0.241977 0
0.045147 0
0.667180 0
0.077309 0
0.007691 0
0.068022 0
0.813951 0
0.070297 0
0.016086 0
0.462988 0
0.248826 0
1.611029 0
1.377488 0
0.096830 0
0.023563 0
1.407354 0
0.941463 0
1.383968 0
1.325779 0
0.016518 0
0.504319 0
0.451704 0
0.530793 0
0.046142 0
1.085821 0
0.153188 0
0.126125 0
0.299111 0
0.357717 0
1.033596 0
0.288100 0
0.592639 0
0.906966 0
0.315751 0
0.060132 0
0.705871 0
0.370984 0
0.657845 0
0.299372 0
0.029013 0
0.274413 0
0.467518 0
0.546795 0
0.599609 0
0.067446 0
0.550927 0
0.144286 0
0.091075 0
0.126872 0
0.349429 0
0.066224 0
0.217616 0
1.457967 0
0.389322 0
0.807616 0
1.122238 0
0.118225 0
0.251319 0
0.862268 0
0.965814 0
0.264664 0
0.047876 0
0.408494 0
0.208434 0
0.702212 0
1.206711 0
0.182873 0
0.904303 0
1.191443 0
1.227988 0
0.068725 0
0.614703 0
0.367743 0
0.300186 0
0.229366 0
0.245930 0
0.240456 0
0.463827 0
0.198812 0
0.037032 0
0.132748 0
0.310712 0
0.749229 0
0.093714 0
0.049878 0
0.052963 0
1.082668 0
0.651922 0
0.224213 0
0.587963 0
0.424967 0
0.245781 0
0.307387 0
1.379937 0
0.335767 0
0.258160 0
0.027094 0
0.314070 0
0.048573 0
0.027381 0
0.753262 0
0.100166 0
0.114298 0
0.170888 0
0.123664 0
1.479165 0
1.305897 0
0.979535 0
1.181216 0
0.005454 0
0.050094 0
0.087923 0
0.187022 0
0.374128 0
0.075359 0
0.508810 0
0.617148 0
0.709003 0
1.039662 0
0.052734 0
1.452907 0
0.306442 0
0.198901 0
0.307157 0
0.706577 0
0.020819 0
0.342594 0
0.110263 0
0.137886 0
0.020483 0
0.714683 0
0.370106 0
1.224921 0
0.137333 0
0.203439 0
0.051436 0
0.089064 0
0.168682 0
1.757131 0
0.173253 0
0.046293 0
0.752252 0
0.434799 0
0.073531 0
0.251610 0
0.335237 0
0.246517 0
0.469487 0
0.866796 0
0.127961 0
0.598368 0
0.032096 0
0.134256 0
1.632512 0
0.068577 0
0.163472 0
0.194035 0
0.913869 0
0.386496 0
0.013873 0
0.238603 0
0.075115 0
0.724814 0
0.640527 0
0.377822 0
0.206729 0
1.368341 0
0.185281 0
0.058988 0
0.228062 0
0.014303 0
0.269056 0
0.446982 0
0.631132 0
0.661769 0
0.313553 0
0.109404 0
0.094783 0
0.460603 0
0.246727 0
0.250220 0
0.474778 0
1.420880 0
0.065906 0
0.237145 0
0.111816 0
0.191480 0
0.120660 0
0.132169 0
1.058229 0
0.417433 0
0.685703 0
0.010145 0
1.044804 0
0.010836 0
1.372400 0
0.100377 0
1.481302 0
0.144871 0
0.548295 0
1.046681 0
0.827996 0
0.229926 0
0.004115 0
0.013803 0
0.459641 0
0.671494 0
0.386595 0
0.262101 0
0.342085 0
0.355536 0
0.552652 0
0.514857 0
0.529090 0
0.304644 0
1.207685 0
0.654664 0
0.564120 0
0.024393 0
1.271778 0
0.864905 0
0.209021 0
0.043863 0
1.561155 0
1.290594 0
0.515577 0
0.075251 0
0.069536 0
0.141551 0
0.841515 0
0.053576 0
0.006756 0
0.364944 0
0.123819 0
0.039481 0
0.688329 0
1.936486 0
0.981196 0
0.456483 0
0.887617 0
1.110619 0
0.550663 0
0.013753 0
0.095146 0
0.384017 0
1.436966 0
0.669759 0
1.534562 0
0.132053 0
1.366689 0
0.373970 0
1.103408 0
0.962290 0
0.290402 0
0.419072 0
0.740357 0
0.214722 0
1.018635 0
0.794251 0
0.578306 0
0.258592 0
0.236580 0
1.363087 0
0.457252 0
1.135494 0
0.381615 0
1.522254 0
0.526884 0
0.307968 0
0.408947 0
0.285658 0
0.560309 0
1.013087 0
0.083810 0
1.217920 0
0.678718 0
0.362674 0
0.523941 0
0.243758 0
1.220511 0
0.646365 0
1.705077 0
0.105377 0
0.080011 0
0.200252 0
0.307640 0
0.095755 0
0.148447 0
0.121179 0
0.238961 0
0.291079 0
0.318122 0
0.197685 0
0.121421 0
0.105328 0
0.139429 0
0.293257 0
0.343603 0
0.216759 0
0.348115 0
0.354652 0
0.745778 0
0.292975 0
0.759431 0
0.465787 0
1.489622 0
0.197428 0
0.916518 0
0.052908 0
0.589842 0
0.254829 0
0.107701 0
1.350937 0
0.065342 0
0.349696 0
0.834909 0
0.103350 0
0.197146 0
0.498027 0
1.794857 0
0.044648 0
0.858512 0
0.388586 0
0.399423 0
0.382086 0
0.285153 0
0.023760 0
0.563074 0
1.459177 0
0.324928 0
0.575158 0
0.922352 0
0.048083 0
0.203631 0
0.760162 0
0.301301 0
0.666854 0
0.106106 0
0.382475 0
0.311572 0
0.506525 0
0.540006 0
0.728032 0
0.390814 0
1.846485 0
0.027176 0
0.031257 0
0.476677 0
0.093793 0
0.014012 0
0.253980 0
1.416444 0
1.158344 0
0.262262 0
0.066288 0
0.536913 0
1.142997 0
0.546408 0
0.445098 0
0.628324 0
0.896722 0
0.571453 0
0.040414 0
0.764575 0
0.475038 0
0.201907 0
0.511001 0
0.222769 0
0.007681 0
0.192540 0
0.849549 0
0.045791 0
0.472697 0
0.090410 0
0.002942 0
0.480226 0
0.416527 0
0.934506 0
0.523064 0
0.553329 0
0.059753 0
0.078116 0
1.019633 0
1.060014 0
0.112914 0
0.285607 0
0.069874 0
0.076581 0
0.371168 0
1.561659 0
0.745883 0
0.050033 0
0.039780 0
0.175543 0
1.176193 0
0.452249 0
0.095631 0
1.527862 0
0.205002 0
1.317444 0
0.010586 0
1.207614 0
0.786508 0
1.075194 0
1.077710 0
0.164254 0
0.159475 0
0.286085 0
0.976231 0
0.528082 0
0.601802 0
0.026814 0
0.541176 0
0.379158 0
0.409070 0
0.287779 0
0.766397 0
0.620987 0
0.486337 0
0.230754 0
0.044047 0
0.419126 0
0.232085 0
0.490708 0
0.462147 0
0.566390 0
0.648843 0
0.368757 0
0.173065 0
0.086229 0
0.174984 0
0.031130 0
0.012639 0
0.352496 0
0.316167 0
1.392199 0
0.169172 0
0.319000 0
0.062416 0
1.643752 0
1.039242 0
0.670886 0
0.020081 0
0.469896 0
0.064303 0
0.187744 0
0.004250 0
0.465213 0
0.530809 0
0.157066 0
0.490822 0
0.175063 0
0.402012 0
0.029653 0
0.290964 0
0.225373 0
0.003856 0
0.935656 0
0.136011 0
0.365605 0
0.294940 0
0.257945 0
0.445698 0
0.401225 0
0.823234 0
0.644052 0
1.120216 0
0.305327 0
0.865053 0
0.433185 0
0.975063 0
0.236046 0
0.061471 0
0.014421 0
0.811467 0
0.318222 0
0.059790 0
0.684790 0
0.460580 0
0.244564 0
0.837092 0
0.188021 0
0.496561 0
0.514084 0
0.843532 0
0.659421 0
0.510311 0
0.147088 0
0.307350 0
1.443975 0
0.737233 0
0.462579 0
0.575581 0
0.011789 0
0.964543 0
0.022419 0
0.623191 0
0.600142 0
0.885943 0
0.495449 0
0.245860 0
0.430871 0
0.038272 0
0.054489 0
0.808957 0
1.225555 0
0.066406 0
0.318337 0
0.148143 0
0.283390 0
0.204503 0
0.260821 0
0.114949 0
0.634461 0
1.285017 0
0.640902 0
0.800793 0
0.023866 0
0.136236 0
0.287776 0
1.216116 0
0.806023 0
0.986033 0
1.445227 0
0.884875 0
0.082130 0
0.236650 0
0.137928 0
0.388900 0
0.097787 0
0.346248 0
1.818147 0
1.797373 0
0.549664 0
0.063435 0
1.482958 0
0.742163 0
0.193270 0
0.176118 0
0.645235 0
0.411671 0
1.119167 0
0.624793 0
0.097473 0
1.423102 0
0.126227 0
0.012870 0
1.132455 0
0.462536 0
0.617502 0
0.057708 0
0.112147 0
0.334921 0
1.225710 0
0.599778 0
0.365417 0
1.587118 0
0.075680 0
0.023197 0
0.922922 0
0.401379 0
0.517491 0
0.173948 0
0.494542 0
0.304380 0
0.614411 0
0.328304 0
0.421218 0
0.055649 0
0.681666 0
0.220623 0
0.393653 0
0.377096 0
1.019918 0
0.286993 0
0.287912 0
0.707094 0
0.224180 0
0.305727 0
0.009152 0
0.603874 0
0.160347 0
1.059572 0
0.606559 0
0.160547 0
0.268510 0
0.037365 0
0.910249 0
0.179336 0
1.273761 0
0.217368 0
0.700940 0
0.610765 0
0.416241 0
0.372896 0
1.230408 0
0.411783 0
0.699826 0
1.116236 0
0.381261 0
0.034217 0
0.479627 0
1.276916 0
0.307514 0
0.542878 0
0.243343 0
0.570134 0
0.140006 0
0.524624 0
0.776754 0
0.177798 0
0.129554 0
0.068278 0
0.069083 0
0.215630 0
0.357018 0
0.712501 0
0.169349 0
0.461896 0
0.369649 0
1.291730 0
0.228042 0
0.727551 0
0.438487 0
0.161177 0
0.477538 0
0.196787 0
0.915711 0
0.795195 0
0.845111 0
0.098687 0
1.177720 0
0.260420 0
0.181345 0
0.432371 0
0.399594 0
0.069493 0
0.578687 0
0.842444 0
0.643788 0
0.150104 0
0.217450 0
0.305211 0
0.543420 0
0.900791 0
0.103016 0
1.523432 0
0.241432 0
0.952618 0
0.112532 0
0.058561 0
0.370750 0
0.059348 0
0.454905 0
0.265683 0
0.003020 0
0.854797 0
0.123312 0
0.029692 0
1.218898 0
0.154892 0
1.289092 0
0.457319 0
0.334353 0
1.436481 0
0.260718 0
0.006546 0
2.018444 0
1.207842 0
0.457262 0
0.392916 0
0.205692 0
1.504901 0
0.196085 0
0.011758 0
0.388247 0
0.523694 0
0.804904 0
0.712879 0
0.017361 0
0.529961 0
0.688535 0
0.066362 0
0.255388 0
0.115983 0
1.091720 0
0.469259 0
0.735539 0
0.065086 0
0.220743 0
0.346290 0
0.220642 0
0.627601 0
0.211098 0
0.592641 0
0.040301 0
0.052009 0
1.572874 0
0.342779 0
0.202414 0
0.261600 0
0.019266 0
0.113164 0
0.734947 0
0.037470 0
0.118681 0
0.061831 0
0.080662 0
0.265508 0
0.225997 0
0.662746 0
0.346114 0
0.253873 0
0.102838 0
0.205480 0
0.135474 0
0.041259 0
0.757970 0
1.011942 0
0.623962 0
0.227226 0
0.424217 0
0.625046 0
0.405482 0
0.166345 0
1.087417 0
0.831825 0
0.157846 0
1.026524 0
1.427072 0
1.450387 0
0.263671 0
0.071344 0
0.716277 0
0.875309 0
0.261300 0
0.735274 0
1.196355 0
0.405737 0
0.272804 0
0.890276 0
0.505695 0
0.228721 0
0.110979 0
0.018419 0
0.868309 0
0.353350 0
0.013938 0
0.701007 0
0.186434 0
0.544128 0
0.246911 0
0.937204 0
0.811612 0
0.571515 0
0.653721 0
0.282644 0
0.100498 0
0.444640 0
1.497295 0
1.133934 0
0.416388 0
0.526715 0
0.139955 0
0.084263 0
1.424654 0
0.280953 0
0.020361 0
0.802194 0
0.102019 0
0.402867 0
0.671679 0
0.556092 0
0.027530 0
0.087763 0
0.509420 0
0.830379 0
1.300767 0
0.115464 0
0.032886 0
0.086835 0
0.090741 0
0.677487 0
0.077321 0
0.303853 0
0.299539 0
0.389383 0
0.633609 0
0.517106 0
0.082264 0
0.112565 0
0.060486 0
1.069797 0
0.081357 0
0.157717 0
0.289574 0
0.740246 0
0.551436 0
0.030118 0
0.936381 0
0.675922 0
0.178021 0
0.517008 0
0.181803 0
0.653652 0
0.061338 0
0.082722 0
0.026534 0
0.053835 0
0.726891 0
0.201425 0
0.385841 0
0.970797 0
0.409787 0
0.489642 0
0.648822 0
0.544131 0
1.201026 0
0.410490 0
0.048509 0
0.838714 0
0.297282 0
0.032594 0
0.515299 0
0.174285 0
0.803132 0
0.477441 0
1.291159 0
0.115904 0
0.036582 0
0.304118 0
0.022521 0
0.764792 0
0.030175 0
0.111749 0
0.056949 0
1.004505 0
1.436961 0
0.530321 0
0.211272 0
1.410658 0
0.059697 0
0.242780 0
0.165567 0
0.302858 0
1.385511 0
0.102053 0
0.112209 0
0.470956 0
1.230470 0
0.504976 0
0.245990 0
0.429109 0
1.073518 0
0.085989 0
0.097314 0
0.082118 0
0.209803 0
0.220535 0
0.199078 0
0.081357 0
0.050003 0
0.375126 0
0.485659 0
0.425773 0
0.526077 0
0.113425 0
0.459216 0
1.086485 0
0.829466 0
0.842022 0
0.232659 0
0.064346 0
0.988201 0
0.760450 0
0.698088 0
0.329672 0
0.123131 0
0.293103 0
0.722627 0
0.325840 0
0.059063 0
1.161626 0
0.088064 0
0.408321 0
0.709809 0
0.410416 0
0.163797 0
0.169057 0
1.094180 0
1.252043 0
0.295056 0
0.504953 0
0.603534 0
0.823138 0
0.538613 0
0.011735 0
1.723495 0
0.175118 0
1.183048 0
0.540365 0
0.069501 0
0.128970 0
0.660071 0
0.262356 0
0.280895 0
0.361234 0
0.208625 0
0.164693 0
0.044660 0
0.151057 0
0.700689 0
0.022117 0
0.394648 0
0.968075 0
1.075723 0
0.369931 0
0.393158 0
0.727948 0
1.428269 0
0.225809 0
0.202472 0
0.062562 0
0.839495 0
0.014065 0
0.260510 0
0.140253 0
0.031007 0
0.691285 0
0.441149 0
0.408987 0
0.837616 0
0.378917 0
0.891254 0
0.147622 0
0.696609 0
0.060315 0
0.807574 0
0.516359 0
0.407234 0
0.330277 0
1.487288 0
0.449129 0
1.659452 0
0.652287 0
0.225138 0
0.427288 0
0.047807 0
0.505139 0
0.742473 0
0.120837 0
0.328777 0
0.498138 0
0.399181 0
0.162232 0
0.457116 0
0.748537 0
0.550198 0
0.070520 0
1.167932 0
1.251809 0
0.834429 0
0.511790 0
0.936853 0
0.022796 0
0.639059 0
0.313454 0
0.532409 0
0.663146 0
0.430121 0
0.738066 0
0.972410 0
0.033405 0
0.005180 0
0.446122 0
0.516392 0
0.013422 0
0.055149 0
1.307778 0
0.841781 0
0.205630 0
0.910113 0
0.082824 0
1.355196 0
0.183351 0
0.120098 0
0.219264 0
0.297358 0
0.739828 0
0.265557 0
0.260830 0
0.712153 0
1.094500 0
0.762198 0
0.857940 0
0.456234 0
0.322015 0
0.049952 0
0.100752 0
0.225196 0
0.692023 0
0.134277 0
0.137017 0
0.351472 0
0.434759 0
0.246883 0
0.040824 0
0.278944 0
0.435603 0
0.444617 0
0.286373 0
0.374604 0
0.577064 0
1.633496 0
0.081486 0
0.536078 0
0.799286 0
0.145290 0
0.439351 0
0.553686 0
0.896615 0
0.244332 0
0.038812 0
0.332470 0
0.399654 0
0.037887 0
0.148758 0
0.893550 0
0.437937 0
1.039544 0
0.018828 0
0.234007 0
0.130934 0
1.848883 0
0.467091 0
0.830653 0
0.038477 0
0.039852 0
0.347580 0
0.423456 0
0.062806 0
0.549254 0
0.210449 0
0.233622 0
0.083743 0
0.358831 0
1.813481 0
0.215495 0
0.248094 0
0.009587 0
0.673444 0
0.111599 0
0.089573 0
0.062310 0
0.648786 0
0.316073 0
1.114856 0
0.176041 0
0.474156 0
0.391172 0
0.143137 0
0.058049 0
1.234418 0
0.437544 0
0.189893 0
0.463290 0
0.053289 0
0.752694 0
0.151186 0
0.174491 0
0.050737 0
0.739584 0
0.095932 0
0.244824 0
0.648704 0
0.531115 0
