0.208027 0
0.277110 0
0.417217 0
0.306007 0
0.486281 0
0.271642 0
0.822229 0
1.020267 0
0.370488 0
1.369056 0
0.944338 0
0.185961 0
0.206128 0
0.800237 0
0.451831 0
0.499115 0
0.733555 0
1.136158 0
0.121792 0
0.254664 0
0.861814 0
0.266418 0
0.029960 0
0.446155 0
0.219117 0
0.523597 0
0.181661 0
1.369622 0
0.310907 0
0.406959 0
0.714646 0
0.237829 0
0.276388 0
0.940116 0
0.219529 0
0.220566 0
0.229038 0
0.120826 0
0.237106 0
0.031495 0
0.260793 0
1.524669 0
0.920229 0
0.102376 0
0.012334 0
0.079133 0
0.213730 0
0.127563 0
0.375164 0
0.422529 0
0.339900 0
0.352009 0
0.534768 0
0.009393 0
0.570529 0
0.436506 0
0.522330 0
0.410661 0
0.582032 0
1.381277 0
0.052529 0
0.075931 0
0.402809 0
1.375635 0
0.286167 0
0.123009 0
0.331028 0
0.209318 0
0.599572 0
0.102882 0
0.178923 0
0.553084 0
0.401407 0
1.049563 0
0.504566 0
0.540414 0
0.125817 0
0.296127 0
0.225991 0
0.290994 0
0.179907 0
0.727209 0
0.073180 0
0.042266 0
0.170454 0
0.524500 0
0.032538 0
0.092586 0
1.679803 0
0.376696 0
0.282529 0
1.184669 0
0.800560 0
0.261126 0
0.632178 0
0.117824 0
0.052650 0
0.503105 0
0.068890 0
0.595353 0
0.554019 0
0.655012 0
0.576344 0
0.197015 0
0.151929 0
0.047479 0
0.418400 0
1.366696 0
0.057045 0
0.385913 0
1.247582 0
0.024863 0
0.853093 0
0.988834 0
0.555216 0
0.018896 0
0.355733 0
0.286630 0
0.507641 0
0.386057 0
0.302577 0
0.187408 0
1.452771 0
0.111954 0
0.866356 0
0.706578 0
0.330156 0
0.054608 0
0.149605 0
0.717878 0
0.979346 0
0.192489 0
1.186335 0
0.056665 0
0.526752 0
0.058080 0
0.201906 0
0.229844 0
1.062106 0
0.183929 0
0.326920 0
0.437164 0
0.181313 0
1.367110 0
0.049508 0
0.828600 0
0.115125 0
0.178715 0
0.954891 0
1.230785 0
0.794002 0
0.118348 0
0.486777 0
0.098670 0
0.031764 0
0.201534 0
0.300161 0
0.347368 0
0.296079 0
0.353965 0
1.284906 0
0.315586 0
0.081506 0
0.136989 0
0.005200 0
0.059146 0
0.283522 0
0.910582 0
0.405238 0
0.538859 0
0.110056 0
0.794879 0
0.149619 0
0.073954 0
0.449494 0
0.204981 0
0.366189 0
0.064069 0
0.846292 0
0.056611 0
0.254732 0
0.325914 0
0.014022 0
0.383480 0
0.218490 0
0.146754 0
1.578038 0
1.751287 0
1.115666 0
0.170586 0
0.149152 0
0.059815 0
0.119014 0
0.214828 0
0.495418 0
0.094291 0
0.267662 0
0.402756 0
1.391553 0
0.838548 0
0.177681 0
0.037038 0
0.981872 0
0.281639 0
0.473325 0
1.373899 0
0.787279 0
0.269643 0
0.022444 0
0.035245 0
0.714008 0
0.049818 0
0.091481 0
0.022856 0
0.817267 0
0.024451 0
0.120689 0
0.301020 0
1.108178 0
1.081530 0
1.038806 0
0.226540 0
0.707678 0
0.211549 0
0.492175 0
0.390462 0
0.986173 0
1.399759 0
0.139185 0
1.384495 0
1.448845 0
1.050881 0
0.331615 0
0.703122 0
0.011918 0
0.748274 0
0.591244 0
0.713272 0
0.010810 0
0.565820 0
0.835908 0
0.178412 0
0.402454 0
0.116123 0
0.516357 0
0.264153 0
0.441470 0
0.629077 0
0.477170 0
0.539178 0
0.043630 0
0.331864 0
0.156993 0
0.448787 0
1.268332 0
0.225592 0
0.640631 0
0.779241 0
0.301961 0
1.226775 0
1.127182 0
0.439244 0
0.407099 0
0.410793 0
0.151301 0
0.069762 0
0.643933 0
0.386959 0
0.059540 0
0.029237 0
0.062397 0
0.063092 0
0.934348 0
0.664497 0
0.642214 0
0.478226 0
0.732019 0
0.481991 0
0.144157 0
0.349730 0
0.513597 0
0.837136 0
1.138867 0
0.931893 0
1.714660 0
0.982326 0
0.214749 0
1.192394 0
0.386963 0
0.375600 0
0.741804 0
0.201226 0
0.399026 0
1.454663 0
0.615028 0
0.084430 0
0.662584 0
0.045511 0
0.045020 0
0.405006 0
0.353709 0
0.059491 0
0.012247 0
0.258547 0
0.476558 0
0.153644 0
0.129347 0
0.127967 0
0.232759 0
0.459410 0
0.039741 0
0.080087 0
0.313854 0
0.263791 0
0.502372 0
0.302257 0
0.099134 0
0.073855 0
0.450903 0
0.218464 0
0.167394 0
0.365538 0
0.022261 0
1.134515 0
0.235160 0
0.559146 0
0.191552 0
0.340645 0
1.799683 0
0.354780 0
0.239649 0
0.371026 0
0.443143 0
0.295389 0
0.640762 0
0.325249 0
0.263130 0
0.068981 0
0.851326 0
0.636749 0
0.121049 0
1.002705 0
0.858676 0
0.302473 0
1.238445 0
0.372358 0
0.791730 0
0.263391 0
0.762982 0
0.230393 0
1.411216 0
0.346114 0
0.140906 0
0.421805 0
0.310939 0
1.478719 0
0.855591 0
0.199370 0
0.264780 0
0.110271 0
0.032958 0
0.609408 0
0.114720 0
0.307709 0
0.036731 0
0.333039 0
0.596227 0
1.441435 0
1.103074 0
0.817037 0
1.273154 0
0.745674 0
0.138329 0
0.496691 0
0.147205 0
1.335030 0
0.240968 0
0.009594 0
0.971253 0
0.105728 0
0.174028 0
0.514092 0
0.277478 0
0.444043 0
0.092273 0
0.471581 0
1.473347 0
0.837185 0
0.020307 0
0.207780 0
0.500906 0
0.027333 0
1.459184 0
0.410491 0
1.234205 0
1.373986 0
0.134853 0
0.579297 0
0.278344 0
0.376891 0
0.206805 0
1.380355 0
0.453620 0
0.080865 0
0.119566 0
0.240681 0
0.428836 0
0.168042 0
0.518291 0
0.122432 0
0.182984 0
0.196205 0
0.059636 0
0.130287 0
0.164328 0
0.013501 0
0.028118 0
0.178492 0
0.622242 0
0.556002 0
1.251418 0
0.265996 0
0.199909 0
0.086478 0
0.011817 0
0.041104 0
0.685269 0
0.674545 0
1.366760 0
0.132312 0
0.856378 0
0.623279 0
0.030321 0
0.985330 0
0.449487 0
0.586312 0
0.020118 0
0.130772 0
0.966102 0
0.056145 0
0.197497 0
0.013315 0
0.061369 0
0.014553 0
0.198462 0
0.071219 0
0.159961 0
0.080694 0
1.548379 0
0.546671 0
1.387452 0
0.627249 0
0.731455 0
0.367761 0
0.095144 0
0.179806 0
1.075944 0
0.118969 0
0.474320 0
0.049506 0
0.052017 0
0.313262 0
0.381020 0
0.544849 0
1.342303 0
0.346638 0
0.186989 0
0.571781 0
0.030704 0
0.152106 0
0.122758 0
0.171036 0
0.097052 0
0.334236 0
0.015507 0
0.393946 0
0.072668 0
1.018594 0
0.126383 0
0.772984 0
0.094957 0
0.461885 0
0.186178 0
0.811631 0
0.761334 0
0.051025 0
0.021320 0
0.379844 0
0.242850 0
0.229882 0
0.022434 0
0.106659 0
0.493342 0
1.078318 0
0.124078 0
0.311301 0
0.159041 0
0.532473 0
0.329958 0
1.437643 0
0.870558 0
0.589991 0
0.861753 0
1.722775 0
0.262615 0
1.138504 0
0.003151 0
0.547184 0
0.030959 0
0.236338 0
0.116966 0
0.070855 0
0.450086 0
0.050269 0
1.602670 0
0.332022 0
0.243383 0
0.082292 0
0.055604 0
0.040150 0
0.081011 0
0.726760 0
0.228277 0
0.138642 0
0.420708 0
1.136476 0
0.670775 0
0.699326 0
0.378444 0
1.382385 0
0.753877 0
0.093530 0
0.077016 0
0.454593 0
0.113237 0
0.657805 0
0.138719 0
0.474854 0
0.278056 0
1.381249 0
0.211152 0
0.201144 0
0.302766 0
0.651448 0
0.065783 0
0.300076 0
0.741059 0
0.320735 0
0.172938 0
1.083087 0
0.416827 0
0.052206 0
0.509993 0
0.115153 0
0.369744 0
0.190974 0
0.382231 0
0.981591 0
0.031220 0
0.249129 0
0.122505 0
0.212646 0
0.238307 0
0.982782 0
0.208673 0
0.387272 0
0.207646 0
0.660682 0
0.454281 0
0.342696 0
0.113546 0
1.040681 0
0.443163 0
0.264151 0
1.088832 0
0.517278 0
0.996903 0
1.129458 0
0.201059 0
0.891071 0
0.495927 0
0.608526 0
0.199048 0
0.041613 0
1.063957 0
0.231455 0
0.631217 0
0.733463 0
0.089544 0
0.420898 0
1.478935 0
0.484739 0
0.626232 0
0.635092 0
0.967648 0
1.033096 0
1.504650 0
0.247675 0
0.185206 0
0.089569 0
1.207607 0
1.478014 0
0.236828 0
0.562317 0
0.932217 0
0.136130 0
0.441280 0
0.302137 0
0.343004 0
0.441243 0
0.638176 0
0.089567 0
1.252575 0
0.016664 0
0.658476 0
0.044328 0
0.994991 0
0.450081 0
0.773508 0
0.129366 0
0.267126 0
0.073483 0
0.357085 0
0.473384 0
0.098007 0
0.478628 0
0.334102 0
0.015787 0
0.983955 0
0.245918 0
1.417970 0
0.118332 0
0.322118 0
0.064351 0
0.692337 0
0.559649 0
0.268052 0
0.684366 0
0.786586 0
0.043544 0
1.034842 0
0.212134 0
0.136506 0
0.696412 0
0.893542 0
0.142478 0
1.447255 0
0.518858 0
0.566860 0
0.199014 0
0.350528 0
1.530947 0
1.233573 0
0.416721 0
1.714202 0
0.187061 0
0.461148 0
0.327489 0
0.292470 0
0.230058 0
0.505885 0
0.478573 0
0.179516 0
0.574133 0
0.089714 0
0.404397 0
0.349757 0
0.135533 0
0.782456 0
0.364591 0
0.421977 0
0.135280 0
0.715835 0
1.296572 0
0.853865 0
0.441272 0
0.851720 0
0.450063 0
1.045731 0
0.185381 0
0.095942 0
0.158567 0
1.572486 0
1.410198 0
0.191409 0
0.220118 0
1.400300 0
0.186692 0
0.360168 0
0.138624 0
0.243636 0
0.626549 0
0.194583 0
0.297147 0
0.528445 0
1.585257 0
0.603450 0
1.689598 0
0.179296 0
0.065702 0
0.141438 0
0.292144 0
0.118677 0
0.155787 0
0.120771 0
0.138142 0
0.196679 0
0.373668 0
0.425092 0
0.789715 0
0.222313 0
1.212145 0
0.059244 0
0.473201 0
0.853042 0
0.038691 0
0.343881 0
0.025526 0
0.216267 0
0.335154 0
0.071179 0
0.481241 0
1.096474 0
1.134776 0
0.051798 0
0.108341 0
1.260377 0
0.609032 0
1.296481 0
0.040709 0
0.265433 0
0.216621 0
0.017482 0
0.211503 0
0.166531 0
0.656833 0
0.752036 0
1.002089 0
0.820709 0
0.249061 0
0.191684 0
0.334092 0
0.154786 0
0.206534 0
0.074225 0
0.911202 0
0.116304 0
0.520379 0
0.240268 0
0.482444 0
1.858238 0
0.628499 0
0.020227 0
0.184869 0
0.400348 0
0.079341 0
0.325949 0
0.012305 0
0.035675 0
1.064680 0
1.193918 0
0.009074 0
1.056450 0
0.783803 0
1.178953 0
2.134969 0
0.713455 0
0.244464 0
0.597984 0
0.212894 0
0.321707 0
0.348915 0
1.578151 0
1.459947 0
0.618722 0
0.398563 0
0.375194 0
0.630813 0
1.194644 0
0.529878 0
0.548585 0
0.153903 0
0.138599 0
0.586397 0
0.245237 0
0.423327 0
0.012635 0
0.329705 0
0.181068 0
0.415970 0
0.403551 0
0.234448 0
0.409910 0
1.511467 0
0.202363 0
0.298830 0
0.198398 0
0.202271 0
1.210230 0
0.364010 0
1.427099 0
0.234971 0
0.143152 0
0.099697 0
0.143669 0
0.655242 0
0.328738 0
0.540081 0
0.475145 0
1.510685 0
0.458572 0
0.545664 0
0.102547 0
1.266137 0
0.351407 0
0.974539 0
1.810576 0
0.624869 0
0.168951 0
0.842151 0
0.439348 0
0.264370 0
0.996325 0
0.408065 0
0.114476 0
0.280379 0
0.893650 0
0.112125 0
0.742247 0
0.845911 0
0.092579 0
0.152101 0
1.019042 0
1.368448 0
0.709642 0
0.365451 0
0.539129 0
1.514552 0
0.004717 0
0.018137 0
1.117576 0
0.301296 0
0.025099 0
1.608507 0
0.144105 0
0.601254 0
0.105611 0
0.409110 0
0.296371 0
0.107826 0
0.517760 0
0.731456 0
0.310282 0
0.775473 0
0.041098 0
0.255039 0
0.121812 0
0.765372 0
0.624604 0
0.265578 0
0.761834 0
0.502559 0
0.210104 0
0.135332 0
1.066074 0
1.383432 0
0.022441 0
0.773226 0
0.037870 0
0.351129 0
0.170888 0
0.236748 0
0.370409 0
0.170850 0
0.180166 0
0.784448 0
0.897925 0
0.118186 0
0.085810 0
0.130746 0
1.037704 0
0.584786 0
0.138215 0
0.927406 0
0.284949 0
0.515550 0
0.270131 0
0.151102 0
1.439416 0
0.898107 0
0.544438 0
0.314400 0
0.194168 0
0.172360 0
0.020336 0
0.138399 0
0.690861 0
0.963570 0
0.013119 0
0.118410 0
0.607589 0
0.355260 0
0.083199 0
0.803535 0
0.229366 0
0.165023 0
0.150529 0
0.146620 0
0.351741 0
0.450846 0
0.447330 0
0.173544 0
0.792208 0
0.433449 0
1.175294 0
1.079308 0
0.103503 0
0.004188 0
1.492940 0
0.341477 0
1.431196 0
1.286026 0
1.045536 0
0.041613 0
0.183522 0
0.031514 0
0.081304 0
0.686855 0
0.117095 0
0.064878 0
1.037113 0
1.410795 0
1.361063 0
0.040890 0
1.531915 0
0.445995 0
0.488342 0
0.154596 0
0.385067 0
0.716393 0
0.711944 0
1.413073 0
0.072523 0
0.838198 0
0.150916 0
0.323890 0
0.337218 0
0.109231 0
0.236844 0
0.399060 0
0.137633 0
0.037785 0
0.179278 0
0.226668 0
0.202933 0
0.266780 0
0.316485 0
1.324640 0
0.570274 0
0.065654 0
0.035704 0
0.554828 0
0.467644 0
0.011979 0
0.685769 0
0.211991 0
0.513130 0
0.198862 0
0.227888 0
0.123626 0
0.291399 0
1.323883 0
0.221394 0
0.121759 0
1.447587 0
0.529152 0
0.108259 0
0.573539 0
0.936934 0
0.660902 0
0.405992 0
1.591927 0
1.321469 0
0.223563 0
0.167349 0
0.896233 0
1.620918 0
0.478147 0
0.423487 0
0.113223 0
0.530370 0
0.216375 0
0.655024 0
0.046246 0
1.201050 0
0.384288 0
0.042527 0
0.121331 0
0.100435 0
0.067805 0
1.376019 0
0.165546 0
0.674108 0
0.985227 0
0.789441 0
0.897810 0
0.020351 0
0.801091 0
0.285693 0
0.201635 0
0.429795 0
0.523752 0
0.036975 0
0.787729 0
0.183080 0
0.148762 0
0.332828 0
0.219778 0
0.600294 0
0.318487 0
0.362857 0
0.465542 0
0.298424 0
0.429393 0
1.271971 0
0.362711 0
0.849939 0
0.718881 0
0.424948 0
0.491546 0
0.205600 0
1.651151 0
0.170201 0
0.520108 0
0.366147 0
0.112974 0
0.402133 0
0.675233 0
0.605731 0
0.114148 0
1.583346 0
0.382881 0
0.167557 0
0.275714 0
0.097109 0
0.044285 0
0.160800 0
0.045154 0
0.373526 0
0.460696 0
0.563239 0
0.032819 0
0.331855 0
0.288674 0
0.200828 0
0.046466 0
0.038916 0
1.036538 0
0.001832 0
0.455496 0
0.343414 0
1.538298 0
0.220312 0
0.137014 0
0.001961 0
0.157480 0
0.615190 0
0.230415 0
0.894817 0
1.116240 0
0.127090 0
0.276336 0
0.493332 0
1.692834 0
1.462220 0
0.305010 0
1.002295 0
0.637571 0
1.372971 0
0.959376 0
1.513499 0
0.233027 0
0.492206 0
0.311000 0
0.281513 0
0.181152 0
0.159342 0
0.034485 0
0.055584 0
1.472156 0
0.863847 0
0.243474 0
0.071701 0
0.047412 0
0.231770 0
0.051700 0
0.494580 0
0.313136 0
0.104611 0
0.451648 0
0.734939 0
0.021722 0
1.336021 0
0.155758 0
0.257308 0
0.503646 0
0.275087 0
1.359505 0
0.076603 0
0.112541 0
0.504098 0
1.386750 0
0.508321 0
1.305907 0
0.352774 0
0.150233 0
1.549227 0
0.340926 0
0.391064 0
0.405770 0
0.110592 0
1.552607 0
0.306152 0
0.620769 0
0.560411 0
1.061882 0
0.730100 0
1.127429 0
0.405471 0
0.309734 0
0.668457 0
1.532067 0
0.245850 0
0.986907 0
0.046038 0
1.148443 0
0.109525 0
0.055198 0
0.544676 0
0.124731 0
0.244338 0
0.564569 0
0.179718 0
0.025505 0
0.016822 0
1.549792 0
0.338560 0
1.212782 0
1.553255 0
1.365327 0
1.724381 0
0.253677 0
0.256254 0
0.902953 0
0.421806 0
0.235043 0
0.642073 0
0.416877 0
0.152220 0
0.666851 0
0.141780 0
0.096427 0
0.021907 0
1.450115 0
0.291621 0
0.203055 0
0.131770 0
0.051882 0
1.242267 0
0.002926 0
1.497558 0
0.556687 0
0.178658 0
0.492966 0
1.259112 0
0.765807 0
0.016957 0
0.468276 0
1.352805 0
0.264731 0
0.829205 0
0.549613 0
1.223689 0
0.126533 0
0.019960 0
0.447335 0
0.760855 0
0.775699 0
0.584165 0
0.774042 0
0.538130 0
0.136080 0
0.602785 0
0.056679 0
0.686164 0
0.281523 0
1.062537 0
1.129540 0
0.535328 0
0.163857 0
0.910741 0
0.106959 0
0.156596 0
0.783528 0
0.744228 0
0.227214 0
0.420590 0
0.895056 0
0.163165 0
0.120365 0
1.351938 0
0.364435 0
1.490789 0
0.586625 0
1.420541 0
0.335507 0
0.261672 0
0.449728 0
0.966938 0
1.324843 0
0.849414 0
1.166338 0
0.790598 0
0.582232 0
0.089552 0
0.888253 0
0.336848 0
0.094752 0
0.621839 0
0.152228 0
0.365252 0
0.533038 0
0.129657 0
0.431331 0
0.068149 0
0.224018 0
0.186907 0
0.340306 0
0.663770 0
0.420427 0
0.091716 0
0.175105 0
1.189865 0
0.048194 0
0.107553 0
0.728768 0
0.304505 0
0.497804 0
0.759983 0
0.089066 0
1.052319 0
0.174171 0
0.180438 0
0.654134 0
1.569339 0
0.738052 0
0.229930 0
0.427879 0
0.415617 0
0.029094 0
0.133643 0
0.291598 0
1.059639 0
0.104281 0
1.616509 0
0.322495 0
0.357707 0
0.569318 0
0.846089 0
0.480529 0
0.255542 0
0.221384 0
0.147208 0
1.063325 0
0.140681 0
0.142781 0
0.061252 0
0.020932 0
0.300821 0
0.146495 0
0.032297 0
0.050163 0
0.845669 0
1.198783 0
1.091488 0
0.163100 0
0.092335 0
0.988978 0
0.158778 0
0.101641 0
0.363600 0
0.052145 0
0.318211 0
1.488183 0
1.152232 0
1.097022 0
0.238818 0
0.083181 0
0.932227 0
0.198900 0
0.493971 0
0.104696 0
0.595423 0
0.176965 0
0.538151 0
0.477520 0
0.231659 0
0.087839 0
0.093763 0
0.233479 0
0.045637 0
0.332818 0
0.315699 0
0.432654 0
0.511456 0
0.085950 0
0.529411 0
0.105584 0
0.087315 0
0.258497 0
0.367284 0
0.145389 0
0.141057 0
1.466525 0
0.207895 0
1.009447 0
1.135144 0
0.166670 0
0.193238 0
0.140114 0
0.667662 0
0.078361 0
0.298875 0
0.490796 0
0.635230 0
0.085316 0
0.635865 0
0.321810 0
0.335411 0
0.467767 0
0.604631 0
0.318158 0
0.155270 0
1.402372 0
0.358197 0
0.035270 0
0.701733 0
1.102753 0
0.048246 0
1.536525 0
0.162150 0
0.037098 0
0.291494 0
0.357757 0
0.202290 0
0.447673 0
0.466395 0
0.661519 0
1.520711 0
1.520696 0
0.942676 0
1.177678 0
0.101187 0
0.289251 0
1.103258 0
0.357610 0
0.012403 0
0.247456 0
0.829624 0
1.893646 0
0.091591 0
0.650037 0
0.209198 0
0.454810 0
0.026410 0
0.381613 0
0.120530 0
0.045408 0
1.214735 0
0.513130 0
0.724789 0
0.662465 0
0.205272 0
0.407963 0
1.190861 0
0.165427 0
0.329302 0
0.311580 0
0.694394 0
0.114607 0
0.183570 0
0.031315 0
0.293428 0
0.253621 0
0.541776 0
0.821018 0
0.586715 0
0.113362 0
1.681302 0
1.088988 0
0.023567 0
0.068398 0
0.016080 0
0.663167 0
0.457444 0
1.366334 0
0.457325 0
0.572483 0
0.764866 0
0.090722 0
0.022513 0
0.295603 0
0.033183 0
0.350492 0
0.664965 0
0.112649 0
0.824926 0
0.375714 0
0.281339 0
0.384611 0
1.214828 0
1.060749 0
0.150549 0
0.490232 0
0.239212 0
0.217171 0
0.256625 0
0.241254 0
1.384584 0
0.458133 0
0.251109 0
0.400912 0
0.952248 0
1.087598 0
0.085425 0
1.121231 0
0.223800 0
0.186749 0
0.160702 0
0.013336 0
0.148629 0
0.063220 0
1.493061 0
0.005079 0
0.467223 0
1.122846 0
1.277467 0
0.121228 0
0.106276 0
0.713261 0
1.094240 0
0.646225 0
0.982036 0
0.976680 0
0.244539 0
0.142109 0
0.882172 0
0.152004 0
0.044526 0
0.057773 0
1.377882 0
0.023799 0
0.179664 0
0.015346 0
0.541965 0
0.908408 0
0.483089 0
0.365570 0
0.111107 0
0.145550 0
0.341616 0
0.007026 0
0.294488 0
0.628843 0
0.768750 0
0.055977 0
0.501009 0
1.428718 0
0.305629 0
0.435536 0
0.683591 0
0.285670 0
1.916463 0
0.877011 0
1.225421 0
0.541912 0
0.413188 0
0.224482 0
0.096367 0
0.786160 0
0.646642 0
0.217265 0
0.448220 0
0.213831 0
1.082547 0
0.394917 0
0.292114 0
0.267705 0
1.044119 0
1.265723 0
1.518023 0
0.091429 0
1.499042 0
0.135086 0
0.163810 0
0.145819 0
0.459509 0
0.336791 0
0.215077 0
0.171049 0
0.912141 0
0.099513 0
0.041354 0
0.057956 0
1.494770 0
0.301007 0
0.234278 0
0.063885 0
1.212918 0
0.774558 0
0.528329 0
0.320142 0
0.359464 0
1.010830 0
0.223800 0
1.154307 0
0.247222 0
0.851585 0
0.006154 0
0.456747 0
0.157378 0
0.051683 0
1.594938 0
0.075841 0
0.144172 0
0.092967 0
0.220414 0
0.117809 0
0.278257 0
0.026425 0
0.213911 0
0.442228 0
0.027442 0
0.930213 0
0.147706 0
1.381376 0
0.381140 0
0.051731 0
0.041045 0
0.424032 0
0.054065 0
0.077744 0
1.256276 0
0.727779 0
0.350777 0
0.586267 0
1.398977 0
0.123516 0
0.760156 0
1.119824 0
0.691128 0
1.392594 0
0.741862 0
1.155974 0
0.006336 0
0.447097 0
0.708490 0
1.187771 0
0.131098 0
0.616556 0
0.081338 0
0.423698 0
0.197712 0
0.255800 0
1.140653 0
0.586450 0
0.260009 0
0.220899 0
0.271346 0
0.137247 0
0.499607 0
0.871432 0
0.392236 0
0.772129 0
0.064705 0
0.221686 0
0.176802 0
0.379756 0
0.207317 0
0.341897 0
0.168644 0
1.383139 0
0.057883 0
1.080550 0
0.751804 0
0.226365 0
0.407314 0
0.020573 0
1.487059 0
0.891788 0
0.254561 0
0.146168 0
0.544152 0
0.292901 0
1.322585 0
0.247271 0
0.120656 0
0.595100 0
1.192911 0
0.662183 0
0.632400 0
0.463863 0
0.252471 0
0.565192 0
1.439491 0
0.139599 0
0.239570 0
0.535050 0
0.016774 0
0.718379 0
0.154380 0
0.324178 0
0.430832 0
0.545243 0
0.498242 0
0.084402 0
1.078096 0
1.419465 0
0.135511 0
0.845988 0
0.801828 0
0.086820 0
0.679283 0
0.007999 0
0.058784 0
0.241202 0
0.217873 0
1.372741 0
0.837381 0
1.603045 0
0.177595 0
0.253373 0
0.455714 0
0.343667 0
0.782999 0
0.311115 0
0.063118 0
0.146771 0
0.067885 0
1.213176 0
0.267088 0
0.080168 0
0.254715 0
0.869602 0
0.253929 0
0.198260 0
0.351356 0
0.881640 0
0.296090 0
0.587149 0
0.488072 0
0.463034 0
0.499844 0
0.105027 0
0.037901 0
0.386212 0
0.276564 0
0.111766 0
0.045111 0
0.272978 0
0.559435 0
0.212456 0
0.496715 0
0.246193 0
0.083013 0
0.130106 0
0.013111 0
0.579425 0
0.266641 0
0.170504 0
0.960799 0
0.073511 0
0.254931 0
0.601719 0
0.638296 0
0.186500 0
0.181187 0
0.112990 0
0.190414 0
0.353096 0
0.027676 0
0.155764 0
0.067129 0
0.045765 0
0.137740 0
0.402205 0
0.965077 0
0.270383 0
0.672842 0
0.754409 0
1.255859 0
0.246983 0
0.201868 0
0.358754 0
0.298037 0
0.390219 0
0.406598 0
1.293581 0
0.925370 0
0.446279 0
0.087678 0
0.310207 0
0.180112 0
0.174944 0
0.059235 0
0.024300 0
0.016442 0
0.404535 0
0.605861 0
0.502343 0
0.721114 0
0.966874 0
0.186903 0
0.622557 0
0.179197 0
0.454235 0
0.244522 0
1.108974 0
0.048915 0
0.607919 0
1.518753 0
0.148850 0
0.424155 0
0.596457 0
0.876366 0
1.777163 0
0.125790 0
0.613846 0
0.132152 0
0.592557 0
0.550715 0
0.439613 0
0.136050 0
0.333959 0
1.138489 0
1.188215 0
0.301972 0
0.497049 0
0.129940 0
0.629266 0
0.133994 0
0.087940 0
0.327762 0
0.215235 0
0.903385 0
1.512152 0
0.008584 0
0.237440 0
0.452884 0
0.242591 0
0.412922 0
0.176517 0
0.148294 0
0.576544 0
0.559773 0
0.218141 0
1.232316 0
1.053894 0
0.196721 0
0.311199 0
0.630026 0
0.101445 0
0.431482 0
0.023967 0
1.106926 0
0.254694 0
1.125311 0
0.046809 0
0.109657 0
0.132633 0
0.816261 0
1.251585 0
0.372778 0
0.242075 0
0.063637 0
0.325135 0
0.463202 0
0.211579 0
0.564236 0
0.250831 0
0.236327 0
1.184286 0
0.873137 0
1.467767 0
0.671660 0
0.914759 0
0.046167 0
1.227716 0
0.628742 0
0.676705 0
0.250858 0
0.627627 0
0.759783 0
0.766709 0
0.063993 0
0.456463 0
0.570444 0
0.326726 0
0.049548 0
0.095693 0
0.930087 0
0.390685 0
0.856700 0
0.131849 0
0.021638 0
0.011083 0
0.107254 0
1.012487 0
0.153258 0
0.430438 0
0.511254 0
0.555688 0
1.479031 0
1.938231 0
0.055346 0
