0.272646 0
0.304271 0
0.782994 0
0.938018 0
0.183923 0
0.506687 0
0.225292 0
0.608562 0
0.088970 0
0.040934 0
0.390019 0
0.306061 0
1.006710 0
0.064870 0
0.154585 0
0.365497 0
0.461876 0
0.500790 0
0.503074 0
1.173932 0
0.501238 0
0.036202 0
0.160237 0
0.732780 0
0.093471 0
0.044808 0
0.692084 0
0.028017 0
0.253490 0
0.605282 0
0.003551 0
0.543081 0
1.115416 0
1.034506 0
0.164799 0
0.265686 0
0.041803 0
0.677966 0
0.143094 0
0.012155 0
0.656669 0
1.231875 0
0.714236 0
0.150308 0
0.076596 0
0.460527 0
0.129521 0
1.016029 0
0.912167 0
0.841752 0
0.145903 0
0.160240 0
0.692445 0
0.381811 0
0.105639 0
0.788638 0
1.393574 0
0.493273 0
0.157915 0
0.036635 0
0.472821 0
0.262576 0
1.072814 0
0.879316 0
0.509848 0
0.270339 0
0.975517 0
0.726573 0
0.032011 0
1.608833 0
0.071465 0
0.109599 0
1.501573 0
0.075047 0
0.080748 0
0.122594 0
0.240894 0
0.672994 0
0.385897 0
1.448608 0
0.348678 0
0.304899 0
0.615566 0
1.190672 0
0.319627 0
1.366939 0
0.201140 0
0.893922 0
0.072240 0
0.057286 0
0.598018 0
0.068420 0
0.095825 0
0.839871 0
0.378407 0
0.224404 0
0.766979 0
1.561492 0
0.228418 0
0.103979 0
0.256210 0
0.381371 0
1.194408 0
0.323903 0
0.631910 0
0.069993 0
0.109620 0
0.199480 0
1.385588 0
0.428650 0
0.052625 0
0.493946 0
0.013425 0
1.380861 0
0.111155 0
0.048710 0
0.235117 0
0.735224 0
0.935124 0
0.589333 0
0.027351 0
0.579115 0
0.168524 0
0.057380 0
0.208366 0
0.086634 0
0.153527 0
0.113370 0
0.003440 0
0.011323 0
0.564681 0
0.160410 0
0.066175 0
0.335283 0
0.713724 0
0.245434 0
0.233829 0
0.600743 0
0.345580 0
0.210782 0
0.291076 0
0.206688 0
0.094455 0
0.732350 0
0.369281 0
0.136687 0
0.227842 0
0.174230 0
0.112473 0
0.381212 0
0.726181 0
0.410429 0
0.364036 0
0.086802 0
0.348975 0
0.058733 0
0.993174 0
0.190008 0
1.370531 0
0.492510 0
0.928638 0
0.018945 0
0.642385 0
0.027453 0
0.076425 0
0.198539 0
0.566419 0
0.326200 0
0.758691 0
0.818596 0
1.110788 0
0.457261 0
1.984575 0
0.796639 0
0.033071 0
0.008183 0
0.442036 0
0.044410 0
0.428737 0
0.285324 0
1.851951 0
2.026031 0
0.314662 0
0.759959 0
0.352918 0
0.350607 0
0.469610 0
0.097122 0
0.007134 0
0.226202 0
1.210449 0
0.982296 0
0.596058 0
0.122121 0
0.002931 0
1.588151 0
1.121516 0
0.115476 0
0.394742 0
0.192460 0
0.601286 0
0.183477 0
0.652473 0
0.151326 0
1.352190 0
1.571318 0
0.013690 0
0.480338 0
0.618946 0
1.609094 0
0.728324 0
0.413688 0
1.114477 0
0.411453 0
0.213770 0
1.492851 0
0.639152 0
0.197070 0
0.794806 0
0.155834 0
0.479941 0
0.329076 0
0.433961 0
0.231296 0
0.331095 0
0.093548 0
0.404688 0
0.167960 0
0.227029 0
0.670132 0
1.349800 0
0.294984 0
0.500656 0
1.168713 0
1.055800 0
0.040705 0
0.374019 0
0.504399 0
0.031009 0
0.425725 0
0.583453 0
0.552115 0
0.530618 0
0.193122 0
0.077859 0
1.556937 0
0.571691 0
0.252084 0
0.614353 0
0.378850 0
0.146668 0
0.035300 0
1.483365 0
0.146328 0
0.346508 0
0.096123 0
0.719831 0
0.072370 0
0.285565 0
0.463044 0
1.650034 0
0.310107 0
0.226829 0
0.639687 0
0.358041 0
0.212472 0
0.106157 0
0.201294 0
0.266508 0
0.208137 0
0.602381 0
0.106549 0
0.500937 0
0.202055 0
1.653280 0
0.713598 0
0.395172 0
1.623277 0
0.427440 0
1.293372 0
0.207087 0
0.523740 0
0.400253 0
0.651396 0
0.291639 0
0.224740 0
0.889066 0
0.670503 0
0.450124 0
0.961424 0
0.427943 0
0.134100 0
0.410325 0
0.435641 0
0.069904 0
0.672896 0
0.233085 0
0.209822 0
1.378343 0
0.445294 0
1.462672 0
1.579558 0
0.728810 0
0.836065 0
0.595273 0
0.173605 0
0.089464 0
1.197640 0
0.126691 0
0.054682 0
0.054594 0
0.667527 0
0.634580 0
1.010808 0
0.840078 0
0.169383 0
1.018987 0
0.336413 0
1.194944 0
0.298827 0
0.802920 0
0.674161 0
0.880951 0
0.152584 0
0.171628 0
1.430491 0
0.006872 0
0.709316 0
0.738638 0
0.150473 0
0.478095 0
0.125805 0
0.497866 0
0.239062 0
0.310850 0
0.106481 0
1.460059 0
0.311829 0
0.999529 0
0.859092 0
0.869728 0
0.468240 0
0.751674 0
1.454575 0
0.018597 0
1.539470 0
0.814722 0
0.669771 0
0.046648 0
0.643252 0
0.411261 0
0.409759 0
0.513771 0
0.051879 0
0.549880 0
1.096220 0
0.589126 0
0.203604 0
0.256323 0
0.163065 0
0.214161 0
1.178973 0
0.891469 0
0.887601 0
0.697952 0
0.316550 0
0.136171 0
0.298670 0
0.409555 0
0.717418 0
0.155029 0
0.684024 0
1.234664 0
0.509110 0
1.453740 0
1.429519 0
0.631591 0
0.593837 0
0.377663 0
0.188045 0
0.480222 0
0.106752 0
0.784890 0
0.454785 0
0.796087 0
0.113769 0
0.559257 0
0.027799 0
0.338763 0
0.491490 0
1.288793 0
0.444600 0
0.736338 0
0.644640 0
0.310006 0
0.562548 0
1.205053 0
0.565452 0
0.618739 0
0.085030 0
0.133146 0
0.157292 0
0.504114 0
0.115701 0
0.483237 0
0.287041 0
0.097875 0
1.476136 0
0.032237 0
0.292006 0
0.119021 0
0.088643 0
0.160820 0
1.437702 0
0.595834 0
0.030376 0
0.797491 0
0.339535 0
1.420879 0
0.906936 0
0.588623 0
0.035798 0
1.467726 0
0.046291 0
0.389835 0
0.314930 0
0.194387 0
0.070647 0
0.135909 0
0.242617 0
0.326546 0
0.783903 0
0.547958 0
0.177188 0
1.274809 0
1.277094 0
1.462839 0
0.734780 0
0.360170 0
0.561901 0
1.554992 0
0.313518 0
0.412420 0
0.168075 0
0.050713 0
1.557162 0
0.026996 0
0.585787 0
0.272150 0
0.146430 0
0.968622 0
0.836375 0
0.034177 0
0.029831 0
0.274298 0
0.618666 0
0.821105 0
0.024648 0
0.092154 0
0.245018 0
0.028245 0
0.112718 0
0.798636 0
0.060398 0
0.228629 0
0.320337 0
1.487634 0
0.425342 0
0.234454 0
0.281670 0
0.675891 0
0.189642 0
0.351228 0
0.124495 0
0.268336 0
0.350132 0
0.467557 0
0.901733 0
0.121011 0
0.120093 0
0.205298 0
0.239483 0
0.041570 0
0.308806 0
0.493970 0
1.032327 0
0.371026 0
0.762450 0
1.636370 0
1.162713 0
0.612732 0
0.264622 0
0.696490 0
0.201311 0
0.044389 0
0.186920 0
0.194092 0
0.212789 0
0.473340 0
0.781531 0
0.802689 0
0.087924 0
0.122935 0
0.440351 0
0.810284 0
0.104376 0
0.239272 0
0.618788 0
0.080450 0
0.295395 0
0.418013 0
0.405199 0
0.251093 0
0.649004 0
1.228895 0
0.363943 0
0.419621 0
0.033888 0
0.172346 0
0.223947 0
0.345982 0
0.256657 0
0.050385 0
0.678114 0
0.149123 0
0.231994 0
0.288208 0
0.442304 0
0.234539 0
0.062058 0
0.041612 0
0.113282 0
1.411034 0
0.376071 0
0.128468 0
0.158241 0
0.437003 0
1.383579 0
1.410196 0
0.008720 0
0.293418 0
0.432106 0
0.313182 0
1.856586 0
0.037560 0
0.028127 0
0.302364 0
0.584122 0
0.961640 0
0.006863 0
1.030154 0
0.331608 0
0.172286 0
0.212998 0
0.371879 0
0.035568 0
0.885617 0
0.580662 0
0.324141 0
1.647585 0
0.081536 0
0.256079 0
0.482847 0
1.497851 0
0.024152 0
0.286644 0
0.260766 0
0.190788 0
0.065158 0
0.277865 0
0.133386 0
0.797355 0
0.487627 0
0.611035 0
0.084852 0
0.333363 0
0.168974 0
0.347004 0
0.299034 0
0.457507 0
0.462426 0
1.395217 0
0.595340 0
0.467172 0
1.337190 0
0.097998 0
0.491403 0
0.537736 0
1.529035 0
0.166075 0
0.030704 0
0.031353 0
0.460670 0
0.083778 0
0.315922 0
0.125875 0
1.252419 0
0.381831 0
0.367227 0
0.012193 0
0.042449 0
0.239262 0
0.170652 0
0.114860 0
0.266684 0
0.058328 0
0.655148 0
0.670716 0
0.363993 0
0.534344 0
0.292370 0
0.259775 0
0.055979 0
0.726550 0
2.197859 0
0.912484 0
0.559781 0
1.120624 0
0.076509 0
0.144464 0
0.113988 0
0.039800 0
0.404855 0
0.033242 0
0.662593 0
0.116322 0
1.390375 0
0.853347 0
0.916427 0
0.246522 0
0.223181 0
0.110719 0
0.342292 0
0.182751 0
0.061325 0
0.343540 0
0.318136 0
0.765850 0
0.062699 0
0.338303 0
0.321358 0
0.793743 0
0.011179 0
0.294194 0
0.325891 0
0.006806 0
0.542117 0
0.180428 0
0.203410 0
0.352897 0
0.932231 0
0.248334 0
0.202782 0
0.298846 0
0.785442 0
0.513015 0
0.605288 0
0.550608 0
0.138154 0
0.694909 0
0.091900 0
0.136095 0
0.108794 0
0.718334 0
0.112100 0
1.126336 0
0.895692 0
0.343922 0
0.176649 0
0.833436 0
0.969764 0
0.422375 0
0.017827 0
1.637865 0
0.119247 0
0.019186 0
1.175226 0
0.099022 0
0.608671 0
0.829542 0
0.075785 0
0.110156 0
0.325217 0
0.252215 0
0.180892 0
0.232176 0
0.691018 0
1.544240 0
0.185620 0
0.175186 0
0.299181 0
0.093883 0
0.215141 0
0.351309 0
0.904111 0
0.064479 0
0.020431 0
1.944692 0
1.470234 0
0.793808 0
0.151999 0
0.228456 0
0.697838 0
0.357669 0
0.223389 0
0.101396 0
0.690685 0
0.587587 0
1.448184 0
0.836625 0
0.270695 0
0.364136 0
1.149020 0
0.071581 0
0.232456 0
0.190830 0
0.112600 0
0.827902 0
0.834226 0
0.659462 0
0.040206 0
0.044669 0
0.578794 0
0.662564 0
0.093798 0
1.235910 0
0.382490 0
0.143101 0
1.407345 0
0.656009 0
0.560962 0
0.556809 0
0.096957 0
0.132251 0
0.604913 0
0.169815 0
0.363944 0
0.204679 0
0.220793 0
0.096523 0
0.131944 0
0.126880 0
0.116870 0
1.287351 0
0.337815 0
0.259737 0
0.617953 0
0.365655 0
0.540733 0
0.178370 0
0.253982 0
1.622809 0
0.167373 0
0.066065 0
0.643382 0
0.159910 0
0.947133 0
0.026037 0
0.575898 0
0.392181 0
0.468789 0
0.350712 0
1.015250 0
0.621597 0
0.244629 0
0.330317 0
0.247831 0
0.133789 0
0.559642 0
0.332338 0
0.623713 0
0.022077 0
0.444037 0
0.116547 0
0.874255 0
1.582356 0
0.571282 0
0.083997 0
0.808455 0
0.441594 0
0.413894 0
0.290987 0
0.219606 0
0.112013 0
0.044270 0
0.588536 0
0.152194 0
0.352294 0
0.241390 0
0.827647 0
0.145051 0
0.653418 0
0.359537 0
0.646625 0
0.024975 0
0.925777 0
0.094913 0
0.408324 0
0.552217 0
1.306247 0
0.788319 0
0.025061 0
0.445218 0
0.770030 0
1.361532 0
0.155028 0
0.595318 0
0.257838 0
0.354365 0
0.593462 0
0.736462 0
0.404943 0
0.012778 0
0.287510 0
1.516086 0
0.285622 0
0.230724 0
0.022492 0
0.009827 0
1.380867 0
0.596852 0
1.224081 0
0.316654 0
1.410230 0
0.985415 0
0.942228 0
0.266755 0
0.570068 0
0.200919 0
0.269176 0
0.104949 0
0.508625 0
0.681594 0
0.355320 0
0.152347 0
1.339230 0
1.486578 0
0.530657 0
1.407456 0
1.902637 0
0.063471 0
0.392787 0
0.133074 0
0.104370 0
0.052457 0
0.212485 0
0.079230 0
0.313454 0
0.394100 0
0.287243 0
0.046314 0
0.058996 0
0.189592 0
0.190125 0
0.097606 0
1.422912 0
1.660869 0
0.376217 0
1.223432 0
0.212703 0
0.011657 0
0.282266 0
1.380174 0
0.247745 0
0.016792 0
0.289358 0
0.128696 0
0.151352 0
1.662171 0
0.092127 0
0.478793 0
0.596435 0
0.030040 0
1.467607 0
1.495381 0
0.064936 0
0.521459 0
0.143691 0
0.271662 0
0.028079 0
0.136335 0
0.732135 0
0.060743 0
0.802009 0
0.989317 0
1.387552 0
0.049684 0
0.126430 0
0.421254 0
0.703872 0
0.123312 0
0.627382 0
1.001078 0
0.127950 0
0.255534 0
0.656751 0
1.701626 0
0.218102 0
0.698229 0
0.274855 0
0.068615 0
0.193614 0
0.417531 0
0.790126 0
0.944684 0
0.165479 0
0.271201 0
0.388515 0
1.156090 0
0.637380 0
0.579351 0
0.532479 0
0.184493 0
0.292623 0
0.079340 0
0.741829 0
0.073429 0
0.022203 0
0.140448 0
0.186194 0
0.146626 0
0.071051 0
0.054154 0
1.389228 0
0.982416 0
0.061791 0
0.298392 0
0.332796 0
0.700651 0
0.232124 0
1.433561 0
1.128697 0
0.859620 0
0.301588 0
1.050060 0
0.024677 0
1.366480 0
0.050782 0
0.085216 0
0.278490 0
0.578198 0
0.162011 0
0.091597 0
0.324238 0
0.274425 0
0.505796 0
0.438682 0
1.363937 0
0.501322 0
0.615465 0
0.270466 0
0.313323 0
0.048170 0
0.551098 0
0.378427 0
0.130686 0
0.621907 0
0.823887 0
1.397712 0
0.023862 0
0.221847 0
1.191069 0
0.682890 0
0.705081 0
1.362283 0
1.310333 0
0.445961 0
0.677188 0
0.743887 0
0.318964 0
1.140200 0
0.141510 0
0.006574 0
0.796798 0
0.728133 0
1.378932 0
0.637625 0
1.375884 0
0.010102 0
1.162043 0
0.566463 0
0.867468 0
0.138096 0
0.217863 0
0.121038 0
0.022585 0
0.502067 0
0.319527 0
0.914739 0
0.971931 0
0.210147 0
0.489649 0
0.085683 0
0.499372 0
0.218780 0
0.904943 0
0.412501 0
0.868815 0
0.472615 0
0.257734 0
0.930834 0
0.165014 0
0.081404 0
0.484487 0
0.089958 0
0.921137 0
0.518739 0
1.433623 0
0.174216 0
0.154581 0
0.840783 0
0.788439 0
0.665446 0
1.208400 0
1.422409 0
0.234869 0
0.004674 0
0.110228 0
1.404097 0
0.255563 0
0.159401 0
0.079767 0
0.008235 0
0.495860 0
0.385569 0
0.654168 0
0.506540 0
0.005062 0
1.796451 0
0.577031 0
0.246552 0
0.505071 0
0.121603 0
1.539372 0
1.026090 0
0.646777 0
0.073971 0
0.151801 0
0.998332 0
0.090041 0
0.050716 0
0.543568 0
0.153319 0
0.064197 0
0.094123 0
0.045494 0
0.067362 0
0.185035 0
0.750349 0
0.849274 0
0.585874 0
0.052492 0
1.371305 0
0.300178 0
0.844431 0
0.055581 0
0.169974 0
0.580759 0
0.940483 0
0.405302 0
1.554268 0
0.715547 0
0.683241 0
1.661750 0
0.401570 0
0.755869 0
0.232975 0
0.257228 0
1.875575 0
1.459621 0
0.184738 0
0.128964 0
0.012087 0
0.067902 0
0.016988 0
0.199488 0
0.034733 0
0.049455 0
0.289298 0
0.872369 0
1.411140 0
0.770845 0
0.598984 0
0.252597 0
0.174115 0
0.017885 0
0.122786 0
0.207819 0
0.068949 0
0.220771 0
1.361174 0
0.195113 0
0.219186 0
0.132643 0
0.477891 0
0.868929 0
0.154443 0
0.246134 0
0.016890 0
0.191635 0
0.074738 0
0.387494 0
0.817398 0
0.155139 0
0.162397 0
0.350211 0
0.132994 0
0.369406 0
0.980437 0
0.528436 0
0.062030 0
1.575444 0
0.938477 0
0.339634 0
0.335295 0
0.232478 0
0.142383 0
0.081061 0
0.112099 0
0.488624 0
0.539116 0
1.399720 0
1.641591 0
0.316563 0
0.790851 0
0.444491 0
0.391062 0
0.350860 0
0.025730 0
1.508962 0
0.673459 0
0.192630 0
0.171624 0
0.207769 0
0.668219 0
0.280416 0
0.023328 0
1.287980 0
0.678513 0
0.298193 0
0.112848 0
0.311715 0
0.695209 0
0.581561 0
0.455090 0
0.855405 0
0.154474 0
0.099617 0
0.516090 0
0.065815 0
0.536445 0
0.069212 0
0.105271 0
0.638400 0
0.844868 0
0.886763 0
0.304814 0
0.067356 0
1.198915 0
0.758129 0
0.485910 0
0.447603 0
0.166555 0
0.256611 0
0.484749 0
0.010116 0
0.198870 0
0.344946 0
0.824550 0
0.718476 0
1.482388 0
0.145548 0
0.754917 0
1.421035 0
0.273497 0
0.406840 0
1.067590 0
0.818943 0
1.010277 0
0.149352 0
0.818217 0
0.924803 0
0.145616 0
1.517185 0
0.293579 0
0.624634 0
0.139499 0
1.062773 0
0.162972 0
0.697499 0
1.521830 0
0.469045 0
1.072880 0
0.628507 0
0.733807 0
0.762742 0
0.528099 0
0.211964 0
0.129811 0
0.130193 0
0.817109 0
0.127983 0
0.427063 0
0.277518 0
0.022522 0
0.543894 0
0.029823 0
0.162578 0
0.334008 0
0.759937 0
0.482823 0
0.049931 0
1.229905 0
1.394183 0
0.148662 0
1.612360 0
0.035687 0
1.696610 0
0.150296 0
0.176030 0
0.420812 0
0.917126 0
0.555790 0
0.724248 0
0.286455 0
0.678805 0
0.117922 0
0.045876 0
0.957409 0
1.350546 0
0.497397 0
0.194799 0
0.003333 0
0.492638 0
0.751287 0
0.423489 0
0.321098 0
0.123230 0
0.841029 0
0.228585 0
0.668497 0
0.630366 0
0.894699 0
1.756938 0
0.335258 0
0.178965 0
0.358944 0
0.508213 0
0.115981 0
0.377997 0
0.117439 0
0.738737 0
1.404834 0
0.064090 0
0.656332 0
0.224768 0
0.028400 0
0.385085 0
0.270914 0
1.081308 0
0.561332 0
0.127480 0
0.968166 0
1.204705 0
0.320505 0
0.314965 0
0.196848 0
1.177613 0
0.532956 0
0.090173 0
0.566197 0
0.317302 0
0.274330 0
0.069452 0
0.009155 0
0.228822 0
0.568992 0
0.534089 0
0.813024 0
0.501792 0
0.448800 0
0.230161 0
1.826762 0
0.692540 0
0.607889 0
0.044764 0
0.919310 0
1.646919 0
0.005574 0
0.524396 0
0.414502 0
0.012464 0
0.067131 0
0.603835 0
0.034856 0
0.086175 0
0.355250 0
0.267943 0
0.233746 0
0.334397 0
0.049657 0
0.695684 0
0.940797 0
0.124220 0
0.349155 0
0.124038 0
1.125659 0
0.408610 0
0.393101 0
1.531678 0
0.267610 0
0.101164 0
0.154235 0
0.064263 0
1.447217 0
0.935416 0
0.612753 0
0.373821 0
