0.232865 0
0.100127 0
0.780431 0
0.180742 0
0.444659 0
1.167249 0
0.347635 0
0.728749 0
1.078831 0
0.240797 0
0.656609 0
0.145270 0
1.009780 0
0.300975 0
0.507375 0
0.160127 0
0.546883 0
0.200139 0
0.225781 0
0.760064 0
0.551712 0
1.352466 0
0.223057 0
1.071177 0
0.381165 0
0.572187 0
0.521038 0
0.064726 0
0.314728 0
0.612750 0
0.123516 0
0.291700 0
0.381994 0
0.403727 0
0.500408 0
0.292943 0
0.255920 0
1.064000 0
0.376022 0
0.043286 0
0.200222 0
0.550904 0
0.709760 0
0.527895 0
1.653315 0
0.117363 0
0.042608 0
0.195154 0
0.174491 0
0.319913 0
0.498990 0
0.541482 0
0.281862 0
1.420832 0
1.419154 0
0.080304 0
1.120230 0
0.086264 0
0.001644 0
0.634572 0
0.369458 0
0.089589 0
1.684980 0
0.201973 0
0.142152 0
0.891169 0
0.118264 0
0.356768 0
0.434902 0
0.080597 0
0.746570 0
0.303115 0
0.448710 0
0.098642 0
0.620333 0
0.390503 0
0.165303 0
0.650450 0
0.075748 0
0.255317 0
1.422348 0
0.280029 0
1.586594 0
0.094664 0
0.015861 0
0.330230 0
1.406659 0
0.344582 0
0.092514 0
0.174730 0
1.074937 0
0.218353 0
0.853208 0
0.149295 0
1.395572 0
0.217510 0
0.577202 0
0.923368 0
0.015230 0
0.030607 0
0.745794 0
0.364712 0
0.172357 0
0.378917 0
1.564961 0
1.414107 0
1.391459 0
0.140908 0
0.081531 0
0.572681 0
0.197010 0
0.398416 0
0.498783 0
1.414186 0
1.092960 0
0.798189 0
0.322963 0
0.792095 0
0.875966 0
0.662853 0
0.143290 0
0.404395 0
0.449512 0
0.446894 0
0.655024 0
0.346809 0
0.513084 0
0.856883 0
0.217285 0
0.813353 0
0.465132 0
0.796017 0
1.216993 0
0.459792 0
1.381653 0
0.031202 0
0.107366 0
0.029174 0
0.062513 0
0.776595 0
0.758026 0
0.323903 0
0.381667 0
0.241961 0
0.061344 0
0.023540 0
0.329049 0
0.386919 0
0.464460 0
1.228205 0
0.756411 0
0.817387 0
0.080287 0
1.252729 0
0.146342 0
0.414985 0
0.017701 0
0.329784 0
1.491265 0
0.579354 0
0.006936 0
1.561271 0
0.275455 0
0.065743 0
1.098526 0
0.841753 0
1.395046 0
0.424409 0
0.681091 0
0.288916 0
0.922264 0
0.106180 0
0.152558 0
0.287279 0
0.118771 0
0.423695 0
0.198006 0
0.851479 0
0.073528 0
0.765207 0
1.032436 0
0.048148 0
0.900518 0
0.435274 0
0.184872 0
0.080809 0
1.082764 0
0.298534 0
1.375817 0
0.362586 0
0.551580 0
0.196446 0
0.100048 0
0.075381 0
0.430186 0
1.362985 0
0.077862 0
0.411733 0
0.663266 0
0.161756 0
0.385562 0
0.101358 0
0.547874 0
0.866768 0
0.736007 0
0.785984 0
0.123135 0
0.101287 0
0.375194 0
0.362342 0
0.150574 0
0.657851 0
0.143652 0
0.107814 0
0.457066 0
0.236697 0
1.098840 0
0.352568 0
0.358896 0
0.119837 0
0.738007 0
0.396587 0
1.457482 0
0.508332 0
0.497485 0
0.178056 0
0.176901 0
0.018005 0
1.050162 0
0.033986 0
0.012936 0
1.137841 0
0.543711 0
0.452358 0
1.675041 0
0.128552 0
0.002789 0
0.246116 0
0.907524 0
1.244810 0
0.079157 0
0.456061 0
0.344282 0
0.608570 0
0.922933 0
0.623912 0
0.779741 0
0.168019 0
0.192109 0
0.943620 0
1.362851 0
1.390884 0
1.381196 0
0.179560 0
1.003994 0
0.439467 0
1.708490 0
0.111724 0
0.090870 0
0.254735 0
1.835351 0
0.241190 0
0.381436 0
0.262778 0
0.061320 0
0.074629 0
0.038024 0
1.084937 0
0.575809 0
0.208635 0
1.286844 0
0.158607 0
0.027276 0
0.229299 0
0.257944 0
0.692229 0
0.238404 0
0.640017 0
0.395267 0
0.033955 0
0.167311 0
0.129839 0
0.328955 0
0.071901 0
0.591136 0
0.465895 0
1.825035 0
1.022205 0
0.066595 0
0.141724 0
0.136914 0
0.520223 0
0.306347 0
0.147115 0
0.552925 0
0.008999 0
0.694818 0
0.484646 0
0.570463 0
0.532861 0
0.095597 0
0.559518 0
0.047978 0
0.480653 0
0.472627 0
0.233166 0
0.365780 0
0.222564 0
0.060191 0
0.048394 0
0.012908 0
0.743970 0
0.477368 0
0.305106 0
0.930997 0
0.329124 0
0.448525 0
1.381556 0
0.981637 0
0.219833 0
0.343508 0
0.194178 0
0.649043 0
0.449120 0
0.584751 0
0.330023 0
0.354921 0
0.114221 0
0.642635 0
0.069053 0
1.375300 0
0.625247 0
0.262999 0
0.056089 0
0.455551 0
0.469828 0
0.392907 0
0.572735 0
0.323416 0
0.127249 0
0.188300 0
0.923010 0
1.277603 0
0.134564 0
0.007185 0
0.438278 0
1.135231 0
0.197940 0
0.617034 0
1.279466 0
0.159558 0
0.215178 0
0.890614 0
0.086801 0
1.456359 0
0.201112 0
0.256053 0
0.845835 0
0.086384 0
0.441747 0
0.339880 0
0.131414 0
0.038344 0
0.585357 0
0.074708 0
0.012418 0
0.938532 0
0.345072 0
0.381335 0
0.698419 0
0.640646 0
0.091631 0
0.938448 0
1.762012 0
0.039064 0
0.199992 0
0.511674 0
0.512262 0
1.206047 0
0.018205 0
0.408652 0
0.461263 0
0.831016 0
0.068454 0
0.603317 0
0.083950 0
0.817155 0
0.060786 0
0.315275 0
0.153960 0
1.131149 0
0.462810 0
0.287357 0
0.053610 0
0.087425 0
0.246991 0
0.398163 0
0.315561 0
0.479078 0
0.582651 0
0.030311 0
0.247154 0
0.216876 0
0.222174 0
0.471068 0
1.433256 0
0.010755 0
0.008153 0
0.159389 0
1.063034 0
0.041508 0
0.353197 0
1.543863 0
0.107816 0
0.258820 0
0.244884 0
0.006693 0
0.009704 0
1.009072 0
0.059386 0
0.565643 0
0.246955 0
0.548893 0
0.872174 0
0.242737 0
1.057489 0
0.232218 0
0.223680 0
0.892651 0
0.718496 0
1.454185 0
0.651516 0
0.189428 0
0.264096 0
0.826140 0
0.386295 0
0.354898 0
0.563136 0
0.155500 0
0.845428 0
1.200333 0
0.313768 0
0.431701 0
1.028138 0
0.124769 0
0.495284 0
1.001891 0
1.374796 0
0.443643 0
0.433148 0
0.637849 0
0.087287 0
0.606802 0
0.873555 0
0.078723 0
0.058413 0
0.965114 0
0.361249 0
0.151878 0
0.369545 0
0.604924 0
0.527498 0
0.376839 0
0.224821 0
1.408770 0
0.012635 0
0.973616 0
0.452842 0
0.216386 0
1.571593 0
0.688725 0
0.022261 0
1.723312 0
0.994875 0
0.687583 0
0.135412 0
0.051083 0
0.300420 0
0.374434 0
0.511933 0
1.404311 0
0.310614 0
0.031312 0
0.424792 0
0.334727 0
0.234321 0
0.123876 0
0.169790 0
1.000317 0
0.584467 0
0.089698 0
0.129470 0
0.215677 0
0.110511 0
0.524016 0
0.638274 0
0.340739 0
1.122225 0
0.112980 0
0.053922 0
1.172676 0
0.764647 0
0.400292 0
0.664327 0
1.145881 0
0.055370 0
0.121221 0
0.019237 0
0.617104 0
0.471136 0
0.671849 0
0.744875 0
1.004608 0
0.025636 0
0.434316 0
0.484996 0
0.297377 0
0.299249 0
0.109896 0
0.374372 0
0.142600 0
0.207038 0
0.861920 0
0.425077 0
0.489191 0
0.121960 0
1.313333 0
0.391464 0
0.660980 0
0.299414 0
0.021614 0
0.337765 0
0.256603 0
0.081137 0
0.007275 0
0.141887 0
0.316749 0
1.015654 0
0.168270 0
0.155985 0
1.016590 0
0.368394 0
0.591905 0
0.401674 0
0.281056 0
0.638124 0
0.959142 0
0.184387 0
0.637632 0
0.293430 0
0.115408 0
0.014014 0
0.297172 0
0.177582 0
0.079380 0
0.400198 0
0.094486 0
0.648536 0
0.136737 0
0.083815 0
0.295237 0
0.323077 0
0.473102 0
0.214137 0
1.247072 0
0.291985 0
1.402777 0
0.151259 0
0.322070 0
0.576264 0
0.531670 0
0.114929 0
0.130752 0
1.643293 0
0.140616 0
0.019081 0
0.283718 0
1.232298 0
0.047360 0
0.517404 0
1.579263 0
0.394623 0
0.340342 0
0.029913 0
1.740568 0
0.297806 0
0.188312 0
0.309377 0
1.174230 0
0.310152 0
0.032707 0
0.470635 0
0.149723 0
0.678571 0
1.074363 0
0.170616 0
0.603764 0
0.518772 0
0.283197 0
0.834267 0
0.779711 0
0.032625 0
0.509713 0
0.234214 0
0.227957 0
0.023104 0
1.428597 0
0.121663 0
0.151253 0
0.035575 0
0.083114 0
1.396598 0
0.176156 0
0.621530 0
0.023262 0
0.282759 0
0.092982 0
0.120726 0
0.914548 0
0.085078 0
0.710949 0
0.639155 0
0.929725 0
0.385943 0
1.075740 0
0.715224 0
0.067547 0
0.897277 0
0.724447 0
0.556852 0
0.308217 0
0.131056 0
0.049500 0
0.466010 0
0.471971 0
0.177654 0
0.483264 0
0.269987 0
0.408167 0
0.129231 0
0.070898 0
0.245763 0
1.272659 0
0.666705 0
0.114889 0
0.055963 0
0.257192 0
0.017357 0
0.322338 0
0.159243 0
0.178772 0
0.525375 0
0.144689 0
0.171987 0
0.176295 0
0.038789 0
0.176367 0
0.996431 0
0.337744 0
1.477400 0
0.352423 0
0.226909 0
0.015305 0
1.598808 0
0.110977 0
0.761571 0
0.175679 0
0.198243 0
0.115438 0
0.868615 0
0.011191 0
0.158150 0
0.541316 0
0.347295 0
0.070298 0
0.416181 0
0.560682 0
0.219313 0
0.058376 0
0.278790 0
0.530166 0
0.096077 0
0.092989 0
0.798275 0
0.260727 0
0.354582 0
0.188381 0
0.003023 0
0.287959 0
1.042267 0
0.919584 0
0.566146 0
0.644591 0
0.717802 0
1.135828 0
0.236814 0
0.520542 0
0.285673 0
0.695539 0
0.042449 0
0.116143 0
0.476650 0
0.205095 0
0.592692 0
0.079575 0
0.422955 0
0.217405 0
0.531874 0
0.309819 0
0.182696 0
0.079376 0
0.053090 0
1.393553 0
1.149184 0
1.272837 0
0.010425 0
0.159852 0
0.562725 0
0.608861 0
0.676607 0
1.361011 0
0.327825 0
0.160027 0
0.711331 0
0.205920 0
0.614519 0
1.669450 0
0.563147 0
0.039890 0
0.711051 0
0.070535 0
0.239662 0
0.470700 0
0.427493 0
0.223225 0
0.230308 0
0.213340 0
0.176016 0
1.310159 0
0.262101 0
0.172042 0
0.292805 0
0.525939 0
0.657701 0
0.183424 0
0.336740 0
0.050133 0
1.632375 0
0.424859 0
0.786147 0
0.016033 0
0.157330 0
0.218660 0
0.146085 0
0.073573 0
0.434992 0
0.315770 0
0.252766 0
0.937919 0
0.153595 0
0.353183 0
0.240109 0
0.171974 0
0.186670 0
0.188788 0
0.766628 0
0.544722 0
0.779928 0
0.177469 0
0.012570 0
0.318318 0
0.211454 0
1.285800 0
0.248702 0
0.340077 0
0.132376 0
0.087268 0
1.652125 0
0.114174 0
0.179338 0
0.440399 0
0.713201 0
0.450808 0
0.935340 0
0.149033 0
0.710902 0
1.329406 0
0.032637 0
0.675656 0
0.026440 0
0.428602 0
0.195503 0
0.010039 0
1.029057 0
0.106984 0
0.645724 0
0.009148 0
0.752678 0
0.008802 0
0.024044 0
0.216239 0
0.539643 0
0.956459 0
2.951818 0
0.195595 0
0.608852 0
0.098919 0
0.612516 0
0.119287 0
0.068536 0
0.517546 0
1.383096 0
0.163394 0
0.217413 0
1.254092 0
0.213758 0
1.184831 0
0.316083 0
0.543578 0
0.308444 0
0.206960 0
1.773512 0
0.547657 0
0.189339 0
0.440030 0
0.134969 0
0.037555 0
0.318420 0
0.270661 0
0.217613 0
0.149362 0
0.118693 0
1.003388 0
2.445323 0
0.061574 0
0.170844 0
0.494091 0
0.337337 0
0.810205 0
0.263821 0
0.218628 0
1.163563 0
0.043541 0
0.221606 0
0.013461 0
0.818353 0
0.679090 0
0.420891 0
0.265663 0
0.110938 0
0.278666 0
0.114220 0
0.487504 0
0.029654 0
0.406291 0
0.582250 0
0.265381 0
0.014884 0
1.197761 0
0.030568 0
0.020434 0
0.404030 0
0.031206 0
0.034761 0
1.179764 0
0.147428 0
0.200943 0
0.630459 0
1.016133 0
0.002051 0
1.421016 0
0.635649 0
0.373673 0
0.110661 0
0.259607 0
1.026426 0
0.023017 0
0.416103 0
0.322337 0
0.075439 0
0.845244 0
1.175847 0
0.106823 0
0.176138 0
0.373750 0
0.238205 0
0.171141 0
1.664143 0
0.505810 0
0.295527 0
0.941405 0
0.262304 0
0.570552 0
0.814528 0
0.113158 0
0.177469 0
0.090098 0
1.230738 0
1.205824 0
0.586509 0
0.370203 0
0.597529 0
0.415126 0
0.142839 0
0.337629 0
0.473358 0
0.320850 0
1.655608 0
0.109210 0
0.438974 0
0.208623 0
0.176043 0
0.256445 0
1.750975 0
0.806302 0
0.133272 0
0.083078 0
0.108009 0
0.140099 0
0.607821 0
0.007206 0
0.637683 0
0.026258 0
0.047628 0
0.588576 0
0.281827 0
0.238396 0
0.163464 0
0.197854 0
0.680147 0
0.253318 0
0.915662 0
1.288334 0
0.556646 0
0.443119 0
0.459546 0
1.002998 0
0.257434 0
0.486795 0
0.484274 0
0.710965 0
0.455268 0
0.372481 0
0.601428 0
0.787684 0
1.297617 0
0.466409 0
0.974739 0
1.321054 0
0.067116 0
0.026448 0
1.460503 0
0.247832 0
0.288264 0
0.027403 0
0.098926 0
0.123026 0
0.313762 0
0.063144 0
0.968827 0
0.734821 0
0.150531 0
0.215402 0
0.392849 0
0.273434 0
1.284455 0
0.028651 0
0.658340 0
0.217196 0
0.404816 0
0.054105 0
0.086273 0
0.230963 0
0.199917 0
0.356514 0
1.424307 0
0.004941 0
0.870616 0
0.421004 0
0.768764 0
1.015319 0
0.713495 0
1.094975 0
0.033260 0
0.218452 0
0.555823 0
0.184403 0
0.190353 0
0.337822 0
0.652456 0
0.940470 0
0.208616 0
0.335730 0
1.090524 0
0.211230 0
0.511763 0
0.248438 0
0.128708 0
0.162460 0
0.249944 0
0.259475 0
1.420114 0
1.530182 0
1.497060 0
0.528760 0
0.194148 0
0.515889 0
1.653997 0
1.071534 0
0.644221 0
0.324147 0
0.610986 0
0.333662 0
0.128600 0
0.880762 0
0.362683 0
0.106119 0
0.669617 0
0.134638 0
1.437830 0
0.222216 0
0.211161 0
0.016332 0
0.046662 0
0.024539 0
0.159885 0
0.893182 0
1.362577 0
0.502940 0
0.736287 0
0.020310 0
0.308135 0
0.286323 0
0.070576 0
0.026010 0
0.572170 0
1.851519 0
1.477247 0
0.150445 0
0.539779 0
0.307302 0
0.067140 0
0.283634 0
0.181551 0
0.151984 0
0.067523 0
1.488805 0
0.769060 0
1.604621 0
0.608295 0
0.076204 0
0.779951 0
0.368677 0
0.693622 0
0.197964 0
0.008487 0
0.062252 0
0.139834 0
1.620642 0
0.628613 0
0.390404 0
0.411081 0
0.275905 0
1.150499 0
0.525018 0
0.166480 0
1.626729 0
0.998222 0
0.194154 0
0.457009 0
0.112707 0
0.297253 0
0.737672 0
0.069795 0
0.514987 0
1.150075 0
0.467823 0
0.299064 0
0.384268 0
0.158160 0
0.274388 0
0.277471 0
0.393836 0
0.819688 0
0.012075 0
0.728694 0
0.261662 0
1.402960 0
0.756787 0
0.023615 0
0.141364 0
0.098403 0
0.528266 0
0.143200 0
0.246596 0
0.348269 0
0.622818 0
0.658850 0
0.290693 0
0.048252 0
0.267677 0
0.014938 0
0.098841 0
0.041973 0
0.441906 0
0.283545 0
0.851619 0
0.195448 0
0.193231 0
0.783919 0
0.135594 0
0.022619 0
1.100146 0
0.388391 0
0.560831 0
0.135970 0
0.180918 0
0.585962 0
0.184630 0
0.741451 0
0.056103 0
2.344540 0
0.209931 0
0.027328 0
0.568073 0
0.032340 0
0.167317 0
0.399977 0
0.211736 0
0.343369 0
0.086326 0
1.129242 0
0.403145 0
0.965592 0
0.047583 0
0.106889 0
1.079455 0
0.159841 0
0.670674 0
0.125735 0
1.207592 0
0.202823 0
0.421307 0
0.088903 0
0.394786 0
0.207826 0
0.304937 0
0.435561 0
0.560611 0
0.154849 0
0.493959 0
0.182122 0
0.062943 0
0.490509 0
0.485324 0
0.747747 0
0.067978 0
0.606873 0
0.185544 0
0.029056 0
0.613301 0
0.817897 0
0.352169 0
0.398802 0
0.556325 0
0.124096 0
0.351301 0
0.186448 0
0.394029 0
0.095215 0
0.645637 0
0.747700 0
0.006033 0
0.514748 0
0.558042 0
0.026368 0
0.739001 0
0.239554 0
0.865765 0
0.190135 0
0.479823 0
0.411452 0
0.094577 0
0.160540 0
0.170444 0
0.036549 0
1.397248 0
1.149622 0
0.051163 0
1.037830 0
0.067220 0
1.243427 0
1.149085 0
0.580143 0
1.124236 0
1.532200 0
0.761563 0
0.862884 0
0.643572 0
1.412779 0
0.417010 0
0.200899 0
1.475123 0
0.696930 0
0.568887 0
0.349696 0
0.430078 0
1.844183 0
0.348702 0
0.158973 0
0.415136 0
1.414625 0
1.367607 0
0.099503 0
0.512287 0
0.636706 0
0.236885 0
0.141800 0
0.031320 0
0.109106 0
0.049242 0
0.307307 0
1.393703 0
0.146418 0
0.056545 0
0.118763 0
0.177265 0
1.214634 0
0.578802 0
1.025029 0
0.135798 0
0.817442 0
0.562270 0
1.727154 0
0.883485 0
0.143742 0
0.595216 0
0.670106 0
0.461034 0
0.083161 0
1.479755 0
1.064970 0
1.243292 0
0.930552 0
0.334217 0
0.519583 0
1.494004 0
0.808477 0
0.053353 0
0.414627 0
1.256065 0
0.580940 0
0.352181 0
0.559354 0
0.168772 0
0.374818 0
0.208295 0
0.044207 0
0.347729 0
1.217955 0
1.095884 0
0.419321 0
0.535837 0
1.449185 0
0.367297 0
0.203522 0
0.029861 0
0.369987 0
0.065516 0
0.508238 0
0.038089 0
1.158770 0
0.340674 0
0.306900 0
0.030546 0
0.267586 0
0.034545 0
0.590616 0
0.527338 0
1.052625 0
1.133570 0
0.260346 0
0.264625 0
0.588197 0
0.008263 0
0.544426 0
0.319695 0
0.546686 0
1.214189 0
1.008299 0
0.709618 0
0.034727 0
0.886322 0
0.500887 0
0.110819 0
0.493436 0
0.188626 0
0.173048 0
1.657187 0
0.036538 0
0.709891 0
0.596013 0
1.007939 0
0.397808 0
0.827624 0
0.354881 0
0.484759 0
0.180822 0
0.355982 0
0.011770 0
0.530728 0
0.915716 0
0.103815 0
0.074069 0
0.110261 0
0.867833 0
0.026240 0
0.247518 0
0.496385 0
0.535041 0
0.314970 0
0.146206 0
0.435159 0
0.906115 0
0.189365 0
0.466040 0
0.452488 0
0.132077 0
0.459344 0
0.113362 0
0.158356 0
0.130339 0
0.376295 0
0.087370 0
0.159625 0
0.255113 0
0.895400 0
0.568752 0
1.169697 0
1.072224 0
0.117791 0
0.117899 0
0.213070 0
0.492505 0
0.622360 0
0.786457 0
0.907435 0
0.270142 0
0.075873 0
1.194661 0
0.108073 0
0.810163 0
0.055714 0
0.181010 0
0.731417 0
0.051237 0
0.326582 0
0.038340 0
0.809235 0
1.215430 0
0.079083 0
0.294953 0
0.381275 0
0.292059 0
0.495416 0
0.833833 0
0.330221 0
0.041059 0
0.617704 0
1.086282 0
0.161768 0
0.051008 0
0.254448 0
0.492442 0
0.355000 0
0.113628 0
0.497935 0
0.582707 0
0.685804 0
0.251333 0
0.493061 0
0.808335 0
1.115702 0
0.031074 0
0.132213 0
0.087367 0
0.188719 0
0.098418 0
0.540752 0
0.045544 0
1.809707 0
0.865318 0
0.323041 0
0.205721 0
0.023803 0
0.912484 0
0.258499 0
0.179533 0
0.059751 0
0.173062 0
0.170772 0
1.411447 0
1.369041 0
0.225512 0
0.065287 0
0.725053 0
0.185987 0
0.046624 0
0.808920 0
0.384631 0
0.552678 0
0.385905 0
0.234952 0
0.170669 0
0.464468 0
0.177734 0
0.239595 0
0.026196 0
1.363877 0
0.180474 0
0.900884 0
0.464950 0
1.151315 0
0.629478 0
0.458999 0
0.413336 0
0.178925 0
0.421632 0
0.721694 0
0.314157 0
0.974911 0
1.549806 0
0.338013 0
0.571085 0
0.159136 0
0.729330 0
0.405604 0
0.183481 0
0.342763 0
0.097076 0
0.250698 0
0.292768 0
0.771300 0
0.173761 0
0.048279 0
0.948793 0
1.905298 0
1.485932 0
0.465550 0
0.169015 0
0.517318 0
0.754668 0
0.188138 0
0.210278 0
0.559080 0
0.719402 0
0.211767 0
0.684269 0
0.392529 0
1.284068 0
0.917176 0
0.632038 0
0.036951 0
0.093673 0
0.195395 0
1.140484 0
0.908910 0
0.179481 0
0.448871 0
0.245245 0
1.143953 0
0.046854 0
0.136028 0
0.067718 0
0.345197 0
0.336331 0
0.194179 0
0.818061 0
1.178535 0
0.400557 0
0.149344 0
0.080663 0
0.646884 0
0.038762 0
0.299134 0
0.319724 0
0.113048 0
0.073050 0
0.202024 0
0.265303 0
0.176895 0
0.617546 0
0.225908 0
1.144165 0
0.108927 0
0.272846 0
0.374530 0
1.391184 0
0.743890 0
0.027329 0
0.524314 0
1.009863 0
0.418335 0
0.601620 0
0.068313 0
0.560897 0
0.474849 0
1.101453 0
0.101752 0
0.446362 0
0.137021 0
0.056399 0
0.068976 0
0.300784 0
0.081011 0
0.535989 0
0.166519 0
0.088654 0
0.356792 0
1.336531 0
0.531523 0
0.213973 0
1.074039 0
0.278877 0
0.904339 0
0.708350 0
1.436081 0
0.485100 0
0.022860 0
0.016994 0
0.083241 0
0.222769 0
0.108551 0
0.048393 0
0.225452 0
0.024058 0
0.205004 0
0.046673 0
0.059953 0
0.500100 0
0.212251 0
0.597722 0
0.444343 0
0.180071 0
0.333542 0
0.315811 0
0.284703 0
1.174689 0
0.928304 0
0.043808 0
1.057934 0
0.789293 0
0.930122 0
0.846901 0
1.002596 0
0.150703 0
0.493333 0
0.255269 0
1.447627 0
1.238156 0
0.207031 0
0.660807 0
0.501247 0
0.189298 0
0.071653 0
0.055961 0
0.412404 0
0.596042 0
1.374604 0
0.193349 0
1.553067 0
1.415800 0
1.542490 0
0.265816 0
0.080739 0
0.212708 0
0.882609 0
0.112916 0
1.473788 0
1.309655 0
0.631287 0
0.309528 0
0.768694 0
0.049508 0
0.772203 0
0.298046 0
0.138272 0
0.123403 0
0.890583 0
0.891906 0
1.045105 0
0.096454 0
0.387198 0
0.194864 0
0.707193 0
0.195741 0
0.080887 0
0.032068 0
0.324347 0
0.352465 0
0.222802 0
0.365864 0
0.416844 0
0.018233 0
0.127903 0
1.367516 0
0.128504 0
1.069360 0
0.211083 0
0.227911 0
0.628474 0
0.933922 0
0.093105 0
0.884395 0
0.204819 0
0.391976 0
0.665854 0
0.845372 0
0.054858 0
0.133641 0
0.967359 0
1.560162 0
1.336555 0
0.096254 0
0.195105 0
0.121209 0
0.338492 0
0.661383 0
0.912865 0
0.053158 0
0.206977 0
0.068503 0
0.359834 0
0.027958 0
0.685285 0
0.979990 0
0.262348 0
1.472517 0
0.065986 0
1.468543 0
0.268505 0
0.174109 0
0.170212 0
0.908387 0
0.297484 0
0.410841 0
0.230068 0
0.389020 0
0.084493 0
1.927536 0
0.279330 0
0.449304 0
0.009226 0
0.208905 0
0.320564 0
0.052905 0
0.523465 0
0.302320 0
0.277283 0
0.838191 0
0.484823 0
0.015013 0
1.152642 0
0.992524 0
1.263350 0
0.391901 0
0.267383 0
0.220587 0
0.486233 0
1.754221 0
0.387740 0
0.322335 0
1.165725 0
0.024543 0
0.040890 0
0.070134 0
0.066906 0
0.864456 0
0.525933 0
1.484661 0
0.293470 0
0.660932 0
0.275181 0
0.219492 0
0.598972 0
1.082494 0
0.533952 0
0.191527 0
0.103416 0
1.443585 0
1.149227 0
0.079650 0
1.001788 0
0.279281 0
0.097109 0
0.092296 0
0.206989 0
0.355408 0
0.251485 0
0.180624 0
0.271557 0
0.270919 0
0.284920 0
0.483901 0
1.459181 0
0.981702 0
1.817530 0
0.587890 0
0.150071 0
1.427243 0
1.385620 0
0.346068 0
0.130190 0
1.254684 0
0.715478 0
0.259418 0
0.824626 0
0.131130 0
0.037285 0
0.191067 0
0.126902 0
0.059333 0
0.281660 0
1.038404 0
0.075153 0
0.299150 0
0.041330 0
0.374211 0
0.076147 0
1.008100 0
0.390682 0
0.099950 0
0.064470 0
0.464982 0
0.011877 0
0.247780 0
0.323624 0
0.098810 0
0.578353 0
0.324155 0
0.393600 0
1.408423 0
0.932236 0
0.053573 0
1.374533 0
0.073953 0
0.259752 0
0.309191 0
0.846055 0
1.804426 0
0.224459 0
0.264084 0
1.141912 0
0.931571 0
0.311829 0
0.521438 0
1.061929 0
0.543892 0
0.593863 0
0.017010 0
1.583318 0
0.353748 0
1.323464 0
0.556083 0
0.855587 0
0.187527 0
0.122512 0
0.571872 0
0.047850 0
0.646647 0
0.905276 0
0.150838 0
0.020730 0
0.911812 0
0.341646 0
0.303093 0
0.110960 0
1.058558 0
0.206116 0
0.637072 0
0.240881 0
0.109619 0
0.593090 0
0.287780 0
0.003908 0
1.038869 0
0.273589 0
0.053370 0
0.049726 0
0.010342 0
0.091366 0
0.052248 0
0.444827 0
0.744536 0
0.389272 0
0.145632 0
0.708200 0
0.197316 0
0.831385 0
1.451337 0
1.006922 0
