0.371026 0
0.443143 0
0.295389 0
0.640762 0
0.325249 0
0.263130 0
0.068981 0
0.851326 0
0.636749 0
0.121049 0
1.002705 0
0.858676 0
0.302473 0
1.238445 0
0.372358 0
0.791730 0
0.263391 0
0.762982 0
0.230393 0
1.411216 0
0.346114 0
0.140906 0
0.421805 0
0.310939 0
1.478719 0
0.855591 0
0.199370 0
0.264780 0
0.110271 0
0.032958 0
0.609408 0
0.114720 0
0.307709 0
0.036731 0
0.333039 0
0.596227 0
1.441435 0
1.103074 0
0.817037 0
1.273154 0
0.745674 0
0.138329 0
0.496691 0
0.147205 0
1.335030 0
0.240968 0
0.009594 0
0.971253 0
0.105728 0
0.174028 0
0.514092 0
0.277478 0
0.444043 0
0.092273 0
0.471581 0
1.473347 0
0.837185 0
0.020307 0
0.207780 0
0.500906 0
0.027333 0
1.459184 0
0.410491 0
1.234205 0
1.373986 0
0.134853 0
