0.711944 0
1.413073 0
0.072523 0
0.838198 0
0.150916 0
0.323890 0
0.337218 0
0.109231 0
0.236844 0
0.399060 0
0.137633 0
0.037785 0
0.179278 0
0.226668 0
0.202933 0
0.266780 0
0.316485 0
1.324640 0
0.570274 0
0.065654 0
0.035704 0
0.554828 0
0.467644 0
0.011979 0
0.685769 0
0.211991 0
0.513130 0
0.198862 0
0.227888 0
0.123626 0
0.291399 0
1.323883 0
0.221394 0
0.121759 0
1.447587 0
0.529152 0
0.108259 0
0.573539 0
0.936934 0
0.660902 0
0.405992 0
1.591927 0
1.321469 0
0.223563 0
0.167349 0
0.896233 0
