0.622557 0
0.179197 0
0.454235 0
0.244522 0
1.108974 0
0.048915 0
0.607919 0
1.518753 0
0.148850 0
0.424155 0
0.596457 0
0.876366 0
1.777163 0
0.125790 0
0.613846 0
0.132152 0
0.592557 0
0.550715 0
0.439613 0
0.136050 0
0.333959 0
1.138489 0
1.188215 0
0.301972 0
0.497049 0
0.129940 0
0.629266 0
0.133994 0
0.087940 0
0.327762 0
0.215235 0
0.903385 0
1.512152 0
0.008584 0
0.237440 0
0.452884 0
0.242591 0
0.412922 0
0.176517 0
0.148294 0
0.576544 0
0.559773 0
0.218141 0
1.232316 0
1.053894 0
0.196721 0
0.311199 0
0.630026 0
0.101445 0
0.431482 0
0.023967 0
1.106926 0
0.254694 0
1.125311 0
0.046809 0
0.109657 0
0.132633 0
0.816261 0
