0.238307 0
0.982782 0
0.208673 0
0.387272 0
0.207646 0
0.660682 0
0.454281 0
0.342696 0
0.113546 0
1.040681 0
0.443163 0
0.264151 0
1.088832 0
0.517278 0
0.996903 0
1.129458 0
0.201059 0
0.891071 0
0.495927 0
0.608526 0
0.199048 0
0.041613 0
1.063957 0
0.231455 0
0.631217 0
0.733463 0
0.089544 0
0.420898 0
1.478935 0
0.484739 0
0.626232 0
0.635092 0
0.967648 0
1.033096 0
1.504650 0
0.247675 0
0.185206 0
0.089569 0
1.207607 0
1.478014 0
0.236828 0
0.562317 0
0.932217 0
0.136130 0
0.441280 0
0.302137 0
0.343004 0
0.441243 0
0.638176 0
0.089567 0
1.252575 0
0.016664 0
0.658476 0
0.044328 0
0.994991 0
