0.157480 0
0.615190 0
0.230415 0
0.894817 0
1.116240 0
0.127090 0
0.276336 0
0.493332 0
1.692834 0
1.462220 0
0.305010 0
1.002295 0
0.637571 0
1.372971 0
0.959376 0
1.513499 0
0.233027 0
0.492206 0
0.311000 0
0.281513 0
0.181152 0
0.159342 0
0.034485 0
0.055584 0
1.472156 0
0.863847 0
0.243474 0
0.071701 0
0.047412 0
0.231770 0
0.051700 0
0.494580 0
0.313136 0
0.104611 0
0.451648 0
0.734939 0
0.021722 0
1.336021 0
0.155758 0
0.257308 0
0.503646 0
0.275087 0
1.359505 0
0.076603 0
0.112541 0
0.504098 0
1.386750 0
0.508321 0
1.305907 0
0.352774 0
0.150233 0
1.549227 0
0.340926 0
0.391064 0
0.405770 0
0.110592 0
1.552607 0
