0.402809 0
1.375635 0
0.286167 0
0.123009 0
0.331028 0
0.209318 0
0.599572 0
0.102882 0
0.178923 0
0.553084 0
0.401407 0
1.049563 0
0.504566 0
0.540414 0
0.125817 0
0.296127 0
0.225991 0
0.290994 0
0.179907 0
0.727209 0
0.073180 0
0.042266 0
0.170454 0
0.524500 0
0.032538 0
0.092586 0
1.679803 0
0.376696 0
0.282529 0
1.184669 0
0.800560 0
0.261126 0
0.632178 0
0.117824 0
0.052650 0
0.503105 0
0.068890 0
0.595353 0
0.554019 0
0.655012 0
0.576344 0
0.197015 0
0.151929 0
0.047479 0
0.418400 0
1.366696 0
0.057045 0
0.385913 0
1.247582 0
0.024863 0
0.853093 0
0.988834 0
0.555216 0
0.018896 0
0.355733 0
0.286630 0
0.507641 0
0.386057 0
0.302577 0
0.187408 0
1.452771 0
0.111954 0
0.866356 0
0.706578 0
0.330156 0
0.054608 0
0.149605 0
