0.351356 0
0.881640 0
0.296090 0
0.587149 0
0.488072 0
0.463034 0
0.499844 0
0.105027 0
0.037901 0
0.386212 0
0.276564 0
0.111766 0
0.045111 0
0.272978 0
0.559435 0
0.212456 0
0.496715 0
0.246193 0
0.083013 0
0.130106 0
0.013111 0
0.579425 0
0.266641 0
0.170504 0
0.960799 0
0.073511 0
0.254931 0
0.601719 0
0.638296 0
0.186500 0
0.181187 0
0.112990 0
0.190414 0
0.353096 0
0.027676 0
0.155764 0
0.067129 0
0.045765 0
0.137740 0
0.402205 0
0.965077 0
0.270383 0
0.672842 0
0.754409 0
1.255859 0
0.246983 0
0.201868 0
0.358754 0
0.298037 0
0.390219 0
0.406598 0
1.293581 0
0.925370 0
0.446279 0
0.087678 0
0.310207 0
0.180112 0
0.174944 0
0.059235 0
0.024300 0
0.016442 0
0.404535 0
0.605861 0
0.502343 0
0.721114 0
0.966874 0
0.186903 0
