0.168644 0
1.383139 0
0.057883 0
1.080550 0
0.751804 0
0.226365 0
0.407314 0
0.020573 0
1.487059 0
0.891788 0
0.254561 0
0.146168 0
0.544152 0
0.292901 0
1.322585 0
0.247271 0
0.120656 0
0.595100 0
1.192911 0
0.662183 0
0.632400 0
0.463863 0
0.252471 0
0.565192 0
1.439491 0
0.139599 0
0.239570 0
0.535050 0
0.016774 0
0.718379 0
0.154380 0
0.324178 0
0.430832 0
0.545243 0
0.498242 0
0.084402 0
1.078096 0
1.419465 0
0.135511 0
0.845988 0
0.801828 0
0.086820 0
0.679283 0
0.007999 0
0.058784 0
0.241202 0
0.217873 0
1.372741 0
0.837381 0
1.603045 0
0.177595 0
0.253373 0
0.455714 0
0.343667 0
0.782999 0
0.311115 0
0.063118 0
0.146771 0
0.067885 0
1.213176 0
0.267088 0
0.080168 0
0.254715 0
0.869602 0
0.253929 0
0.198260 0
