1.391553 0
0.838548 0
0.177681 0
0.037038 0
0.981872 0
0.281639 0
0.473325 0
1.373899 0
0.787279 0
0.269643 0
0.022444 0
0.035245 0
0.714008 0
0.049818 0
0.091481 0
0.022856 0
0.817267 0
0.024451 0
0.120689 0
0.301020 0
1.108178 0
1.081530 0
1.038806 0
0.226540 0
0.707678 0
0.211549 0
0.492175 0
0.390462 0
0.986173 0
1.399759 0
0.139185 0
1.384495 0
1.448845 0
1.050881 0
0.331615 0
0.703122 0
0.011918 0
0.748274 0
0.591244 0
0.713272 0
0.010810 0
0.565820 0
0.835908 0
0.178412 0
0.402454 0
0.116123 0
0.516357 0
0.264153 0
0.441470 0
0.629077 0
0.477170 0
0.539178 0
0.043630 0
0.331864 0
