0.768750 0
0.055977 0
0.501009 0
1.428718 0
0.305629 0
0.435536 0
0.683591 0
0.285670 0
1.916463 0
0.877011 0
1.225421 0
0.541912 0
0.413188 0
0.224482 0
0.096367 0
0.786160 0
0.646642 0
0.217265 0
0.448220 0
0.213831 0
1.082547 0
0.394917 0
0.292114 0
0.267705 0
1.044119 0
1.265723 0
1.518023 0
0.091429 0
1.499042 0
0.135086 0
0.163810 0
0.145819 0
0.459509 0
0.336791 0
0.215077 0
0.171049 0
0.912141 0
0.099513 0
0.041354 0
0.057956 0
1.494770 0
0.301007 0
0.234278 0
0.063885 0
1.212918 0
0.774558 0
0.528329 0
0.320142 0
0.359464 0
1.010830 0
0.223800 0
1.154307 0
0.247222 0
0.851585 0
0.006154 0
0.456747 0
0.157378 0
0.051683 0
