0.208027 0
0.277110 0
0.417217 0
0.306007 0
0.486281 0
0.271642 0
0.822229 0
1.020267 0
0.370488 0
1.369056 0
0.944338 0
0.185961 0
0.206128 0
0.800237 0
0.451831 0
0.499115 0
0.733555 0
1.136158 0
0.121792 0
0.254664 0
0.861814 0
0.266418 0
0.029960 0
0.446155 0
0.219117 0
0.523597 0
0.181661 0
1.369622 0
0.310907 0
0.406959 0
0.714646 0
0.237829 0
0.276388 0
0.940116 0
0.219529 0
0.220566 0
0.229038 0
0.120826 0
0.237106 0
0.031495 0
0.260793 0
1.524669 0
0.920229 0
0.102376 0
0.012334 0
0.079133 0
0.213730 0
0.127563 0
0.375164 0
0.422529 0
0.339900 0
0.352009 0
0.534768 0
0.009393 0
0.570529 0
0.436506 0
0.522330 0
0.410661 0
0.582032 0
1.381277 0
0.052529 0
0.075931 0
