0.579297 0
0.278344 0
0.376891 0
0.206805 0
1.380355 0
0.453620 0
0.080865 0
0.119566 0
0.240681 0
0.428836 0
0.168042 0
0.518291 0
0.122432 0
0.182984 0
0.196205 0
0.059636 0
0.130287 0
0.164328 0
0.013501 0
0.028118 0
0.178492 0
0.622242 0
0.556002 0
1.251418 0
0.265996 0
0.199909 0
0.086478 0
0.011817 0
0.041104 0
0.685269 0
0.674545 0
1.366760 0
0.132312 0
0.856378 0
0.623279 0
0.030321 0
0.985330 0
0.449487 0
0.586312 0
0.020118 0
0.130772 0
0.966102 0
0.056145 0
0.197497 0
0.013315 0
0.061369 0
0.014553 0
0.198462 0
0.071219 0
0.159961 0
0.080694 0
1.548379 0
0.546671 0
1.387452 0
0.627249 0
0.731455 0
0.367761 0
0.095144 0
0.179806 0
