1.075944 0
0.118969 0
0.474320 0
0.049506 0
0.052017 0
0.313262 0
0.381020 0
0.544849 0
1.342303 0
0.346638 0
0.186989 0
0.571781 0
0.030704 0
0.152106 0
0.122758 0
0.171036 0
0.097052 0
0.334236 0
0.015507 0
0.393946 0
0.072668 0
1.018594 0
0.126383 0
0.772984 0
0.094957 0
0.461885 0
0.186178 0
0.811631 0
0.761334 0
0.051025 0
0.021320 0
0.379844 0
0.242850 0
0.229882 0
0.022434 0
0.106659 0
0.493342 0
1.078318 0
0.124078 0
0.311301 0
0.159041 0
0.532473 0
0.329958 0
1.437643 0
0.870558 0
0.589991 0
0.861753 0
1.722775 0
0.262615 0
1.138504 0
0.003151 0
0.547184 0
0.030959 0
0.236338 0
