0.116966 0
0.070855 0
0.450086 0
0.050269 0
1.602670 0
0.332022 0
0.243383 0
0.082292 0
0.055604 0
0.040150 0
0.081011 0
0.726760 0
0.228277 0
0.138642 0
0.420708 0
1.136476 0
0.670775 0
0.699326 0
0.378444 0
1.382385 0
0.753877 0
0.093530 0
0.077016 0
0.454593 0
0.113237 0
0.657805 0
0.138719 0
0.474854 0
0.278056 0
1.381249 0
0.211152 0
0.201144 0
0.302766 0
0.651448 0
0.065783 0
0.300076 0
0.741059 0
0.320735 0
0.172938 0
1.083087 0
0.416827 0
0.052206 0
0.509993 0
0.115153 0
0.369744 0
0.190974 0
0.382231 0
0.981591 0
0.031220 0
0.249129 0
0.122505 0
0.212646 0
