1.594938 0
0.075841 0
0.144172 0
0.092967 0
0.220414 0
0.117809 0
0.278257 0
0.026425 0
0.213911 0
0.442228 0
0.027442 0
0.930213 0
0.147706 0
1.381376 0
0.381140 0
0.051731 0
0.041045 0
0.424032 0
0.054065 0
0.077744 0
1.256276 0
0.727779 0
0.350777 0
0.586267 0
1.398977 0
0.123516 0
0.760156 0
1.119824 0
0.691128 0
1.392594 0
0.741862 0
1.155974 0
0.006336 0
0.447097 0
0.708490 0
1.187771 0
0.131098 0
0.616556 0
0.081338 0
0.423698 0
0.197712 0
0.255800 0
1.140653 0
0.586450 0
0.260009 0
0.220899 0
0.271346 0
0.137247 0
0.499607 0
0.871432 0
0.392236 0
0.772129 0
0.064705 0
0.221686 0
0.176802 0
0.379756 0
0.207317 0
0.341897 0
