0.166531 0
0.656833 0
0.752036 0
1.002089 0
0.820709 0
0.249061 0
0.191684 0
0.334092 0
0.154786 0
0.206534 0
0.074225 0
0.911202 0
0.116304 0
0.520379 0
0.240268 0
0.482444 0
1.858238 0
0.628499 0
0.020227 0
0.184869 0
0.400348 0
0.079341 0
0.325949 0
0.012305 0
0.035675 0
1.064680 0
1.193918 0
0.009074 0
1.056450 0
0.783803 0
1.178953 0
2.134969 0
0.713455 0
0.244464 0
0.597984 0
0.212894 0
0.321707 0
0.348915 0
1.578151 0
1.459947 0
0.618722 0
0.398563 0
0.375194 0
0.630813 0
1.194644 0
0.529878 0
0.548585 0
0.153903 0
0.138599 0
0.586397 0
0.245237 0
0.423327 0
0.012635 0
0.329705 0
0.181068 0
0.415970 0
0.403551 0
0.234448 0
0.409910 0
1.511467 0
0.202363 0
0.298830 0
0.198398 0
0.202271 0
1.210230 0
0.364010 0
1.427099 0
