0.717878 0
0.979346 0
0.192489 0
1.186335 0
0.056665 0
0.526752 0
0.058080 0
0.201906 0
0.229844 0
1.062106 0
0.183929 0
0.326920 0
0.437164 0
0.181313 0
1.367110 0
0.049508 0
0.828600 0
0.115125 0
0.178715 0
0.954891 0
1.230785 0
0.794002 0
0.118348 0
0.486777 0
0.098670 0
0.031764 0
0.201534 0
0.300161 0
0.347368 0
0.296079 0
0.353965 0
1.284906 0
0.315586 0
0.081506 0
0.136989 0
0.005200 0
0.059146 0
0.283522 0
0.910582 0
0.405238 0
0.538859 0
0.110056 0
0.794879 0
0.149619 0
0.073954 0
0.449494 0
0.204981 0
0.366189 0
0.064069 0
0.846292 0
0.056611 0
0.254732 0
0.325914 0
0.014022 0
0.383480 0
0.218490 0
0.146754 0
1.578038 0
1.751287 0
1.115666 0
0.170586 0
0.149152 0
0.059815 0
0.119014 0
0.214828 0
0.495418 0
0.094291 0
0.267662 0
0.402756 0
