0.370409 0
0.170850 0
0.180166 0
0.784448 0
0.897925 0
0.118186 0
0.085810 0
0.130746 0
1.037704 0
0.584786 0
0.138215 0
0.927406 0
0.284949 0
0.515550 0
0.270131 0
0.151102 0
1.439416 0
0.898107 0
0.544438 0
0.314400 0
0.194168 0
0.172360 0
0.020336 0
0.138399 0
0.690861 0
0.963570 0
0.013119 0
0.118410 0
0.607589 0
0.355260 0
0.083199 0
0.803535 0
0.229366 0
0.165023 0
0.150529 0
0.146620 0
0.351741 0
0.450846 0
0.447330 0
0.173544 0
0.792208 0
0.433449 0
1.175294 0
1.079308 0
0.103503 0
0.004188 0
1.492940 0
0.341477 0
1.431196 0
1.286026 0
1.045536 0
0.041613 0
0.183522 0
0.031514 0
0.081304 0
0.686855 0
0.117095 0
0.064878 0
1.037113 0
1.410795 0
1.361063 0
0.040890 0
1.531915 0
0.445995 0
0.488342 0
0.154596 0
0.385067 0
0.716393 0
