1.052319 0
0.174171 0
0.180438 0
0.654134 0
1.569339 0
0.738052 0
0.229930 0
0.427879 0
0.415617 0
0.029094 0
0.133643 0
0.291598 0
1.059639 0
0.104281 0
1.616509 0
0.322495 0
0.357707 0
0.569318 0
0.846089 0
0.480529 0
0.255542 0
0.221384 0
0.147208 0
1.063325 0
0.140681 0
0.142781 0
0.061252 0
0.020932 0
0.300821 0
0.146495 0
0.032297 0
0.050163 0
0.845669 0
1.198783 0
1.091488 0
0.163100 0
0.092335 0
0.988978 0
0.158778 0
0.101641 0
0.363600 0
0.052145 0
0.318211 0
1.488183 0
1.152232 0
1.097022 0
0.238818 0
0.083181 0
0.932227 0
0.198900 0
0.493971 0
0.104696 0
0.595423 0
0.176965 0
0.538151 0
0.477520 0
0.231659 0
