0.538130 0
0.136080 0
0.602785 0
0.056679 0
0.686164 0
0.281523 0
1.062537 0
1.129540 0
0.535328 0
0.163857 0
0.910741 0
0.106959 0
0.156596 0
0.783528 0
0.744228 0
0.227214 0
0.420590 0
0.895056 0
0.163165 0
0.120365 0
1.351938 0
0.364435 0
1.490789 0
0.586625 0
1.420541 0
0.335507 0
0.261672 0
0.449728 0
0.966938 0
1.324843 0
0.849414 0
1.166338 0
0.790598 0
0.582232 0
0.089552 0
0.888253 0
0.336848 0
0.094752 0
0.621839 0
0.152228 0
0.365252 0
0.533038 0
0.129657 0
0.431331 0
0.068149 0
0.224018 0
0.186907 0
0.340306 0
0.663770 0
0.420427 0
0.091716 0
0.175105 0
1.189865 0
0.048194 0
0.107553 0
0.728768 0
0.304505 0
0.497804 0
0.759983 0
0.089066 0
