0.466395 0
0.661519 0
1.520711 0
1.520696 0
0.942676 0
1.177678 0
0.101187 0
0.289251 0
1.103258 0
0.357610 0
0.012403 0
0.247456 0
0.829624 0
1.893646 0
0.091591 0
0.650037 0
0.209198 0
0.454810 0
0.026410 0
0.381613 0
0.120530 0
0.045408 0
1.214735 0
0.513130 0
0.724789 0
0.662465 0
0.205272 0
0.407963 0
1.190861 0
0.165427 0
0.329302 0
0.311580 0
0.694394 0
0.114607 0
0.183570 0
0.031315 0
0.293428 0
0.253621 0
0.541776 0
0.821018 0
0.586715 0
0.113362 0
1.681302 0
1.088988 0
0.023567 0
0.068398 0
0.016080 0
0.663167 0
