0.096324 0
1.269462 0
0.632285 0
0.239312 0
0.906883 0
0.249329 0
0.325834 0
0.341812 0
0.274841 0
0.044595 0
0.313893 0
0.890899 0
0.053362 0
0.419408 0
0.214835 0
0.442725 0
0.292739 0
0.311135 0
0.352356 0
1.827476 0
0.840251 0
0.069127 0
0.188418 0
0.079904 0
0.089283 0
0.769345 0
0.330457 0
0.279250 0
0.163776 0
0.175216 0
0.199804 0
0.792795 0
0.039923 0
0.194496 0
0.107072 0
0.506628 0
0.804933 0
0.692147 0
0.583783 0
0.073018 0
0.086954 0
1.276150 0
0.462765 0
0.288154 0
0.557131 0
0.113409 0
0.051244 0
0.105431 0
0.133925 0
0.120616 0
0.069018 0
0.339212 0
1.223581 0
0.357053 0
1.141049 0
0.178895 0
0.006571 0
