0.151282 0
0.113686 0
0.584996 0
0.188768 0
0.212567 0
0.543732 0
0.227504 0
0.423772 0
0.474260 0
0.186937 0
0.133483 0
0.540016 0
0.577395 0
0.340264 0
0.111489 0
0.491958 0
0.348683 0
0.130362 0
0.435321 0
0.330003 0
0.361249 0
0.060065 0
0.084628 0
0.020821 0
0.567217 0
1.304490 0
0.054374 0
0.635308 0
0.119507 0
1.374589 0
0.404787 0
0.088616 0
0.180326 0
0.014696 0
0.158398 0
1.258093 0
0.323087 0
0.755754 0
0.263930 0
0.627773 0
0.108353 0
0.073936 0
0.402997 0
0.005732 0
0.621111 0
0.243530 0
1.166361 0
0.432048 0
0.717075 0
0.692423 0
0.355835 0
1.370393 0
