0.069987 0
0.061339 0
0.073095 0
0.260210 0
0.426510 0
0.202850 0
0.211380 0
0.801815 0
0.417573 0
0.219682 0
0.801185 0
0.545847 0
0.787066 0
0.505986 0
0.139368 0
0.267864 0
0.058474 0
0.169724 0
1.482108 0
0.387177 0
0.320398 0
0.415383 0
1.256017 0
0.685732 0
0.338279 0
0.064917 0
0.531458 0
0.317704 0
1.223581 0
0.011351 0
0.491577 0
0.163177 0
0.152970 0
0.614900 0
0.379568 0
1.342441 0
0.699419 0
0.126602 0
0.067413 0
0.900987 0
0.175374 0
0.054536 0
1.387411 0
1.418324 0
0.261186 0
0.124073 0
0.571838 0
0.609302 0
0.386583 0
0.001748 0
0.416215 0
0.770819 0
0.114474 0
0.758576 0
0.790608 0
0.005373 0
0.242152 0
0.982168 0
1.369201 0
0.392002 0
0.696209 0
0.328519 0
0.002383 0
0.206792 0
1.360829 0
0.223433 0
