1.608709 0
1.804915 0
0.230492 0
1.504855 0
0.383246 0
0.252473 0
0.284314 0
0.654074 0
0.768210 0
1.787329 0
0.962710 0
0.408064 0
0.144053 0
1.774863 0
0.106491 0
0.640078 0
1.406038 0
0.208712 0
0.372144 0
0.400210 0
0.408139 0
0.079089 0
1.055979 0
1.019654 0
1.209570 0
0.086111 0
0.147679 0
0.616407 0
0.478046 0
0.295188 0
0.197620 0
0.295276 0
0.645572 0
1.123669 0
0.005527 0
0.346639 0
0.296173 0
0.209495 0
0.452398 0
0.009412 0
0.334032 0
1.133252 0
0.337025 0
0.071664 0
0.228881 0
1.381652 0
0.061641 0
1.288563 0
0.131166 0
0.439498 0
0.271192 0
1.366913 0
0.151914 0
0.620737 0
0.008987 0
0.056913 0
0.220578 0
1.286700 0
0.206265 0
0.373418 0
1.188458 0
