1.205589 0
0.191315 0
0.197038 0
2.115694 0
0.165109 0
0.111889 0
0.084793 0
0.660597 0
0.086760 0
0.429670 0
0.609780 0
0.820199 0
1.087523 0
0.013682 0
0.216020 0
0.022465 0
0.312731 0
0.097414 0
0.305508 0
0.030990 0
0.586025 0
0.819734 0
1.466982 0
0.605601 0
0.063828 0
0.095698 0
0.153275 0
1.214410 0
0.157413 0
0.853400 0
0.206995 0
0.290993 0
0.054686 0
0.211301 0
1.201227 0
0.010373 0
1.149889 0
0.240460 0
0.194394 0
0.275616 0
0.065021 0
0.901686 0
0.049233 0
0.243747 0
0.532191 0
0.059871 0
0.633309 0
0.618431 0
0.380248 0
0.174322 0
0.269681 0
0.181015 0
0.305860 0
0.150448 0
0.139624 0
0.442485 0
0.064765 0
0.165627 0
0.983880 0
0.541363 0
