0.432237 0
0.205223 0
0.729364 0
0.215032 0
0.269650 0
0.474331 0
0.285844 0
0.454311 0
0.248642 0
0.163707 0
0.201299 0
0.873674 0
0.337159 0
0.036964 0
0.300186 0
1.256641 0
0.167304 0
0.126137 0
0.035293 0
0.063977 0
0.008874 0
0.090346 0
1.010307 0
0.135980 0
0.508113 0
0.337183 0
0.279556 0
0.845851 0
0.074494 0
1.068003 0
0.248152 0
1.118099 0
0.566764 0
0.426461 0
0.426322 0
0.230688 0
0.580777 0
0.109366 0
0.198180 0
0.860780 0
1.436588 0
0.044819 0
0.113990 0
0.863042 0
0.278744 0
0.647001 0
0.851589 0
0.582891 0
0.104319 0
0.007452 0
