0.400064 0
0.453647 0
0.690369 0
1.505050 0
0.757504 0
0.351393 0
0.337229 0
0.289759 0
0.505184 0
0.425000 0
0.924161 0
0.644815 0
0.253035 0
0.313278 0
1.061804 0
1.132479 0
0.467612 0
0.107939 0
0.764550 0
0.111392 0
0.203693 0
0.093643 0
0.391308 0
0.817524 0
0.048114 0
0.428134 0
0.032480 0
0.083874 0
0.063427 0
0.036627 0
0.031563 0
0.066768 0
1.129649 0
0.272907 0
0.481208 0
0.583277 0
0.524300 0
0.859070 0
0.287821 0
0.074137 0
0.739185 0
0.008640 0
0.213356 0
0.130704 0
0.876544 0
0.035282 0
0.027915 0
1.115461 0
0.507400 0
0.381888 0
0.138946 0
0.453435 0
0.021531 0
0.046325 0
0.082471 0
0.026854 0
0.540084 0
