0.293688 0
0.566946 0
1.388370 0
0.334750 0
0.059238 0
0.122852 0
0.078463 0
0.530361 0
0.714255 0
0.821627 0
0.650707 0
0.384134 0
0.630798 0
0.181929 0
0.339058 0
0.135507 0
0.320097 0
1.088795 0
1.729727 0
0.688736 0
0.866734 0
1.032241 0
0.351534 0
0.007320 0
0.706007 0
0.116112 0
0.138531 0
0.295709 0
0.210095 0
0.402597 0
0.018427 0
0.626076 0
0.116934 0
0.183429 0
0.145624 0
0.464502 0
1.289792 0
0.420160 0
0.431415 0
0.016527 0
0.451442 0
0.723883 0
1.496139 0
0.748092 0
0.097954 0
0.120800 0
0.048395 0
0.339334 0
0.114793 0
0.910787 0
0.761171 0
0.372517 0
0.016064 0
0.290059 0
0.144164 0
0.220815 0
0.376283 0
0.057044 0
0.624944 0
1.205131 0
0.122330 0
0.272129 0
0.545216 0
0.138310 0
0.691011 0
0.167305 0
0.018791 0
