0.713143 0
1.244794 0
0.055638 0
0.332327 0
0.236430 0
0.630854 0
0.757752 0
0.775593 0
0.669417 0
0.186544 0
1.383997 0
0.141074 0
1.427748 0
0.149093 0
0.757343 0
0.316218 0
1.248706 0
0.995701 0
0.165238 0
0.554661 0
0.441513 0
0.558276 0
1.627820 0
0.134009 0
0.022429 0
0.673362 0
1.430327 0
1.445355 0
0.059992 0
0.381225 0
0.551828 0
1.250969 0
0.699066 0
0.437962 0
0.161078 0
0.005160 0
1.720324 0
1.115401 0
0.385736 0
1.284188 0
0.442604 0
0.097276 0
0.748723 0
0.481225 0
0.282946 0
0.164945 0
0.133884 0
0.088827 0
0.017565 0
0.783194 0
0.539829 0
0.764538 0
0.019751 0
0.069022 0
0.437351 0
0.618124 0
1.369643 0
0.436320 0
0.253078 0
0.021753 0
0.666749 0
0.764480 0
