0.354069 0
1.341595 0
0.051513 0
0.569624 0
1.401241 0
0.136007 0
0.154078 0
1.450892 0
1.065515 0
0.023519 0
0.189411 0
0.029513 0
0.060213 0
0.479401 0
0.147879 0
0.772741 0
0.451051 0
0.875163 0
0.159265 0
0.333401 0
0.128501 0
1.310583 0
1.244609 0
0.070482 0
0.115190 0
0.106373 0
1.509622 0
0.919413 0
0.125110 0
0.736774 0
0.849422 0
0.432248 0
0.347167 0
1.468532 0
0.827896 0
1.408183 0
0.871266 0
1.186269 0
0.289686 0
0.580507 0
0.531856 0
0.192063 0
0.328973 0
1.557909 0
0.292906 0
0.009153 0
0.886029 0
0.147648 0
0.974668 0
0.289989 0
0.279196 0
0.813618 0
0.416254 0
0.203399 0
0.327773 0
0.058922 0
0.920030 0
1.262992 0
0.918904 0
0.130283 0
0.514199 0
0.006815 0
