0.542318 0
1.517102 0
0.656975 0
0.075298 0
0.035290 0
0.811973 0
1.376241 0
0.553812 0
0.084972 0
0.365880 0
0.098911 0
0.897797 0
0.638351 0
2.022251 0
0.071162 0
0.324435 0
0.083043 0
0.567280 0
0.215242 0
0.054716 0
0.417431 0
0.179811 0
0.058982 0
0.829459 0
0.628590 0
0.714307 0
0.178189 0
0.212786 0
0.842990 0
0.570034 0
0.127108 0
0.679663 0
0.279462 0
0.408221 0
1.603649 0
0.098106 0
1.132606 0
0.113176 0
0.357210 0
0.148553 0
0.317983 0
0.110762 0
0.183602 0
0.080779 0
0.419084 0
0.288546 0
0.079621 0
0.259748 0
0.656277 0
0.297275 0
0.221016 0
0.177132 0
1.430907 0
0.110636 0
0.519593 0
0.135440 0
0.146481 0
1.011259 0
0.544710 0
0.250822 0
0.026176 0
0.297857 0
0.078492 0
0.085907 0
