0.040260 0
0.716819 0
0.928520 0
1.082944 0
0.124312 0
0.047208 0
0.423888 0
0.082233 0
0.291654 0
0.493615 0
0.425174 0
0.562779 0
0.545023 0
0.269506 0
0.129197 0
0.332996 0
0.262562 0
0.721667 0
0.267431 0
0.656427 0
0.101915 0
0.364832 0
0.337328 0
0.278263 0
1.291758 0
0.976923 0
0.227975 0
0.382845 0
0.077328 0
0.404540 0
0.093010 0
0.127524 0
0.013515 0
0.337873 0
0.393174 0
0.627776 0
0.003701 0
0.019798 0
0.899765 0
0.003531 0
0.522809 0
0.408872 0
0.450831 0
0.061777 0
0.569578 0
0.360165 0
1.069571 0
0.221183 0
0.421812 0
0.075268 0
0.321167 0
0.515239 0
0.174080 0
0.112333 0
0.366986 0
0.609477 0
