1.314111 0
0.345144 0
0.684388 0
0.047185 0
0.060204 0
0.208581 0
0.650482 0
0.520787 0
0.719554 0
0.631753 0
0.218752 0
0.619778 0
1.040170 0
0.475537 0
1.067328 0
0.222052 0
0.636475 0
0.986853 0
0.413607 0
0.100370 0
0.262519 0
0.131355 0
0.261972 0
0.823861 0
0.404966 0
0.365844 0
0.751697 0
1.217601 0
0.443502 0
0.117864 0
0.166620 0
0.738878 0
1.206494 0
0.145911 0
0.232812 0
0.070548 0
0.403817 0
0.571731 0
0.672285 0
0.006045 0
0.048261 0
0.536496 0
0.130246 0
1.479258 0
0.151534 0
1.205393 0
0.630512 0
0.177363 0
1.355543 0
1.245524 0
0.965612 0
0.683044 0
0.433258 0
1.173840 0
1.468699 0
0.692969 0
0.451617 0
0.408808 0
0.364439 0
0.020192 0
0.173061 0
0.028509 0
1.007013 0
0.149036 0
1.443630 0
0.742226 0
0.103281 0
0.055511 0
