0.204262 0
0.184881 0
0.485624 0
0.760288 0
0.328928 0
1.137083 0
0.043029 0
0.315863 0
0.490034 0
1.063143 0
0.028001 0
0.079939 0
0.401025 0
1.082801 0
1.436979 0
1.091525 0
0.117514 0
0.862494 0
0.032217 0
0.225455 0
0.263237 0
0.695815 0
0.160662 0
0.101690 0
0.071673 0
0.208801 0
0.906563 0
0.231155 0
0.088874 0
0.540170 0
0.186943 0
0.272223 0
0.563972 0
0.215004 0
0.197844 0
0.140658 0
0.385113 0
0.492556 0
0.173631 0
0.688999 0
1.399969 0
1.360741 0
0.773256 0
0.485567 0
0.516481 0
0.324804 0
0.024422 0
0.004239 0
0.108596 0
0.036526 0
