0.768547 0
0.090406 0
0.931915 0
0.833803 0
0.157713 0
1.195732 0
0.246843 0
0.108072 0
0.589260 0
0.210488 0
0.097683 0
0.163358 0
0.231082 0
0.232568 0
0.042444 0
0.651992 0
0.731537 0
1.040139 0
0.637788 0
0.405508 0
0.768886 0
0.157713 0
0.837452 0
0.300328 0
0.026699 0
0.689903 0
0.184825 0
0.195760 0
0.587235 0
0.309817 0
0.266109 0
0.029228 0
0.316207 0
0.319995 0
0.333643 0
1.089866 0
1.027310 0
0.346926 0
0.368232 0
1.278709 0
0.434888 0
1.658499 0
0.174907 0
0.123196 0
1.436772 0
0.143154 0
0.530040 0
0.869694 0
0.363609 0
1.029108 0
0.297364 0
0.545783 0
0.511277 0
0.334522 0
0.386870 0
0.153416 0
0.727758 0
