0.963382 0
0.078830 0
0.639265 0
0.772511 0
0.169250 0
0.344348 0
0.545810 0
0.171849 0
0.832328 0
0.368873 0
0.315625 0
0.949163 0
0.742735 0
0.854346 0
0.940160 0
0.281526 0
0.542018 0
0.316880 0
1.068036 0
0.026697 0
0.805968 0
1.006347 0
0.018721 0
0.514538 0
1.106434 0
1.095799 0
0.445934 0
0.635731 0
0.023033 0
0.151031 0
0.340797 0
0.508107 0
0.270189 0
0.046088 0
1.093293 0
0.224724 0
0.395949 0
0.620988 0
0.588249 0
0.135652 0
0.068247 0
0.379994 0
1.496466 0
0.561525 0
0.130020 0
0.012285 0
0.810338 0
0.105186 0
1.007784 0
0.175331 0
0.023795 0
0.145279 0
0.055174 0
0.127783 0
0.129835 0
0.133719 0
0.322185 0
0.010327 0
0.221087 0
0.296734 0
0.726728 0
0.048938 0
