0.181593 0
1.412379 0
0.712256 0
1.499675 0
0.395796 0
0.163318 0
0.209425 0
0.053175 0
0.538571 0
0.860974 0
0.471195 0
0.519822 0
0.238567 0
0.078197 0
0.054289 0
0.605186 0
0.142859 0
0.906447 0
0.636105 0
0.241782 0
0.304391 0
0.689050 0
0.171046 0
0.064539 0
0.279935 0
0.577359 0
0.637694 0
0.494943 0
1.426931 0
0.963691 0
0.435685 0
0.251490 0
1.481355 0
0.140619 0
0.608543 0
0.006169 0
0.097858 0
0.281164 0
0.089325 0
0.667626 0
0.022129 0
1.161875 0
0.048200 0
1.057385 0
0.196853 0
0.034589 0
1.251714 0
0.543617 0
0.094961 0
1.311506 0
0.489553 0
0.345793 0
