0.654764 0
1.177930 0
0.435133 0
0.843788 0
0.993281 0
0.318324 0
0.927953 0
0.569044 0
0.933757 0
0.180575 0
0.245487 0
0.681145 0
0.322152 0
0.177713 0
1.084868 0
0.642237 0
1.183469 0
1.513255 0
0.602564 0
0.214937 0
0.179009 0
1.419935 0
0.497868 0
0.737568 0
1.190117 0
0.305812 0
1.158385 0
1.412493 0
0.715018 0
0.686238 0
0.446133 0
1.400296 0
0.857201 0
0.235718 0
0.067321 0
0.480857 0
0.334347 0
0.220378 0
0.004036 0
1.705920 0
1.195825 0
1.074993 0
0.205628 0
0.530455 0
0.644150 0
0.050990 0
0.624908 0
0.250413 0
0.177169 0
0.063063 0
0.311906 0
0.066385 0
0.412670 0
1.158510 0
0.384753 0
1.006078 0
0.643209 0
0.293181 0
0.000398 0
