0.888894 0
0.485033 0
0.218540 0
0.657390 0
0.234473 0
0.499104 0
0.191501 0
0.741696 0
1.098022 0
0.776984 0
0.887464 0
0.262562 0
0.270291 0
0.601583 0
0.089313 0
0.689401 0
0.274962 0
1.003673 0
0.976514 0
0.923341 0
0.205504 0
0.838831 0
0.087309 0
0.151749 0
0.919250 0
1.087079 0
1.748471 0
0.021454 0
0.608292 0
0.016834 0
0.495123 0
0.038996 0
0.011102 0
0.386320 0
0.278089 0
0.369868 0
1.396916 0
0.346129 0
0.732908 0
0.795897 0
0.366756 0
0.839184 0
0.133745 0
0.295688 0
0.374607 0
0.837463 0
1.259245 0
0.564021 0
0.347818 0
0.776360 0
0.329370 0
0.161089 0
0.382251 0
0.368875 0
0.342531 0
0.102914 0
0.727587 0
0.326233 0
1.197090 0
1.198509 0
0.787194 0
0.300437 0
0.031066 0
0.558492 0
0.828300 0
0.274429 0
0.857200 0
0.714299 0
0.123007 0
0.737046 0
