0.449376 0
0.350779 0
0.049566 0
0.554673 0
0.123006 0
0.859721 0
0.074528 0
0.700758 0
0.824351 0
0.025691 0
0.336718 0
1.521493 0
0.047804 0
1.378108 0
0.497032 0
0.878369 0
0.421281 0
1.062707 0
0.403313 0
0.618737 0
0.337898 0
0.719833 0
0.006638 0
0.041000 0
0.531794 0
0.186094 0
0.349758 0
0.408700 0
0.009071 0
0.092287 0
0.361445 0
1.055033 0
0.835850 0
1.411334 0
0.672679 0
1.227995 0
0.112940 0
0.957239 0
1.368806 0
0.297893 0
1.503431 0
0.501017 0
0.404326 0
1.098742 0
0.071842 0
0.988317 0
0.794925 0
0.173220 0
1.453709 0
0.238457 0
0.778103 0
0.161679 0
0.609971 0
0.040567 0
0.593039 0
0.080390 0
0.772355 0
1.796105 0
