0.321577 0
0.576804 0
0.213049 0
0.298251 0
1.240826 0
0.392472 0
0.276417 0
1.500467 0
0.120543 0
0.535906 0
0.289899 0
1.200018 0
0.066850 0
0.370281 0
0.028069 0
1.559481 0
0.112111 0
0.073917 0
0.591375 0
0.202282 0
0.182147 0
0.362461 0
1.334716 0
0.014031 0
0.360991 0
0.638398 0
0.397402 0
0.543376 0
0.613454 0
0.062468 0
1.017327 0
0.431216 0
0.207102 0
0.153794 0
0.189632 0
0.187244 0
1.542640 0
0.674548 0
0.656937 0
0.374085 0
0.100820 0
0.487598 0
0.683890 0
0.569235 0
0.102600 0
0.386924 0
0.246550 0
0.437773 0
0.201800 0
1.470758 0
0.265394 0
1.451524 0
0.299090 0
0.020825 0
0.260397 0
0.037962 0
0.049601 0
0.675546 0
0.073072 0
0.131336 0
0.255092 0
0.562762 0
1.272712 0
