0.250327 0
0.783665 0
0.614217 0
0.621393 0
1.553307 0
1.399125 0
0.095232 0
1.443322 0
0.735112 0
0.145268 0
0.259830 0
0.287643 0
0.435269 0
0.040746 0
1.286409 0
0.233952 0
0.694090 0
1.073021 0
0.284092 0
0.743150 0
0.035543 0
0.434547 0
0.278232 0
0.141120 0
0.215252 0
0.192960 0
0.522918 0
0.184113 0
1.003730 0
0.254309 0
0.073218 0
0.720478 0
0.043243 0
0.628384 0
0.328030 0
0.455670 0
1.104126 0
1.024067 0
0.682147 0
0.034980 0
0.879099 0
1.027793 0
0.723281 0
0.095075 0
0.045106 0
0.266270 0
0.369077 0
0.037682 0
1.012477 0
1.426848 0
1.093570 0
0.867141 0
0.277425 0
0.101054 0
0.398468 0
0.036992 0
0.210442 0
0.195516 0
0.442457 0
1.479993 0
