0.835929 0
0.818656 0
0.823158 0
0.260609 0
0.401413 0
0.462286 0
0.100253 0
0.913720 0
0.639083 0
0.524837 0
1.530620 0
0.446679 0
0.325399 0
0.334584 0
1.691453 0
0.051898 0
0.759888 0
1.108466 0
0.009422 0
0.372462 0
0.959432 0
0.387897 0
0.043107 0
0.278747 0
0.165592 0
0.266414 0
0.164218 0
1.002649 0
0.154530 0
0.134208 0
0.024372 0
0.060200 0
1.520217 0
0.382170 0
1.316401 0
0.374794 0
0.403674 0
0.306706 0
0.094370 0
0.689772 0
1.161720 0
0.627634 0
0.290866 0
0.041661 0
0.408573 0
0.132276 0
0.377143 0
0.177276 0
1.311280 0
0.347871 0
0.133584 0
0.069582 0
0.323290 0
0.079187 0
0.014961 0
0.289270 0
0.639703 0
0.441223 0
0.366247 0
0.230538 0
0.745883 0
1.420496 0
1.197072 0
0.080495 0
0.340163 0
