0.307390 0
0.234422 0
0.552081 0
0.238768 0
0.192332 0
0.577400 0
0.431471 0
0.972639 0
0.439479 0
0.923188 0
0.507541 0
0.392787 0
0.356197 0
0.046587 0
0.346162 0
0.630547 0
1.070016 0
0.175498 0
0.219978 0
0.038013 0
0.559179 0
1.363330 0
0.107234 0
0.469866 0
0.160734 0
1.326071 0
0.291924 0
0.755716 0
1.407826 0
0.387827 0
1.786524 0
0.308053 0
0.097728 0
0.646308 0
0.668897 0
1.359413 0
0.967147 0
0.854726 0
0.791604 0
0.235424 0
0.983320 0
0.497496 0
0.498071 0
1.068392 0
0.108063 0
0.002704 0
0.101385 0
0.511380 0
0.700373 0
0.296800 0
0.082544 0
1.112391 0
0.753707 0
0.462001 0
0.223868 0
0.045823 0
