0.465829 0
0.280328 0
0.060408 0
1.451588 0
0.347038 0
0.243429 0
0.178338 0
0.458325 0
0.254790 0
0.221604 0
0.111937 0
0.389833 0
0.719841 0
2.064302 0
1.394616 0
0.080849 0
0.488864 0
1.375430 0
0.257729 0
0.282264 0
0.139586 0
0.147186 0
0.206509 0
0.179973 0
0.343142 0
0.688220 0
1.256770 0
0.431354 0
0.257491 0
0.035280 0
0.554502 0
0.042804 0
0.937988 0
0.716184 0
0.273316 0
0.402567 0
0.737875 0
1.456038 0
0.332601 0
0.084553 0
0.059377 0
0.429752 0
0.043176 0
0.472475 0
0.096734 0
0.299138 0
1.244969 0
0.089113 0
0.021358 0
0.539624 0
0.352487 0
0.147021 0
0.831854 0
0.897157 0
0.858130 0
0.158427 0
0.320570 0
0.235431 0
0.377669 0
0.038564 0
0.051618 0
0.564148 0
0.340555 0
0.660880 0
0.012272 0
0.198867 0
0.029445 0
0.577650 0
0.889338 0
1.354977 0
0.077718 0
0.175283 0
0.259196 0
