0.111235 0
0.696167 0
0.172768 0
0.777287 0
0.712662 0
0.273355 0
0.242967 0
1.462497 0
0.982448 0
0.092654 0
0.474417 0
0.168240 0
1.059042 0
0.534924 0
0.583533 0
0.316505 0
0.481445 0
0.277597 0
0.181894 0
0.210677 0
0.046537 0
1.526165 0
0.842544 0
0.534465 0
0.240172 0
0.343529 0
0.258094 0
0.979405 0
0.622666 0
0.614277 0
0.199081 0
0.370488 0
0.680956 0
0.181808 0
0.055532 0
0.910660 0
0.802348 0
0.123848 0
0.015019 0
1.284460 0
0.463284 0
0.461140 0
0.088972 0
0.007677 0
0.245690 0
0.195628 0
1.386105 0
0.435048 0
0.073014 0
0.129310 0
0.305308 0
1.374183 0
0.327003 0
0.239710 0
1.058835 0
0.647786 0
1.755165 0
