0.163774 0
0.493253 0
0.073288 0
0.081589 0
0.413383 0
0.194426 0
0.464061 0
0.120902 0
1.341421 0
0.757746 0
0.709882 0
0.190736 0
0.801419 0
1.878002 0
0.387215 0
0.621058 0
0.047557 0
0.522241 0
0.058432 0
0.185751 0
0.765568 0
0.163075 0
1.306617 0
0.277137 0
1.392695 0
0.301670 0
0.139366 0
0.278919 0
0.017539 0
0.179874 0
0.797744 0
0.480068 0
1.000642 0
0.313667 0
0.430978 0
0.061815 0
0.042617 0
0.194283 0
0.956476 0
0.118143 0
0.193739 0
0.341119 0
0.855828 0
0.224692 0
0.269827 0
0.093202 0
0.148540 0
0.812936 0
1.000653 0
0.176244 0
1.618014 0
0.435508 0
0.119081 0
0.066504 0
0.005271 0
0.464831 0
0.209695 0
0.498340 0
0.186541 0
1.247805 0
0.770094 0
0.311868 0
