0.895994 0
0.297150 0
0.212649 0
0.260318 0
0.102007 0
0.159483 0
0.025877 0
1.453590 0
0.249638 0
0.083347 0
0.059593 0
0.186295 0
1.408955 0
0.077924 0
0.799612 0
0.232266 0
0.687021 0
0.510070 0
0.082499 0
0.287386 0
0.116578 0
0.067588 0
0.225620 0
0.215293 0
0.336818 0
0.250568 0
0.031146 0
0.030846 0
0.556341 0
0.049310 0
0.157220 0
0.085321 0
0.046966 0
0.004267 0
0.262547 0
0.031540 0
0.312513 0
0.708791 0
0.645420 0
0.066164 0
0.678143 0
1.074052 0
0.265325 0
0.610859 0
0.208989 0
0.652973 0
1.462775 0
0.186476 0
1.349687 0
1.376761 0
0.048609 0
0.136968 0
0.872304 0
0.014192 0
0.672785 0
1.414736 0
0.374883 0
0.022866 0
0.082406 0
1.378065 0
