0.670202 0
0.551358 0
0.689590 0
0.228274 0
0.228538 0
0.960569 0
0.492830 0
0.821032 0
0.121866 0
1.099823 0
0.549068 0
1.444365 0
0.632685 0
0.887234 0
0.188715 0
0.515004 0
0.052205 0
1.465749 0
0.129533 0
0.217979 0
0.170223 0
0.526867 0
0.334006 0
0.083081 0
0.079563 0
0.305648 0
0.016243 0
0.082031 0
1.383563 0
0.057893 0
0.247850 0
1.186018 0
0.838376 0
0.551439 0
0.125735 0
0.289776 0
0.121698 0
1.050190 0
0.027598 0
0.495739 0
0.514023 0
0.032983 0
0.309776 0
0.105438 0
0.191173 0
0.513854 0
0.168816 0
0.940367 0
0.230623 0
0.454987 0
