0.370402 0
0.342214 0
0.796566 0
0.504591 0
0.559450 0
0.202645 0
0.414918 0
0.052826 0
1.016039 0
0.304956 0
0.156405 0
0.412944 0
0.119587 0
0.669216 0
0.098247 0
0.065533 0
1.142608 0
0.104526 0
0.841122 0
0.966512 0
0.053720 0
0.076817 0
0.224464 0
0.058736 0
0.164524 0
0.215874 0
0.052887 0
0.103008 0
1.472635 0
0.037908 0
1.288666 0
0.287402 0
1.117060 0
0.203973 0
0.030287 0
0.053135 0
0.055424 0
0.216979 0
0.263883 0
0.736469 0
0.082321 0
0.469658 0
0.740148 0
0.194120 0
0.902860 0
0.023737 0
0.387767 0
0.183792 0
1.288489 0
0.169188 0
0.087608 0
0.337512 0
0.022640 0
0.366978 0
0.102925 0
0.220268 0
0.378263 0
0.153758 0
0.524172 0
0.342706 0
0.230455 0
0.254039 0
0.297044 0
1.277897 0
