0.350342 0
0.190631 0
0.231258 0
0.065884 0
0.280387 0
0.531379 0
0.540919 0
0.200228 0
1.697202 0
0.673304 0
0.532823 0
0.137004 0
0.253296 0
0.476563 0
0.393027 0
1.370288 0
0.913541 0
0.103359 0
0.310004 0
0.225435 0
0.702275 0
1.427449 0
0.518176 0
0.246441 0
0.600535 0
1.015620 0
0.952631 0
0.525761 0
0.119343 0
0.516453 0
0.075339 0
0.805902 0
0.693844 0
0.322846 0
1.405983 0
0.426433 0
0.527466 0
0.116488 0
0.145208 0
1.282664 0
0.015985 0
0.193774 0
0.303063 0
0.125347 0
0.037060 0
0.095445 0
0.299583 0
0.036817 0
0.294972 0
0.094592 0
1.093039 0
0.289957 0
1.736249 0
0.916870 0
0.380367 0
0.441576 0
0.516014 0
1.808230 0
