1.431821 0
0.205211 0
0.125255 0
0.683146 0
0.700443 0
0.602844 0
0.139504 0
0.250615 0
0.087013 0
0.093930 0
1.384909 0
1.034409 0
0.474022 0
1.563164 0
0.013995 0
0.105434 0
0.499463 0
0.639926 0
0.247594 0
0.761717 0
0.454074 0
1.196513 0
0.071273 0
0.357574 0
0.454603 0
0.086471 0
0.117468 0
0.034818 0
0.929941 0
0.359812 0
0.055249 0
0.420404 0
1.041853 0
1.393508 0
1.037814 0
0.465342 0
1.066471 0
0.368347 0
0.637157 0
0.510980 0
0.605748 0
0.411707 0
1.306042 0
0.446145 0
0.018067 0
0.269496 0
0.488406 0
0.787799 0
0.950432 0
1.497299 0
1.002828 0
0.950277 0
0.221503 0
1.487733 0
0.868738 0
0.604684 0
0.115436 0
0.284243 0
