0.219159 0
1.134706 0
0.491104 0
0.052717 0
0.092367 0
0.590149 0
0.692378 0
0.491105 0
0.756708 0
0.469102 0
0.095219 0
0.164065 0
0.081865 0
0.186853 0
1.296279 0
0.291359 0
0.792544 0
0.506303 0
0.111383 0
0.222039 0
0.298293 0
0.062927 0
1.618244 0
0.145481 0
0.626536 0
0.633327 0
0.336635 0
0.447625 0
0.473442 0
0.478780 0
0.363160 0
0.133500 0
0.351440 0
0.950960 0
0.245172 0
0.034075 0
0.215060 0
0.272845 0
0.178047 0
0.350139 0
0.270627 0
0.907116 0
0.546892 0
0.102090 0
1.667804 0
0.513617 0
0.002587 0
0.069479 0
0.207103 0
0.682420 0
0.168744 0
0.226990 0
0.490880 0
0.350470 0
0.796786 0
0.011941 0
0.055100 0
0.072471 0
