0.656315 0
0.416754 0
1.036168 0
0.236857 0
0.720635 0
0.211265 0
0.057025 0
0.413547 0
0.450086 0
0.527405 0
0.573659 0
0.278468 0
0.048433 0
0.165320 0
1.795709 0
0.298203 0
0.275704 0
0.515973 0
0.043650 0
0.305589 0
0.315159 0
0.071172 0
0.282066 0
0.187877 0
1.038784 0
1.578800 0
0.717066 0
1.350227 0
0.079611 0
1.465197 0
0.381749 0
0.087768 0
0.177608 0
0.062630 0
0.056835 0
0.240140 0
0.130569 0
0.249071 0
0.039832 0
0.616580 0
0.050804 0
0.027234 0
1.348574 0
1.401898 0
0.083563 0
0.241668 0
0.318223 0
0.026813 0
0.043314 0
0.033758 0
0.870434 0
0.353978 0
0.082472 0
0.326511 0
0.031003 0
1.498872 0
