0.189985 0
1.071860 0
0.506213 0
0.194254 0
0.439353 0
0.368642 0
0.217044 0
1.329039 0
0.076098 0
0.284964 0
0.056814 0
1.455331 0
0.595453 0
0.915942 0
1.164199 0
1.455327 0
0.948310 0
0.341885 0
0.822369 0
0.286821 0
1.094792 0
0.488738 0
0.180426 0
0.580471 0
0.212491 0
1.490738 0
0.178814 0
0.406735 0
0.299078 0
0.593133 0
0.744451 0
0.025152 0
0.067433 0
0.343145 0
0.063660 0
0.713670 0
0.016276 0
0.175928 0
0.423360 0
0.202361 0
0.732156 0
0.503064 0
0.242942 0
0.406420 0
0.030974 0
0.526764 0
0.100336 0
1.363031 0
0.011129 0
0.275711 0
0.161897 0
0.440823 0
0.488979 0
0.206215 0
0.054297 0
0.811132 0
0.242528 0
0.992700 0
0.261048 0
0.107915 0
0.418577 0
