0.462015 0
0.682986 0
0.488846 0
0.344124 0
0.325278 0
0.677480 0
0.355498 0
0.810964 0
0.700056 0
0.437989 0
0.717853 0
0.049815 0
0.925642 0
0.375605 0
0.160894 0
0.099504 0
1.130536 0
0.326048 0
0.140029 0
0.105511 0
0.945845 0
0.661256 0
1.394793 0
0.258331 0
0.138064 0
0.099264 0
0.179091 0
1.932861 0
0.047848 0
0.426896 0
0.866524 0
0.139678 0
0.805445 0
0.335715 0
1.400394 0
0.524405 0
0.999006 0
0.011296 0
1.210923 0
0.243076 0
0.069841 0
0.166655 0
1.151868 0
0.351383 0
0.473311 0
1.489778 0
0.151772 0
0.992109 0
0.910256 0
1.376329 0
0.028622 0
0.372248 0
0.363443 0
0.058336 0
0.213478 0
