0.388430 0
0.345889 0
0.582269 0
0.386882 0
0.127971 0
0.344149 0
0.452777 0
0.455570 0
0.280802 0
0.027102 0
1.436201 0
1.464601 0
0.109002 0
0.167587 0
0.303800 0
0.195462 0
0.027972 0
0.207417 0
1.106826 0
0.011365 0
0.572643 0
0.769238 0
0.061487 0
0.074235 0
0.861761 0
0.418116 0
1.330595 0
0.961321 0
0.213793 0
0.574254 0
0.351333 0
0.107230 0
0.379602 0
0.316250 0
1.466946 0
0.721556 0
1.111459 0
0.452860 0
0.368587 0
0.259171 0
1.332050 0
0.371088 0
0.472704 0
1.304457 0
0.642133 0
0.027528 0
0.712796 0
0.405756 0
0.694759 0
0.193622 0
0.055083 0
1.105788 0
1.216467 0
0.153171 0
0.328035 0
1.023471 0
0.086878 0
0.242309 0
1.354654 0
0.180581 0
1.237262 0
0.420641 0
0.387207 0
1.387068 0
0.013992 0
0.103516 0
0.223155 0
0.074044 0
