0.070464 0
0.769558 0
0.236445 0
0.434609 0
0.266469 0
0.034131 0
0.384039 0
2.036325 0
0.273662 0
0.638388 0
0.097465 0
0.098843 0
0.019084 0
0.193350 0
0.016220 0
0.573933 0
0.046925 0
0.479382 0
0.291049 0
0.297316 0
0.246483 0
0.346938 0
0.377674 0
0.487783 0
0.156134 0
0.297543 0
0.104860 0
0.681038 0
0.211790 0
0.325651 0
0.631406 0
0.133507 0
0.107764 0
0.452933 0
0.086450 0
0.207559 0
0.457990 0
0.849745 0
0.353012 0
0.287921 0
0.912745 0
0.206999 0
0.423328 0
0.013373 0
0.015742 0
0.389209 0
0.003792 0
0.119953 0
0.014532 0
0.445237 0
0.027569 0
0.441471 0
0.747080 0
1.125754 0
1.250392 0
1.621392 0
0.551698 0
0.259982 0
1.201443 0
0.036506 0
0.114241 0
0.101147 0
