1.582101 0
0.400641 0
0.715286 0
0.176438 0
0.423721 0
0.867035 0
0.550840 0
0.353574 0
0.053571 0
0.143033 0
1.374078 0
0.933271 0
0.764547 0
0.097673 0
0.098113 0
0.257845 0
0.140119 0
0.383329 0
0.104117 0
0.773782 0
0.918646 0
0.264855 0
0.573895 0
0.702585 0
0.803342 0
0.161802 0
0.322002 0
0.156897 0
0.055141 0
0.282689 0
1.015067 0
0.197010 0
0.867814 0
0.675331 0
0.223633 0
0.210571 0
0.624203 0
0.026656 0
0.589981 0
1.135656 0
0.350366 0
0.148304 0
0.798816 0
0.138806 0
0.094340 0
0.368702 0
1.534349 0
0.010695 0
1.416607 0
0.303430 0
