1.152427 0
1.173182 0
0.108475 0
0.179618 0
0.281475 0
0.838700 0
0.193270 0
0.260513 0
0.158098 0
0.877791 0
0.140616 0
1.190499 0
0.789570 0
0.676897 0
0.054119 0
0.159631 0
1.468402 0
0.721506 0
0.144892 0
0.337924 0
1.219473 0
0.694711 0
1.086403 0
0.032374 0
1.400638 0
1.052143 0
0.321386 0
0.088318 0
0.627129 0
0.185046 0
0.164280 0
0.130761 0
0.130002 0
0.325637 0
0.711496 0
0.217051 0
0.160028 0
0.695865 0
0.179137 0
0.063477 0
0.128381 0
0.143163 0
0.077953 0
0.048555 0
0.400486 0
0.406978 0
0.689013 0
0.222735 0
1.432844 0
0.224112 0
0.591920 0
0.338726 0
0.268380 0
0.126182 0
0.634756 0
0.144741 0
0.077603 0
0.843402 0
0.002153 0
0.092826 0
0.498664 0
0.080162 0
0.309969 0
0.888916 0
0.364775 0
