1.231779 0
0.087019 0
0.677610 0
0.024497 0
0.629985 0
0.062993 0
1.086043 0
0.016634 0
0.238691 0
0.477405 0
0.016287 0
0.092299 0
0.322948 0
0.424950 0
1.807694 0
2.947000 0
0.085697 0
0.434026 0
0.197332 0
0.400784 0
0.217451 0
0.354694 0
0.433289 0
0.068088 0
0.414155 0
0.433572 0
0.187860 0
0.269674 0
0.458263 0
0.123814 0
0.147534 0
0.085426 0
0.208512 0
0.287633 0
0.444937 0
0.363410 0
0.223741 0
1.246771 0
0.015890 0
0.533728 0
0.033696 0
0.032214 0
0.102038 0
0.053228 0
0.083004 0
0.414917 0
0.126463 0
0.072372 0
0.101856 0
0.286817 0
0.747938 0
0.428930 0
0.556659 0
0.223791 0
0.031864 0
0.032235 0
1.480781 0
0.133552 0
2.267961 0
0.171586 0
0.531227 0
0.166880 0
0.687779 0
0.384885 0
1.012697 0
0.363734 0
0.035423 0
0.798427 0
1.341824 0
0.213387 0
