0.297608 0
1.070220 0
0.670363 0
0.289952 0
0.935833 0
0.201990 0
0.583784 0
1.815168 0
0.162888 0
1.026504 0
2.144740 0
0.421963 0
0.324611 0
0.417514 0
0.343011 0
0.164730 0
0.515903 0
1.388406 0
0.017746 0
0.168058 0
0.235200 0
1.142254 0
0.533967 0
0.140481 0
0.009880 0
0.040831 0
1.475472 0
0.107736 0
1.534045 0
0.743774 0
0.469031 0
0.055914 0
1.478208 0
0.420036 0
0.111757 0
0.712064 0
1.409151 0
0.084098 0
0.794044 0
0.946580 0
0.672052 0
0.421652 0
0.050973 0
0.047148 0
1.015200 0
0.893250 0
0.184515 0
0.060810 0
1.526988 0
0.233203 0
1.065531 0
0.724604 0
0.260693 0
0.047522 0
0.273536 0
1.157729 0
