0.255923 0
0.233183 0
0.071159 0
0.038201 0
0.710296 0
0.935211 0
1.083082 0
0.855589 0
0.169408 0
0.192465 0
0.844176 0
0.071906 0
0.357451 0
0.042470 0
0.617917 0
0.063397 0
1.654854 0
0.806008 0
0.955031 0
0.062426 0
0.275050 0
1.037699 0
0.584143 0
0.040081 0
0.378827 0
0.680174 0
1.022642 0
0.014528 0
0.633927 0
0.028154 0
0.709416 0
0.055529 0
0.025166 0
0.139180 0
1.016646 0
0.268869 0
0.440456 0
0.232662 0
0.624201 0
0.063064 0
0.226738 0
0.064279 0
0.061181 0
0.046183 0
0.816298 0
0.147966 0
1.586615 0
0.134699 0
0.819578 0
0.015328 0
0.847286 0
0.266324 0
0.127500 0
