0.346296 0
0.401333 0
0.809933 0
0.132562 0
0.213381 0
0.506342 0
0.231299 0
0.257290 0
0.264169 0
0.205587 0
0.234848 0
0.455315 0
0.337497 0
0.279619 0
0.577747 0
0.277916 0
0.066234 0
0.123693 0
0.117303 0
0.683417 0
1.113834 0
0.969740 0
0.235749 0
1.275124 0
0.857936 0
0.036399 0
1.864529 0
0.224287 0
1.051024 0
0.815522 0
0.256278 0
0.518586 0
0.610499 0
0.214728 0
0.241051 0
0.302390 0
0.847681 0
0.143220 0
0.765705 0
0.325104 0
0.351451 0
0.501059 0
0.464009 0
0.101729 0
0.359194 0
0.251086 0
0.102232 0
0.503691 0
0.670747 0
0.526591 0
0.919105 0
0.677601 0
0.069405 0
0.705798 0
1.307371 0
0.142186 0
0.102371 0
0.528775 0
0.646830 0
1.342039 0
0.625137 0
