0.083753 0
0.755184 0
0.598593 0
0.605166 0
0.281544 0
0.918374 0
0.151090 0
0.060027 0
0.013724 0
0.137528 0
0.585361 0
0.074461 0
0.171298 0
0.245650 0
0.502894 0
0.913018 0
0.515020 0
0.009278 0
0.011690 0
0.554608 0
0.442926 0
0.035560 0
0.451253 0
0.333979 0
1.065979 0
0.194745 0
0.078129 0
0.065855 0
0.427705 0
0.226936 0
0.725141 0
0.075366 0
0.373594 0
0.205700 0
0.916007 0
0.421598 0
0.114722 0
1.447937 0
0.671036 0
0.068495 0
1.360355 0
0.208697 0
0.119358 0
0.068706 0
0.422731 0
0.208307 0
0.519469 0
0.225755 0
0.683873 0
