1.332530 0
0.174734 0
0.212469 0
0.894993 0
0.650225 0
1.084512 0
0.231308 0
0.054533 0
0.179025 0
0.346544 0
0.790438 0
0.445283 0
0.172032 0
0.339355 0
0.778994 0
0.227059 0
1.039551 0
0.087285 0
0.899491 0
0.098824 0
0.013610 0
0.042916 0
0.027537 0
0.364198 0
0.504435 0
0.838768 0
0.399387 0
0.313961 0
1.394514 0
0.348903 0
0.284500 0
1.154732 0
0.248519 0
1.441028 0
0.285483 0
0.252105 0
0.036603 0
0.894448 0
0.022511 0
0.342021 0
0.020048 0
0.645566 0
0.313631 0
0.652261 0
0.195533 0
0.215094 0
0.398146 0
0.128254 0
0.206917 0
0.063495 0
0.427299 0
0.023497 0
0.383512 0
1.204760 0
1.768960 0
0.027776 0
0.314060 0
1.541583 0
