0.971058 0
0.337743 0
0.521892 0
0.478790 0
0.219701 0
0.378923 0
0.101799 0
0.055391 0
0.898379 0
0.086975 0
0.570580 0
0.786520 0
0.180683 0
0.183362 0
0.324393 0
0.304268 0
1.299054 0
0.434150 0
0.581330 0
1.034657 0
0.457270 0
0.109112 0
0.377446 0
0.098825 0
0.226568 0
0.682865 0
1.498508 0
0.074805 0
0.573008 0
0.261225 0
0.077118 0
1.144414 0
0.749799 0
0.143146 0
0.183356 0
0.052045 0
0.290416 0
2.191319 0
0.639991 0
0.919117 0
0.239842 0
1.857838 0
0.436628 0
0.044216 0
0.297144 0
2.158867 0
0.422289 0
0.605955 0
0.058451 0
1.109954 0
0.619716 0
0.058278 0
1.069888 0
0.373501 0
0.033826 0
0.175190 0
0.054241 0
0.320702 0
0.043322 0
0.853156 0
0.147164 0
0.653103 0
0.054039 0
0.025255 0
