0.662770 0
1.120264 0
0.437650 0
0.316143 0
1.330132 0
0.739910 0
0.749431 0
0.060526 0
0.275007 0
0.568924 0
0.022557 0
0.335210 0
1.458428 0
0.162278 0
0.092722 0
0.512236 0
0.663161 0
0.259666 0
1.076175 0
0.034284 0
1.409369 0
0.429095 0
1.069293 0
0.420037 0
0.324964 0
0.091578 0
0.406821 0
0.663987 0
1.055988 0
0.070185 0
1.370853 0
0.493065 0
0.136398 0
0.139832 0
0.361674 0
1.370792 0
0.186244 0
0.128694 0
0.378740 0
1.159413 0
1.077732 0
0.155946 0
0.152782 0
0.576624 0
0.739208 0
0.369359 0
0.994286 0
0.502656 0
0.389277 0
0.258133 0
0.072816 0
0.846073 0
0.343793 0
0.244370 0
0.353154 0
1.052005 0
0.088318 0
0.657256 0
