0.529149 0
1.444920 0
0.223937 0
1.037340 0
0.320584 0
0.098524 0
0.249261 0
1.199603 0
0.950806 0
0.130479 0
0.372282 0
0.315140 0
0.350815 0
0.540941 0
0.690349 0
0.556230 0
0.303480 0
0.270378 0
0.667884 0
0.259535 0
0.011165 0
0.630130 0
1.644128 0
0.192115 0
0.117373 0
1.136704 0
1.067793 0
0.010329 0
0.621662 0
0.100793 0
0.634492 0
0.632744 0
0.183553 0
0.297208 0
0.267164 0
0.069479 0
0.121992 0
0.633056 0
0.062046 0
0.055597 0
0.645132 0
0.994318 0
1.465623 0
0.431863 0
0.046385 0
0.775397 0
0.153545 0
0.971081 0
0.530171 0
0.182608 0
0.362789 0
1.223713 0
0.235727 0
0.382025 0
0.032114 0
0.525828 0
1.592612 0
0.760144 0
0.336654 0
0.539319 0
