0.452693 0
0.522423 0
0.861485 0
0.267324 0
0.869777 0
0.182354 0
0.048314 0
0.309014 0
0.383754 0
0.055437 0
1.269589 0
0.192919 0
0.538914 0
0.088373 0
0.346428 0
0.084505 0
0.114274 0
1.106613 0
0.139274 0
0.062230 0
0.187421 0
0.367806 0
0.058408 0
0.186864 0
0.047291 0
1.706562 0
0.890673 0
0.148347 0
0.890153 0
1.448344 0
0.339532 0
0.167605 0
0.737570 0
0.029038 0
0.477034 0
0.419233 0
0.089677 0
0.104272 0
0.726386 0
0.024849 0
1.137940 0
0.406125 0
0.712665 0
0.015116 0
0.181177 0
1.457861 0
0.245690 0
0.091844 0
0.040131 0
0.186212 0
0.659395 0
0.046435 0
0.251147 0
0.932143 0
0.633647 0
0.514177 0
0.632654 0
0.728060 0
0.164620 0
0.000610 0
1.538264 0
