0.063681 0
0.785673 0
0.893401 0
0.387386 0
0.145685 0
0.328939 0
0.045954 0
0.326882 0
0.630784 0
0.112624 0
0.059531 0
0.358628 0
0.951552 0
0.223348 0
0.218644 0
0.025286 0
0.502781 0
0.230370 0
0.286622 0
0.258337 0
0.440616 0
0.933190 0
0.017769 0
0.065796 0
0.190387 0
0.135654 0
0.536460 0
0.913529 0
0.020148 0
1.275607 0
0.591657 0
0.809695 0
1.430580 0
1.271278 0
0.167911 0
1.600743 0
0.235888 0
1.388250 0
0.069892 0
0.071257 0
0.296482 0
0.200101 0
0.190683 0
0.436260 0
0.080854 0
0.176063 0
0.583842 0
0.507115 0
0.082470 0
0.188027 0
0.440121 0
0.258333 0
0.132961 0
1.550089 0
0.894822 0
0.680755 0
0.280831 0
1.685388 0
0.060744 0
0.508692 0
0.392078 0
