0.162608 0
0.418077 0
0.186564 0
0.112604 0
1.050723 0
0.523892 0
0.050409 0
0.206679 0
0.170623 0
0.601026 0
0.391345 0
1.174864 0
0.491461 0
0.287976 0
0.119319 0
0.111610 0
0.391210 0
0.252102 0
0.300234 0
0.037550 0
0.040959 0
0.018091 0
0.684446 0
0.319906 0
0.219732 0
0.506365 0
0.247217 0
0.038510 0
0.918214 0
0.504308 0
0.175734 0
0.384505 0
0.027586 0
0.323637 0
0.127971 0
0.275053 0
0.041657 0
0.060756 0
0.382947 0
0.314395 0
0.056976 0
0.157879 0
1.445942 0
1.503810 0
1.055276 0
0.283008 0
0.123384 0
0.388957 0
0.925177 0
1.253633 0
0.204291 0
