0.708014 0
0.838786 0
0.824160 0
0.229544 0
0.061431 0
0.542111 0
1.153846 0
1.219228 0
0.234670 0
0.422568 0
0.184929 0
0.830438 0
0.097650 0
0.963464 0
0.034300 0
1.202780 0
0.081374 0
0.749059 0
0.449811 0
0.208140 0
0.637538 0
1.134665 0
0.188824 0
0.193572 0
1.314924 0
0.237480 0
0.106341 0
0.358383 0
0.554204 0
0.292409 0
0.782273 0
0.241625 0
1.184587 0
0.149539 0
0.193369 0
0.623022 0
0.034675 0
1.356525 0
0.038299 0
0.655534 0
1.370425 0
0.031632 0
0.124963 0
0.004958 0
0.340873 0
0.187268 0
0.128226 0
0.225696 0
0.234526 0
1.598776 0
0.184309 0
0.966687 0
1.202899 0
0.002814 0
0.570192 0
0.179943 0
1.240949 0
0.753083 0
0.150831 0
0.099100 0
0.130626 0
0.466291 0
0.446326 0
0.134064 0
0.860501 0
0.449746 0
0.026939 0
0.799743 0
0.938341 0
0.152556 0
0.047498 0
0.395110 0
0.238986 0
0.906034 0
0.223185 0
