0.813206 0
0.256344 0
1.063472 0
0.847411 0
0.488366 0
1.562027 0
0.614682 0
1.395579 0
0.157173 0
0.052440 0
0.980824 0
0.049136 0
0.499042 0
0.270373 0
0.299473 0
0.119525 0
0.238388 0
1.513367 0
1.033496 0
1.677726 0
0.401208 0
1.002765 0
0.059545 0
0.215628 0
0.056359 0
0.170270 0
0.156175 0
1.499312 0
0.491723 0
1.452581 0
1.460966 0
0.420204 0
0.100732 0
0.706287 0
0.037050 0
0.483130 0
1.195395 0
0.040788 0
0.400212 0
1.048255 0
0.262614 0
0.723869 0
0.682599 0
1.765159 0
1.388037 0
0.154049 0
0.419134 0
0.733396 0
0.879949 0
0.051514 0
0.437851 0
0.590248 0
0.574805 0
0.449361 0
0.385655 0
0.162138 0
0.823571 0
0.293343 0
0.285932 0
0.466187 0
1.012709 0
1.375338 0
0.415404 0
0.062271 0
1.564287 0
0.120803 0
0.031285 0
0.183473 0
1.030528 0
0.777472 0
0.479129 0
0.212182 0
1.504808 0
0.036183 0
1.537686 0
0.170199 0
