0.321791 0
0.270998 0
0.067904 0
0.125981 0
1.139594 0
0.709578 0
0.350470 0
0.267755 0
0.051415 0
0.188248 0
0.802678 0
0.537746 0
0.039560 0
0.693463 0
0.183149 0
1.166782 0
0.339455 0
0.609936 0
0.030199 0
1.137963 0
0.273564 0
0.329428 0
1.248366 0
1.103018 0
0.629338 0
0.925653 0
1.327336 0
0.418061 0
1.158228 0
0.300223 0
0.461759 0
0.517458 0
0.393536 0
0.071016 0
0.154622 0
1.028451 0
0.437809 0
0.312830 0
0.293461 0
0.522803 0
0.417965 0
0.145758 0
1.429684 0
1.152345 0
0.373801 0
1.394953 0
1.460627 0
0.422300 0
0.375374 0
1.692841 0
0.002231 0
1.147730 0
0.604927 0
0.358658 0
0.117145 0
0.239475 0
0.782514 0
0.163345 0
0.264618 0
