0.216143 0
0.153044 0
0.640787 0
0.200333 0
0.145189 0
1.053884 0
0.158159 0
0.431749 0
0.076547 0
1.447983 0
1.258952 0
0.373909 0
1.104216 0
0.302285 0
0.158678 0
0.054789 0
0.368070 0
0.053610 0
0.419738 0
0.671736 0
1.765860 0
0.353847 0
0.835861 0
0.702696 0
1.022383 0
0.319228 0
0.393425 0
0.256582 0
0.507895 0
0.538924 0
1.016690 0
0.123643 0
0.469724 0
0.020800 0
0.641243 0
0.269202 0
0.560525 0
0.106967 0
0.565836 0
0.036854 0
0.228730 0
0.802093 0
0.220071 0
0.636208 0
0.054145 0
1.563354 0
0.277813 0
0.149218 0
0.240099 0
0.217232 0
0.003528 0
0.145583 0
0.025372 0
1.055405 0
0.161542 0
0.247115 0
0.406763 0
1.679108 0
0.802736 0
0.150403 0
0.398656 0
0.303697 0
