0.237783 0
0.747756 0
0.639596 0
0.231435 0
0.043308 0
0.297422 0
0.306796 0
0.465461 0
0.417801 0
0.291963 0
0.117051 0
0.151167 0
0.291761 0
0.413385 0
0.729175 0
0.056914 0
0.353543 0
0.052680 0
0.070585 0
0.042945 0
0.027460 0
0.263228 0
1.441036 0
0.073611 0
0.953647 0
0.102978 0
1.487961 0
0.144740 0
0.338118 0
0.421873 0
0.025630 0
0.285477 0
0.990897 0
0.895995 0
1.422843 0
0.834056 0
1.404469 0
0.538087 0
0.887929 0
0.771559 0
0.273514 0
0.290707 0
0.219551 0
0.366003 0
0.929383 0
0.074123 0
1.128960 0
0.069671 0
0.360730 0
0.710990 0
0.126290 0
0.436469 0
0.360761 0
1.524618 0
0.915652 0
0.343191 0
0.646249 0
0.339738 0
0.530995 0
0.073209 0
