0.756063 0
0.123249 0
0.060619 0
0.049015 0
0.556307 0
0.420175 0
0.088124 0
1.377073 0
0.079170 0
1.148276 0
0.238242 0
0.110746 0
0.189796 0
0.219092 0
0.906639 0
0.204231 0
0.355410 0
0.202142 0
0.201231 0
1.157836 0
0.376865 0
0.441528 0
0.148189 0
1.517290 0
0.079159 0
0.706362 0
0.392475 0
0.637599 0
0.048847 0
0.177077 0
0.742192 0
0.080091 0
0.714476 0
0.548918 0
0.637586 0
0.547698 0
0.671238 0
0.124106 0
0.709321 0
0.575215 0
0.235102 0
0.334305 0
0.023083 0
0.831064 0
0.105690 0
0.247231 0
0.680034 0
0.275008 0
1.140203 0
0.092863 0
0.139904 0
0.708086 0
0.454944 0
0.665331 0
0.126312 0
0.917757 0
1.178564 0
0.235750 0
0.036608 0
0.220003 0
0.456919 0
1.170503 0
