0.489867 0
0.691445 0
0.464489 0
0.059968 0
1.624808 0
0.592040 0
1.080397 0
1.517836 0
0.444817 0
0.321286 0
0.271349 0
0.960093 0
0.214784 0
0.474185 0
1.557740 0
0.233866 0
0.289400 0
0.856928 0
0.681745 0
0.401069 0
1.007038 0
0.407810 0
0.523769 0
0.251788 0
0.064391 0
0.582106 0
0.143823 0
1.014304 0
0.654926 0
1.068063 0
0.476729 0
1.397143 0
0.307737 0
0.307581 0
1.116475 0
0.227320 0
0.428429 0
0.297243 0
0.261950 0
2.367392 0
1.460273 0
0.505525 0
0.130041 0
0.104799 0
1.319102 0
0.040273 0
0.578164 0
1.383956 0
0.128250 0
1.097129 0
0.358159 0
0.342162 0
0.099751 0
0.239119 0
0.484834 0
1.415031 0
0.119632 0
1.216685 0
0.677391 0
0.320016 0
0.470971 0
