0.347830 0
0.543118 0
0.240219 0
0.606672 0
1.562743 0
0.413792 0
0.584157 0
1.027793 0
0.344852 0
0.302127 0
0.061483 0
0.713032 0
0.440675 0
0.532041 0
0.123334 0
0.419406 0
1.590145 0
1.202009 0
0.086978 0
0.698206 0
0.117264 0
0.532645 0
0.282535 0
0.307056 0
0.008369 0
1.538093 0
0.353499 0
1.088632 0
0.155677 0
0.917185 0
0.138158 0
0.889192 0
0.146818 0
1.356469 0
0.661588 0
0.624835 0
0.137428 0
0.020424 0
0.109147 0
0.404126 0
0.780324 0
0.028115 0
0.694367 0
1.408971 0
0.020944 0
1.052217 0
0.379144 0
0.040888 0
0.810921 0
0.095380 0
0.211918 0
0.237288 0
0.613523 0
0.824934 0
0.738972 0
0.132457 0
1.343415 0
0.142511 0
1.416416 0
0.768504 0
0.271673 0
0.066745 0
0.507310 0
0.676323 0
0.053454 0
0.185992 0
