0.091190 0
0.568973 0
0.800520 0
0.140227 0
0.295973 0
0.224976 0
0.062107 0
0.126755 0
1.063794 0
0.184313 0
0.718302 0
0.342092 0
0.478346 0
0.348728 0
0.118089 0
0.889042 0
0.066139 0
0.155166 0
0.111764 0
0.050105 0
0.131981 0
0.358216 0
0.066236 0
0.610053 0
0.329873 0
0.138794 0
0.880112 0
1.570545 0
0.734253 0
0.202896 0
0.450818 0
0.774630 0
0.551689 0
0.994201 0
0.824306 0
0.542047 0
0.227476 0
0.144935 0
0.320168 0
0.096733 0
0.093614 0
0.193031 0
0.914809 0
0.486005 0
1.411404 0
1.288643 0
0.184645 0
0.358994 0
0.408424 0
0.445134 0
0.466875 0
0.800118 0
0.453286 0
0.613091 0
0.900720 0
1.459572 0
0.329957 0
0.630666 0
1.073653 0
0.957542 0
0.079910 0
0.357578 0
0.027780 0
0.860897 0
1.623258 0
0.098096 0
0.629011 0
