0.102924 0
0.963702 0
0.654895 0
0.548801 0
0.335632 0
0.254474 0
0.038453 0
0.164859 0
0.619424 0
0.317509 0
0.152924 0
0.023155 0
0.183362 0
0.235256 0
0.742367 0
0.034211 0
0.535586 0
1.603366 0
0.429060 0
0.403421 0
0.184243 0
0.206164 0
0.525217 0
0.132868 0
0.423730 0
0.189322 0
0.510793 0
0.472336 0
0.235686 0
0.453732 0
0.372968 0
0.689445 0
0.779766 0
0.260686 0
0.496296 0
0.118666 0
0.024237 0
0.855709 0
0.162227 0
0.425150 0
0.388392 0
0.158807 0
0.475393 0
0.334542 0
0.718009 0
0.258391 0
1.493261 0
0.337399 0
0.186254 0
