1.035455 0
0.212026 0
0.246587 0
0.109277 0
0.117267 0
0.520572 0
1.417128 0
0.032635 0
0.930764 0
0.492503 0
1.435946 0
0.024676 0
0.064320 0
0.140084 0
0.085759 0
0.347393 0
1.123952 0
0.251180 0
0.050506 0
0.388852 0
1.229852 0
0.071367 0
0.280581 0
0.875132 0
0.372206 0
1.247169 0
0.267666 0
0.351743 0
0.741856 0
0.191306 0
0.320790 0
1.461684 0
0.669895 0
0.346213 0
0.596324 0
1.176532 0
0.111852 0
0.123925 0
0.476830 0
1.511628 0
0.057622 0
0.367244 0
0.510006 0
0.077681 0
0.292137 0
0.719620 0
0.126234 0
0.343834 0
1.219800 0
1.336638 0
0.361932 0
0.448276 0
1.249308 0
0.493121 0
0.185399 0
0.481394 0
1.373127 0
0.067945 0
0.175906 0
0.313356 0
0.249426 0
0.811188 0
0.055619 0
