0.614976 0
0.358432 0
0.230340 0
0.166919 0
1.258181 0
0.448436 0
1.359700 0
1.104064 0
0.106368 0
0.652370 0
0.218584 0
0.449820 0
0.431246 0
0.568621 0
0.786985 0
0.936827 0
0.746427 0
0.061032 0
1.174111 0
0.113872 0
0.141042 0
0.126050 0
0.519099 0
0.190630 0
0.566245 0
0.221606 0
0.080340 0
0.024668 0
0.398443 0
0.066986 0
0.007000 0
0.216209 0
0.135137 0
0.833192 0
0.237050 0
0.256507 0
0.065477 0
0.373696 0
0.904984 0
0.808636 0
0.302244 0
0.084779 0
0.544017 0
0.372715 0
0.095690 0
0.282491 0
0.234724 0
0.434812 0
0.041834 0
0.311145 0
0.056182 0
0.341925 0
0.160990 0
0.594828 0
1.400799 0
1.150028 0
0.416917 0
0.319209 0
0.501041 0
0.091175 0
1.256141 0
0.303908 0
0.706817 0
0.004260 0
