1.366427 0
0.699521 0
0.087779 0
0.372370 0
0.995166 0
0.885605 0
0.976888 0
1.018137 0
0.554439 0
0.555095 0
0.748158 0
0.203924 0
0.289067 0
0.047531 0
1.581078 0
0.487470 0
0.162371 0
0.314402 0
0.500665 0
0.667206 0
0.082968 0
0.534988 0
0.556828 0
0.213190 0
0.130711 0
0.570883 0
0.123172 0
0.394833 0
0.429806 0
0.053329 0
0.622254 0
0.248346 0
1.519059 0
0.058445 0
0.608572 0
0.035217 0
0.745230 0
0.364946 0
1.116802 0
0.186472 0
0.623670 0
0.372930 0
0.107957 0
0.810543 0
0.510343 0
0.080003 0
0.760523 0
0.378344 0
1.527000 0
0.469750 0
0.104893 0
0.038296 0
0.371381 0
1.356744 0
0.409873 0
0.202928 0
0.334802 0
1.065727 0
0.646203 0
0.758137 0
0.580542 0
0.689366 0
0.200333 0
0.454287 0
0.186206 0
0.328189 0
0.281003 0
0.121766 0
