0.238068 0
0.367040 0
0.035511 0
0.635850 0
0.088864 0
0.045445 0
0.418102 0
0.632760 0
0.121841 0
0.248965 0
0.436216 0
0.037896 0
0.394678 0
0.238161 0
0.684097 0
1.821968 0
1.196316 0
0.227633 0
2.147417 0
0.625007 0
0.213149 0
0.176659 0
1.495824 0
0.141454 0
0.276233 0
0.040130 0
0.015315 0
0.011875 0
1.384283 0
0.007538 0
0.979569 0
0.194100 0
0.378055 0
0.047518 0
0.052474 0
0.165018 0
0.202622 0
0.069753 0
0.885997 0
0.326151 0
0.798941 0
1.388688 0
0.700856 0
1.266818 0
0.974395 0
0.112476 0
1.060038 0
0.301395 0
0.797935 0
