0.210432 0
0.145998 0
0.202327 0
1.680457 0
0.359641 0
0.467233 0
0.110946 0
0.082675 0
0.355690 0
0.949709 0
0.844203 0
0.042452 0
0.127956 0
0.085893 0
1.982576 0
0.046171 0
0.182494 0
0.737900 0
0.450611 0
0.617217 0
0.735658 0
0.264458 0
0.412535 0
1.041150 0
0.746463 0
1.125625 0
1.013085 0
0.069906 0
0.471967 0
0.382237 0
0.199031 0
0.180626 0
0.192887 0
0.648379 0
1.386242 0
0.812686 0
0.351907 0
0.411938 0
0.169911 0
0.190047 0
1.349612 0
0.813283 0
0.502086 0
1.250153 0
0.326287 0
0.169139 0
0.489986 0
0.048805 0
0.479388 0
1.032943 0
0.642725 0
0.805871 0
0.444027 0
0.012502 0
0.501309 0
0.767683 0
0.169148 0
0.080631 0
0.041697 0
0.602396 0
0.241361 0
1.651102 0
1.121891 0
0.418023 0
0.869891 0
0.386801 0
0.024734 0
0.337687 0
0.720563 0
0.507824 0
0.024202 0
