1.463916 0
0.101455 0
0.219441 0
0.108979 0
0.694944 0
0.085598 0
1.472036 0
0.535990 0
0.095235 0
0.468084 0
1.286745 0
0.306367 0
0.438063 0
0.628703 0
0.464018 0
1.353285 0
0.291688 0
1.976090 0
0.703527 0
1.390440 0
0.377524 0
0.602003 0
0.984198 0
0.210518 0
0.121220 0
0.173540 0
1.168097 0
0.111631 0
0.090245 0
0.127801 0
0.621828 0
0.580567 0
0.522485 0
0.334510 0
1.610768 0
0.340040 0
0.925298 0
0.076211 0
0.153470 0
0.336802 0
1.368271 0
0.814786 0
0.926783 0
0.286357 0
0.113133 0
0.326575 0
0.309381 0
0.226239 0
0.277698 0
0.550215 0
0.958002 0
0.230740 0
