0.153346 0
0.247045 0
0.139154 0
0.048218 0
1.015254 0
0.829822 0
0.126674 0
0.898816 0
0.065110 0
0.514033 0
0.112834 0
0.048347 0
0.654956 0
0.204434 0
0.685503 0
0.057231 0
0.144340 0
1.387640 0
0.046213 0
0.206918 0
0.839076 0
0.055000 0
0.258524 0
0.786323 0
0.041714 0
0.705642 0
1.043232 0
0.019203 0
0.273246 0
0.927697 0
0.450157 0
0.792639 0
0.270378 0
0.128028 0
0.041508 0
0.061636 0
0.361610 0
0.276354 0
0.537579 0
1.459709 0
0.466785 0
0.158516 0
0.205588 0
0.238929 0
0.169693 0
1.114013 0
0.243750 0
0.402305 0
0.406915 0
0.485332 0
0.024552 0
0.282596 0
0.157623 0
0.168658 0
1.356016 0
0.184961 0
0.382667 0
0.016241 0
0.018389 0
0.028527 0
0.459325 0
0.520291 0
0.031048 0
0.173024 0
0.146564 0
0.949088 0
0.754161 0
0.653408 0
0.365157 0
0.555199 0
0.098760 0
