0.543457 0
1.632241 0
1.551586 0
0.234570 0
0.373590 0
0.318138 0
0.778459 0
0.794624 0
0.339747 0
0.530196 0
0.115156 0
1.466338 0
0.593157 0
0.362179 0
0.032746 0
0.328226 0
0.297300 0
0.779672 0
0.274539 0
0.174755 0
0.708362 0
0.109692 0
1.474695 0
0.221345 0
0.097149 0
0.278764 0
0.440176 0
1.412804 0
0.075906 0
0.879303 0
0.134725 0
0.041397 0
0.440999 0
0.641262 0
0.858182 0
0.769350 0
0.087462 0
0.464751 0
0.247394 0
0.151789 0
1.056032 0
0.206438 0
0.137268 0
0.605678 0
0.078786 0
0.566602 0
1.064501 0
1.630724 0
0.467426 0
0.664233 0
0.014247 0
0.006123 0
0.118379 0
0.100510 0
0.301273 0
0.975181 0
0.025398 0
0.334885 0
0.008155 0
1.376102 0
0.093569 0
0.064306 0
0.197471 0
0.482037 0
0.272386 0
0.944069 0
0.884052 0
0.196233 0
0.569472 0
0.083379 0
0.206593 0
0.162592 0
1.421134 0
1.132367 0
0.605120 0
