0.199609 0
0.232777 0
0.212957 0
0.110413 0
0.096278 0
0.408552 0
0.142064 0
0.435155 0
0.163051 0
0.292050 0
0.557370 0
0.148980 0
0.125817 0
0.917963 0
0.339045 0
0.159017 0
0.117034 0
0.554122 0
0.060360 0
0.166657 0
0.339666 0
0.142273 0
0.132605 0
0.089123 0
0.720417 0
0.078319 0
0.113606 0
0.198253 0
0.110407 0
0.041517 0
0.441513 0
0.634528 0
0.301029 0
0.656646 0
0.247278 0
0.189887 0
0.009080 0
0.195791 0
0.300035 0
0.032892 0
0.204994 0
0.070344 0
0.206154 0
0.101678 0
0.201325 0
0.233770 0
0.325847 0
0.010869 0
0.203082 0
0.222192 0
0.236342 0
0.265629 0
0.201203 0
0.275668 0
0.091803 0
0.058310 0
0.529096 0
0.057980 0
0.152361 0
0.137074 0
0.167865 0
0.006209 0
0.258747 0
0.008378 0
0.090686 0
0.027349 0
0.006249 0
0.010065 0
0.143598 0
