0.389256 0
0.165043 0
0.429043 0
0.077055 0
0.255526 0
0.406061 0
0.051166 0
0.299176 0
0.140104 0
0.347086 0
0.287728 0
0.988844 0
0.167134 0
0.308609 0
0.197951 0
0.175788 0
0.658954 0
0.425200 0
0.149207 0
0.206381 0
0.626389 0
0.011280 0
0.153866 0
0.161990 0
0.041194 0
0.229511 0
0.244216 0
0.249396 0
0.150954 0
0.440987 0
0.085027 0
0.026221 0
0.346971 0
0.121220 0
0.515110 0
0.469967 0
0.475384 0
0.252081 0
0.214552 0
0.407802 0
0.280126 0
0.337007 0
0.236769 0
0.495395 0
0.211143 0
0.274511 0
0.182579 0
0.101163 0
0.116991 0
0.148889 0
0.624958 0
0.267011 0
0.258101 0
