0.200067 0
0.237786 0
0.139430 0
0.043947 0
0.057208 0
0.291985 0
0.119125 0
0.245752 0
0.124063 0
0.327942 0
0.116829 0
0.180028 0
0.318237 0
0.131483 0
0.301642 0
0.023194 0
0.586265 0
0.103545 0
0.286697 0
0.607242 0
0.053813 0
0.256273 0
0.167496 0
0.129545 0
0.502023 0
0.621713 0
0.143339 0
0.109696 0
0.122452 0
0.211681 0
0.527059 0
0.132934 0
0.178593 0
0.158002 0
0.617289 0
0.096696 0
0.247915 0
0.135218 0
0.173199 0
0.411731 0
0.110882 0
0.273807 0
0.198224 0
0.143679 0
0.176948 0
0.230027 0
