0.107609 0
0.238506 0
0.521156 0
0.191842 0
0.407526 0
0.194815 0
0.196699 0
0.765828 0
0.117596 0
0.601759 0
0.170750 0
0.153218 0
0.488864 0
0.128277 0
0.196192 0
0.162233 0
0.568814 0
0.028383 0
0.069882 0
0.111785 0
0.138930 0
0.224480 0
0.548402 0
0.235624 0
0.256066 0
0.069023 0
0.257607 0
0.282898 0
0.089967 0
0.334537 0
0.348498 0
0.112973 0
0.290032 0
0.499600 0
0.566926 0
0.260120 0
0.327741 0
0.322866 0
0.068343 0
0.166073 0
0.027329 0
0.413438 0
0.294120 0
0.171582 0
0.101295 0
1.035389 0
0.219214 0
0.117426 0
0.271663 0
1.117436 0
0.614758 0
