0.196287 0
0.096976 0
0.252601 0
0.123750 0
0.076196 0
0.227829 0
0.314609 0
0.177205 0
0.063349 0
0.099927 0
0.136275 0
0.120858 0
0.081720 0
0.230824 0
0.178172 0
0.068605 0
0.191252 0
0.318594 0
0.517249 0
0.141250 0
0.073688 0
0.158610 0
0.269654 0
0.239175 0
0.245912 0
0.154893 0
0.130955 0
0.082238 0
0.208219 0
0.078582 0
0.134703 0
0.444564 0
0.137701 0
0.306482 0
0.147645 0
0.114061 0
0.209419 0
0.116864 0
0.126443 0
0.211862 0
0.069775 0
0.111084 0
0.008324 0
0.216374 0
0.089035 0
0.173321 0
0.141938 0
0.089789 0
0.246803 0
0.081691 0
0.073969 0
0.064113 0
0.101723 0
0.125176 0
0.432607 0
0.203497 0
0.135865 0
0.170056 0
0.076614 0
0.298325 0
0.254287 0
0.106107 0
0.111377 0
0.116260 0
0.081469 0
0.335292 0
0.190927 0
0.231057 0
0.081936 0
0.104391 0
0.088850 0
0.004592 0
0.094945 0
0.350477 0
0.450872 0
0.173304 0
0.100721 0
