0.121821 0
0.275555 0
0.101783 0
0.098934 0
0.192557 0
0.011073 0
0.031720 0
0.297405 0
0.074454 0
0.223228 0
0.161896 0
0.115764 0
0.075023 0
0.113993 0
0.981164 0
0.023372 0
0.130691 0
0.632091 0
0.204619 0
0.136449 0
0.087112 0
0.185453 0
0.028782 0
0.080454 0
0.157507 0
0.116430 0
0.152871 0
0.137733 0
0.113771 0
0.010862 0
0.134056 0
0.190052 0
0.083451 0
0.095870 0
0.030148 0
0.030951 0
0.026672 0
0.224015 0
0.059655 0
0.116851 0
0.455275 0
0.021884 0
0.081136 0
0.124033 0
0.225420 0
0.191958 0
0.099596 0
0.379547 0
0.024866 0
0.050990 0
0.011328 0
0.021399 0
0.416868 0
