0.097875 0
0.170972 0
0.081992 0
0.152185 0
0.205559 0
0.081857 0
0.088813 0
0.017971 0
0.047005 0
0.080921 0
0.237168 0
0.082951 0
0.084321 0
0.152417 0
0.182328 0
0.030523 0
0.091571 0
0.108981 0
0.111324 0
0.082630 0
0.244504 0
0.099692 0
0.253106 0
0.204786 0
0.124173 0
0.115979 0
0.133614 0
0.075714 0
0.154473 0
0.032624 0
0.163561 0
0.146611 0
0.009045 0
0.238028 0
0.043117 0
0.081985 0
0.107615 0
0.267492 0
0.085140 0
0.131895 0
0.113119 0
0.109072 0
0.085101 0
0.220969 0
0.085832 0
0.141121 0
0.099594 0
0.164118 0
0.141588 0
0.192316 0
0.006726 0
0.018400 0
0.086767 0
