0.141566 0
0.145156 0
0.181344 0
0.838755 0
0.299489 0
0.256329 0
0.225337 0
0.067007 0
0.070696 0
0.239892 0
0.616454 0
0.221476 0
0.339175 0
0.176604 0
0.284146 0
0.588655 0
0.114791 0
0.107196 0
0.464910 0
0.094468 0
0.499597 0
0.789734 0
0.019381 0
0.098523 0
0.116114 0
0.302302 0
0.502647 0
0.045097 0
0.323042 0
0.306349 0
0.070103 0
0.155555 0
0.072521 0
0.030039 0
0.024566 0
0.253248 0
0.727197 0
0.058566 0
0.135727 0
0.034459 0
0.127424 0
0.041988 0
0.531084 0
0.162552 0
0.245954 0
0.116463 0
0.042488 0
0.098959 0
0.036087 0
0.209643 0
0.168389 0
0.481463 0
0.136760 0
0.294417 0
0.308971 0
0.037983 0
0.133267 0
0.153443 0
0.095971 0
0.931563 0
0.269151 0
0.567796 0
0.022880 0
0.018247 0
0.095430 0
0.063348 0
0.288428 0
