0.117446 0
0.063629 0
0.191954 0
0.237276 0
0.101307 0
0.148621 0
0.102290 0
0.105365 0
0.068564 0
0.026420 0
0.237897 0
0.052993 0
0.229678 0
0.155392 0
0.144606 0
0.114408 0
0.072505 0
0.112030 0
0.204763 0
0.103049 0
0.404754 0
0.126919 0
0.103997 0
0.167225 0
0.137144 0
0.058362 0
0.186632 0
0.124934 0
0.145965 0
0.041289 0
0.024482 0
0.113497 0
0.137121 0
0.186097 0
0.105282 0
0.018879 0
0.110469 0
0.111245 0
0.156086 0
0.102325 0
0.225751 0
0.116489 0
0.180654 0
0.134347 0
0.191451 0
0.167580 0
