0.206062 0
0.231147 0
0.106209 0
0.136277 0
0.095125 0
0.113814 0
0.216544 0
0.038042 0
0.105982 0
0.217666 0
0.367102 0
0.213555 0
0.062020 0
0.275878 0
0.029749 0
0.269676 0
0.109134 0
0.114394 0
0.200298 0
0.320584 0
0.074408 0
0.145669 0
0.140501 0
0.120930 0
0.161274 0
0.194702 0
0.115437 0
0.112951 0
0.131117 0
0.167221 0
0.140230 0
0.126742 0
0.222510 0
0.190293 0
0.106910 0
0.024312 0
0.159368 0
0.356280 0
0.197338 0
0.231764 0
0.161610 0
0.142252 0
0.187491 0
0.248209 0
0.162682 0
0.104061 0
0.118625 0
0.086256 0
0.167866 0
0.113280 0
0.233221 0
0.065996 0
0.105343 0
0.027914 0
0.109069 0
