0.053571 0
0.153603 0
0.050717 0
0.231738 0
0.159624 0
0.053457 0
0.026956 0
0.097356 0
0.113264 0
0.194412 0
0.111383 0
0.118397 0
0.056246 0
0.045269 0
0.100272 0
0.092501 0
0.085871 0
0.125813 0
0.306798 0
0.044010 0
0.044441 0
0.111635 0
0.052460 0
0.054952 0
0.076834 0
0.237617 0
0.112849 0
0.045537 0
0.299969 0
0.310841 0
0.410632 0
0.070563 0
0.146836 0
0.190908 0
0.061203 0
0.047919 0
0.120493 0
0.027999 0
0.044591 0
0.165729 0
0.053185 0
0.358545 0
0.405982 0
0.113428 0
0.243452 0
0.384709 0
0.320008 0
0.082283 0
0.143406 0
0.015665 0
0.080694 0
0.274361 0
0.140619 0
0.053205 0
0.022252 0
0.128391 0
0.175913 0
0.140939 0
0.300263 0
0.051664 0
0.097863 0
0.097633 0
0.041851 0
0.229411 0
0.051419 0
0.223062 0
0.303005 0
0.325462 0
0.085542 0
0.222244 0
0.121185 0
0.848228 0
0.053573 0
0.407789 0
