0.185528 0
0.122200 0
0.268094 0
0.437465 0
0.073509 0
0.274930 0
0.349463 0
0.249571 0
0.216479 0
0.113692 0
0.417118 0
0.091402 0
0.117854 0
0.103692 0
0.244497 0
0.171856 0
0.070958 0
0.143953 0
0.303849 0
0.102273 0
0.746989 0
0.114350 0
0.313038 0
0.111796 0
0.124270 0
0.551920 0
0.540933 0
0.203822 0
0.063130 0
0.130663 0
0.061618 0
0.447483 0
0.271204 0
0.085780 0
0.084162 0
0.267104 0
0.079858 0
0.091974 0
0.083325 0
0.430813 0
0.128949 0
0.420065 0
0.241726 0
0.108665 0
0.123539 0
0.065044 0
0.100468 0
0.028130 0
