0.342530 0
0.074450 0
0.159439 0
0.160399 0
0.105993 0
0.159157 0
0.159509 0
0.096441 0
0.139715 0
0.089756 0
0.152147 0
0.085466 0
0.086186 0
0.149009 0
0.101016 0
0.231831 0
0.101334 0
0.101117 0
0.199707 0
0.166862 0
0.132802 0
0.071476 0
0.194142 0
0.228669 0
0.278495 0
0.190461 0
0.125757 0
0.178935 0
0.032394 0
0.198663 0
0.117854 0
0.146849 0
0.147328 0
0.109561 0
0.007388 0
0.043552 0
0.098542 0
0.123951 0
0.270589 0
0.221087 0
0.108039 0
0.173492 0
0.145670 0
0.080066 0
0.129858 0
0.080621 0
0.021160 0
0.290707 0
0.292932 0
0.007015 0
0.154833 0
0.083287 0
0.176547 0
0.087894 0
0.206990 0
0.090976 0
0.162006 0
0.080175 0
0.185092 0
0.063735 0
0.235172 0
0.119015 0
0.120520 0
0.104985 0
0.313286 0
0.186301 0
0.060638 0
