0.095034 0
0.068917 0
0.107831 0
0.098477 0
0.061974 0
0.068075 0
0.130401 0
0.088424 0
0.049980 0
0.117066 0
0.105105 0
0.177594 0
0.035498 0
0.131533 0
0.063657 0
0.071726 0
0.106193 0
0.188623 0
0.075474 0
0.075059 0
0.191024 0
0.071267 0
0.065149 0
0.290049 0
0.064078 0
0.189839 0
0.059614 0
0.084535 0
0.063410 0
0.190414 0
0.061048 0
0.137513 0
0.056948 0
0.079441 0
0.101249 0
0.182612 0
0.052684 0
0.090316 0
0.146547 0
0.122623 0
0.132609 0
0.119727 0
0.043072 0
0.159197 0
0.107556 0
0.098310 0
0.083129 0
0.113283 0
0.222090 0
0.040746 0
0.157872 0
0.029106 0
0.094681 0
0.078909 0
0.124070 0
0.073434 0
0.205226 0
0.250439 0
0.109097 0
0.024287 0
0.070320 0
0.335158 0
0.260298 0
0.093214 0
0.123489 0
0.146520 0
0.105395 0
0.065795 0
0.053158 0
0.200615 0
0.173036 0
