0.262391 0
0.084144 0
0.542450 0
0.111130 0
0.125974 0
0.279261 0
0.027753 0
0.119883 0
0.083201 0
0.272882 0
0.084470 0
0.417193 0
0.388681 0
0.436530 0
0.073628 0
0.289386 0
0.493621 0
0.255898 0
0.374573 0
0.097029 0
0.027297 0
0.408261 0
0.247506 0
0.050856 0
0.463471 0
0.273617 0
0.042597 0
0.228517 0
0.120792 0
0.116624 0
0.223625 0
0.200723 0
0.287472 0
0.330785 0
0.035902 0
0.335894 0
0.116199 0
0.019484 0
0.054928 0
0.095482 0
0.105478 0
0.311648 0
0.207278 0
0.059883 0
0.143837 0
0.118774 0
0.163069 0
0.194085 0
