0.061552 0
0.100825 0
0.071924 0
0.045520 0
0.191206 0
0.064288 0
0.057757 0
0.076738 0
0.090485 0
0.053703 0
0.082165 0
0.056311 0
0.051054 0
0.043598 0
0.051986 0
0.067210 0
0.077295 0
0.046689 0
0.084870 0
0.081273 0
0.010898 0
0.060398 0
0.047614 0
0.128981 0
0.096514 0
0.044104 0
0.092684 0
0.047179 0
0.052677 0
0.082355 0
0.061982 0
0.051302 0
0.058324 0
0.052481 0
0.048987 0
0.050882 0
0.045211 0
0.067865 0
0.052832 0
0.150993 0
0.008437 0
0.170958 0
0.066709 0
0.048305 0
0.038523 0
0.076537 0
0.059995 0
0.060113 0
0.070303 0
0.047171 0
0.084437 0
0.071539 0
0.059785 0
0.046876 0
0.046615 0
0.122698 0
0.056263 0
0.178911 0
0.053381 0
0.059028 0
0.090832 0
0.004885 0
0.068749 0
0.061993 0
0.022132 0
0.117493 0
0.091671 0
0.060224 0
0.046338 0
0.071413 0
0.056408 0
0.059472 0
0.047849 0
0.071053 0
0.094380 0
0.043138 0
0.057400 0
0.063121 0
0.045157 0
0.052965 0
0.063270 0
0.056653 0
0.079616 0
0.045837 0
