0.214543 0
0.515452 0
0.172038 0
0.113793 0
0.034093 0
0.034498 0
0.171279 0
0.030841 0
0.273754 0
0.056252 0
0.313498 0
0.029206 0
0.188557 0
0.099263 0
0.225036 0
0.047078 0
0.065012 0
0.015121 0
0.253588 0
0.168867 0
0.052467 0
0.044918 0
0.085346 0
0.068533 0
0.080409 0
0.047024 0
0.037872 0
0.022446 0
0.132660 0
0.253287 0
0.307614 0
0.131619 0
0.043512 0
0.255953 0
0.084183 0
0.044102 0
0.151401 0
0.033479 0
0.140384 0
0.029106 0
0.169497 0
0.110934 0
0.044545 0
0.061041 0
0.047373 0
0.066622 0
0.133996 0
0.014258 0
0.044965 0
0.137290 0
0.294216 0
0.024756 0
0.056215 0
0.052510 0
0.108206 0
0.083264 0
0.087184 0
0.272203 0
0.032131 0
0.123601 0
0.015815 0
0.183857 0
0.125766 0
0.048801 0
0.038463 0
0.070349 0
0.205462 0
0.081880 0
0.128602 0
0.092098 0
0.165317 0
0.120114 0
0.065424 0
0.072155 0
0.080961 0
0.344810 0
0.177739 0
0.194113 0
0.054525 0
0.047581 0
0.479896 0
