0.935744 0
0.358348 0
0.763179 0
0.553133 0
0.137702 0
0.411640 0
0.849012 0
0.307389 0
0.200493 0
0.381714 0
0.276777 0
0.173598 0
0.236632 0
0.688459 0
0.710200 0
0.049217 0
0.185803 0
0.048230 0
0.330656 0
0.146310 0
0.375840 0
0.288740 0
0.392759 0
0.594896 0
0.070715 0
0.075505 0
0.560285 0
0.273238 0
0.150145 0
0.077958 0
0.026524 0
0.385624 0
0.152070 0
0.314622 0
0.073298 0
0.371325 0
0.045487 0
0.243004 0
0.280743 0
0.403215 0
0.054998 0
0.554990 0
0.367067 0
0.050252 0
0.179209 0
0.123239 0
0.019438 0
0.207334 0
0.849856 0
