0.136427 0
0.145456 0
0.167167 0
0.483953 0
0.132742 0
0.052439 0
0.145604 0
0.151036 0
0.214472 0
0.061273 0
0.064039 0
0.133108 0
0.275715 0
0.195459 0
0.174717 0
0.104527 0
0.145585 0
0.175429 0
0.133589 0
0.226712 0
0.219047 0
0.158390 0
0.080652 0
0.164835 0
0.155120 0
0.153262 0
0.046123 0
0.153213 0
0.157189 0
0.018091 0
0.056037 0
0.043901 0
0.178489 0
0.193391 0
0.138676 0
0.052758 0
0.166822 0
0.063255 0
0.148230 0
0.065177 0
0.187317 0
0.176243 0
0.254046 0
0.240109 0
0.338741 0
0.245913 0
0.294146 0
0.102867 0
0.057808 0
0.163129 0
0.242022 0
0.164862 0
0.008737 0
0.212132 0
0.043176 0
