0.148291 0
0.139838 0
0.268458 0
0.149808 0
0.319321 0
0.184568 0
0.213890 0
0.441413 0
0.039249 0
0.430572 0
0.612717 0
0.340807 0
0.505714 0
0.280709 0
0.251156 0
0.078318 0
0.287904 0
0.476406 0
0.019352 0
0.317921 0
0.353487 0
0.057879 0
0.085236 0
0.118973 0
0.051191 0
0.088101 0
0.336783 0
0.169942 0
0.158431 0
0.216338 0
0.119362 0
0.192375 0
0.410126 0
0.489410 0
0.198169 0
0.066982 0
0.740578 0
0.095768 0
0.632805 0
0.164983 0
0.229308 0
0.235323 0
0.301401 0
0.144813 0
0.760020 0
0.211050 0
0.109285 0
0.418216 0
0.491117 0
0.181218 0
0.095781 0
0.384163 0
0.164420 0
0.423642 0
0.208873 0
0.214386 0
0.296404 0
0.018526 0
0.063691 0
0.141443 0
0.378950 0
0.001422 0
0.088429 0
0.090782 0
0.002751 0
0.095665 0
0.383099 0
0.056712 0
0.110825 0
0.093193 0
0.182204 0
0.179834 0
0.312340 0
0.503483 0
0.100612 0
0.264868 0
