0.654020 0
0.453997 0
0.299869 0
0.830160 0
0.179376 0
0.611118 0
0.129353 0
0.095830 0
0.280027 0
0.447054 0
0.204810 0
0.462984 0
0.141056 0
0.490121 0
0.197151 0
0.062877 0
0.413321 0
0.153284 0
0.231721 0
0.136833 0
0.570176 0
0.471617 0
0.328554 0
0.095327 0
0.137669 0
0.107818 0
0.094530 0
0.255246 0
0.044551 0
0.587285 0
0.406416 0
0.222308 0
0.198407 0
0.178274 0
0.561628 0
0.171196 0
0.004702 0
0.077877 0
0.184395 0
0.547299 0
0.370733 0
0.116852 0
0.067510 0
1.057604 0
1.040032 0
0.091048 0
0.463056 0
0.137827 0
0.484935 0
0.034212 0
0.131387 0
0.086605 0
0.422205 0
