0.630570 0
0.545667 0
0.143776 0
0.100598 0
0.868009 0
0.468821 0
0.209962 0
0.094025 0
0.156011 0
0.362098 0
0.546427 0
0.352885 0
0.645840 0
0.073008 0
0.268362 0
0.564661 0
0.055571 0
0.249096 0
0.182345 0
0.318045 0
0.167854 0
0.269891 0
0.302312 0
0.129935 0
0.196777 0
0.016317 0
0.802637 0
0.158821 0
0.226010 0
0.225809 0
0.276987 0
0.182543 0
0.241420 0
0.109697 0
0.257918 0
0.515195 0
0.308716 0
0.037499 0
0.377712 0
0.484880 0
0.132880 0
0.128264 0
0.608890 0
0.307632 0
0.269013 0
0.344832 0
0.144884 0
0.144683 0
0.302408 0
0.325539 0
0.106873 0
0.254628 0
0.351305 0
0.163163 0
0.057093 0
0.204790 0
0.044226 0
0.106297 0
