0.386211 0
0.729548 0
0.180688 0
0.094588 0
0.129357 0
0.217403 0
0.173870 0
0.161089 0
0.074983 0
0.190485 0
0.275120 0
0.134651 0
0.101973 0
0.170417 0
0.044095 0
0.304358 0
0.108021 0
0.095892 0
0.083198 0
0.078713 0
0.076433 0
0.107251 0
0.026192 0
0.016478 0
0.070685 0
0.107114 0
0.463662 0
0.169312 0
0.076084 0
0.263374 0
0.024889 0
0.120132 0
0.490321 0
0.017653 0
0.090606 0
0.023500 0
0.158595 0
0.038029 0
0.088481 0
0.090882 0
0.063565 0
0.013746 0
0.397995 0
0.257989 0
0.167566 0
0.277997 0
0.207727 0
0.280448 0
0.233523 0
0.284407 0
0.547501 0
0.087718 0
0.065684 0
0.064586 0
0.406494 0
0.226722 0
0.072797 0
0.050220 0
0.370473 0
0.083377 0
0.067646 0
0.442961 0
0.070809 0
0.039512 0
0.077507 0
0.388825 0
