0.094720 0
0.077795 0
0.349805 0
0.159583 0
0.088211 0
0.290271 0
0.065312 0
0.256167 0
0.092797 0
0.015559 0
0.533380 0
0.449210 0
0.085092 0
0.635148 0
0.150413 0
0.147381 0
0.379475 0
0.125016 0
0.103584 0
0.436440 0
0.108627 0
0.153410 0
0.176728 0
0.302786 0
0.123793 0
0.160409 0
0.120254 0
0.102338 0
0.123044 0
0.280396 0
0.230512 0
0.093264 0
0.384501 0
0.403689 0
0.006512 0
0.087806 0
0.040782 0
0.199905 0
0.161511 0
0.271726 0
0.541661 0
0.102676 0
0.099322 0
0.126768 0
0.229584 0
0.079777 0
0.118648 0
0.016117 0
0.059596 0
0.131453 0
1.040141 0
0.588563 0
0.009568 0
0.040916 0
0.069942 0
