0.381370 0
0.172216 0
0.119630 0
0.071004 0
0.052747 0
0.067917 0
0.082916 0
0.030897 0
0.219126 0
0.026154 0
0.160690 0
0.071003 0
0.127603 0
0.061753 0
0.032629 0
0.202626 0
0.044523 0
0.007727 0
0.026786 0
0.102302 0
0.171266 0
0.460962 0
0.077864 0
0.151749 0
0.041166 0
0.027177 0
0.092661 0
0.144451 0
0.086287 0
0.209636 0
0.016135 0
0.067530 0
0.046509 0
0.068645 0
0.291844 0
0.028717 0
0.047255 0
0.180572 0
0.356296 0
0.207817 0
0.177945 0
0.099947 0
0.083293 0
0.044073 0
0.075037 0
0.005668 0
0.133379 0
0.121137 0
0.037656 0
0.195127 0
0.161675 0
0.050777 0
0.139244 0
0.023020 0
0.045154 0
0.007442 0
0.121308 0
0.136666 0
0.142512 0
0.179934 0
