0.092158 0
0.079211 0
0.074304 0
0.084131 0
0.118625 0
0.032233 0
0.065639 0
0.082542 0
0.075238 0
0.087270 0
0.078901 0
0.075221 0
0.062073 0
0.086630 0
0.101708 0
0.107977 0
0.093473 0
0.078901 0
0.097288 0
0.092156 0
0.090594 0
0.091348 0
0.090124 0
0.084235 0
0.075837 0
0.078063 0
0.074826 0
0.084410 0
0.119465 0
0.102082 0
0.088322 0
0.074598 0
0.078602 0
0.095852 0
0.075447 0
0.081337 0
0.075356 0
0.081653 0
0.078928 0
0.072198 0
0.073098 0
0.040879 0
0.075770 0
0.084055 0
0.085180 0
0.016673 0
0.090634 0
0.072152 0
0.048706 0
0.030586 0
0.083084 0
0.094437 0
0.083520 0
0.076276 0
0.023561 0
0.084220 0
0.093106 0
0.073239 0
0.085730 0
0.078289 0
0.074352 0
0.098003 0
