0.328141 0
0.122197 0
0.337361 0
0.607939 0
0.048029 0
0.749950 0
0.022630 0
0.138049 0
0.012641 0
0.182217 0
0.180707 0
0.027236 0
0.142049 0
0.215159 0
0.424285 0
0.143920 0
0.641818 0
0.136068 0
0.006606 0
0.158563 0
0.024081 0
0.017225 0
0.082604 0
0.432821 0
0.024338 0
0.026325 0
0.219412 0
0.295683 0
0.660926 0
0.010038 0
0.088665 0
0.079527 0
0.049973 0
0.222858 0
0.185717 0
0.280248 0
0.013875 0
0.117782 0
0.400392 0
0.283930 0
0.356146 0
0.134382 0
0.226402 0
0.305439 0
0.410998 0
0.244796 0
0.139942 0
0.317267 0
0.339901 0
0.226623 0
0.437924 0
0.469505 0
