0.077958 0
0.190654 0
0.121103 0
0.076104 0
0.292780 0
0.182548 0
0.054600 0
0.123030 0
0.148932 0
0.224723 0
0.118237 0
0.097096 0
0.105446 0
0.058994 0
0.128221 0
0.162651 0
0.067847 0
0.148840 0
0.092051 0
0.433787 0
0.178331 0
0.099793 0
0.409813 0
0.051615 0
0.081974 0
0.337036 0
0.307583 0
0.164616 0
0.134118 0
0.086219 0
0.269472 0
0.099475 0
0.058876 0
0.124049 0
0.327008 0
0.067895 0
0.209413 0
0.140102 0
0.053844 0
0.040620 0
0.083876 0
0.007401 0
0.155225 0
0.340604 0
0.215438 0
0.480556 0
0.068723 0
0.029227 0
0.066821 0
0.143319 0
0.221995 0
0.089867 0
0.016061 0
0.071900 0
0.092389 0
0.066885 0
0.066485 0
0.072146 0
0.316843 0
0.085171 0
0.026974 0
0.131849 0
0.078497 0
0.206809 0
0.057860 0
0.112843 0
0.246804 0
0.295914 0
0.142814 0
0.148507 0
