1.551463 0
0.221471 0
0.126507 0
0.130325 0
0.271647 0
0.235313 0
0.085689 0
0.540443 0
0.064284 0
0.691296 0
0.312527 0
0.453410 0
0.543647 0
0.309815 0
0.251928 0
0.022629 0
0.939706 0
0.263706 0
0.373272 0
0.738225 0
0.293611 0
0.402546 0
0.061350 0
0.472243 0
0.036705 0
0.353673 0
0.149011 0
0.373050 0
0.067960 0
0.122922 0
0.057694 0
0.358797 0
0.097432 0
0.802440 0
0.184979 0
0.359495 0
0.161929 0
0.090098 0
0.208160 0
0.271977 0
0.447865 0
0.279516 0
0.633753 0
0.998161 0
0.003483 0
0.865791 0
