0.120385 0
0.193607 0
0.133620 0
0.114147 0
0.119600 0
0.059795 0
0.108816 0
0.790376 0
0.167067 0
0.250491 0
0.308213 0
0.271772 0
0.357316 0
0.514499 0
0.101191 0
0.013672 0
0.040479 0
0.025763 0
0.241373 0
0.200694 0
0.123381 0
0.259908 0
0.149999 0
0.175229 0
0.062151 0
0.442714 0
0.213521 0
0.137416 0
0.232529 0
1.602486 0
0.047483 0
0.154190 0
0.401558 0
0.178526 0
0.350330 0
0.103519 0
0.136235 0
0.164006 0
0.064379 0
0.393865 0
0.940377 0
0.124428 0
0.697459 0
0.115699 0
0.124098 0
0.290585 0
0.125271 0
0.065249 0
0.238491 0
0.265658 0
0.114058 0
1.091761 0
0.274941 0
0.182701 0
0.534053 0
0.563687 0
0.085526 0
0.231142 0
0.190636 0
0.495652 0
0.294840 0
0.614724 0
