0.498231 0
0.298978 0
0.286417 0
0.083951 0
0.132038 0
0.614594 0
0.066717 0
0.174283 0
0.445382 0
0.190766 0
0.085695 0
0.198618 0
0.099813 0
0.350461 0
0.502900 0
0.310300 0
0.120209 0
0.329337 0
0.087132 0
0.309006 0
0.069123 0
0.061559 0
0.104484 0
0.094257 0
0.169198 0
0.169928 0
0.025631 0
0.081334 0
0.336832 0
0.669060 0
0.144770 0
0.111533 0
0.017188 0
0.191191 0
0.187003 0
0.065304 0
0.138322 0
0.039985 0
0.365213 0
0.088339 0
0.208965 0
0.367415 0
0.586644 0
0.090083 0
0.059214 0
0.095896 0
0.023266 0
0.144114 0
0.249141 0
0.264628 0
0.274986 0
