0.254669 0
0.067594 0
0.101224 0
0.039177 0
0.343939 0
0.057491 0
0.208619 0
0.068659 0
0.121204 0
0.096137 0
0.291526 0
0.034346 0
0.060439 0
0.069627 0
0.048927 0
0.073307 0
0.453589 0
0.093743 0
0.092080 0
0.285830 0
0.037104 0
0.184262 0
0.158558 0
0.036256 0
0.086418 0
0.156345 0
0.073686 0
0.052906 0
0.054216 0
0.269553 0
0.094880 0
0.192903 0
0.043000 0
0.053077 0
0.120740 0
0.047753 0
0.086459 0
0.095014 0
0.151940 0
0.155388 0
0.061217 0
0.070961 0
0.065703 0
0.051675 0
0.112221 0
0.253161 0
0.095599 0
0.119019 0
0.277281 0
0.114119 0
0.071808 0
0.158245 0
0.167639 0
0.243685 0
0.014313 0
0.129808 0
0.464249 0
0.447366 0
0.415811 0
0.137017 0
0.126768 0
0.118056 0
0.099232 0
0.390455 0
0.029311 0
0.425271 0
0.229321 0
