0.107218 0
0.092306 0
0.101395 0
0.148035 0
0.142131 0
0.147426 0
0.099663 0
0.102266 0
0.047200 0
0.125984 0
0.084736 0
0.091722 0
0.104278 0
0.119138 0
0.100959 0
0.040018 0
0.100456 0
0.096584 0
0.114745 0
0.058292 0
0.092394 0
0.084299 0
0.130996 0
0.134276 0
0.095436 0
0.120838 0
0.122307 0
0.116996 0
0.094830 0
0.122599 0
0.103430 0
0.092417 0
0.116064 0
0.164978 0
0.105958 0
0.118160 0
0.173423 0
0.101628 0
0.163449 0
0.123935 0
0.153280 0
0.099012 0
0.130935 0
0.147751 0
0.068432 0
0.095716 0
0.165842 0
0.104029 0
0.093480 0
0.103131 0
0.114846 0
0.114185 0
0.103136 0
0.027025 0
0.194708 0
0.090686 0
0.101735 0
0.038932 0
0.154963 0
0.101668 0
0.101700 0
0.103257 0
0.126088 0
