0.395082 0
0.197604 0
0.329434 0
0.150907 0
0.429729 0
0.191052 0
0.422081 0
0.223202 0
0.473097 0
0.116844 0
0.408821 0
0.255050 0
0.174647 0
0.066584 0
0.303846 0
0.220670 0
0.179141 0
0.217302 0
0.183315 0
0.140345 0
0.065217 0
0.011196 0
0.176690 0
0.164946 0
0.009358 0
0.150290 0
0.159124 0
0.026642 0
0.221212 0
0.131294 0
0.323334 0
0.272132 0
0.283571 0
0.194526 0
0.123349 0
0.222202 0
0.111284 0
0.111324 0
0.082686 0
0.434417 0
0.254289 0
0.217009 0
0.307197 0
0.013757 0
0.082645 0
0.275955 0
0.115197 0
0.310133 0
