0.760359 0
0.904716 0
0.509937 0
0.735236 0
0.372413 0
0.311985 0
0.231329 0
0.175041 0
0.149694 0
0.259248 0
0.387237 0
0.348737 0
0.654646 0
0.385183 0
0.084977 0
0.077310 0
0.155004 0
0.697257 0
0.154835 0
0.072291 0
0.468471 0
0.109080 0
0.081020 0
0.273802 0
0.071435 0
0.330691 0
0.025907 0
0.214635 0
0.234361 0
0.073197 0
0.139345 0
0.100573 0
0.217478 0
0.149956 0
0.848116 0
0.578728 0
0.124723 0
0.082120 0
0.143771 0
0.479243 0
1.149985 0
0.552444 0
0.099116 0
0.198647 0
0.897908 0
0.187253 0
0.012468 0
0.180269 0
0.129616 0
0.428834 0
0.153053 0
0.084023 0
0.178887 0
0.100132 0
0.075686 0
0.373410 0
0.019710 0
0.155621 0
0.147436 0
0.200741 0
0.125678 0
0.105438 0
0.010988 0
1.936601 0
