0.110208 0
0.089837 0
0.091271 0
0.125305 0
0.095308 0
0.184716 0
0.075112 0
0.098840 0
0.072594 0
0.102547 0
0.074197 0
0.077316 0
0.111995 0
0.074832 0
0.074656 0
0.138886 0
0.110977 0
0.184331 0
0.096536 0
0.066171 0
0.075646 0
0.124445 0
0.094172 0
0.074377 0
0.089207 0
0.100399 0
0.117690 0
0.066477 0
0.088713 0
0.024308 0
0.156487 0
0.066904 0
0.072565 0
0.112682 0
0.068919 0
0.094304 0
0.156803 0
0.076143 0
0.113258 0
0.077880 0
0.019901 0
0.086084 0
0.070267 0
0.075250 0
0.118987 0
0.088749 0
0.111432 0
0.078932 0
0.074487 0
0.165438 0
0.102350 0
0.159533 0
0.100814 0
0.092108 0
0.069796 0
0.126221 0
