0.939653 0
0.085263 0
0.170322 0
0.153677 0
0.170223 0
0.144068 0
0.054748 0
0.343434 0
0.040748 0
0.180391 0
0.056248 0
0.183904 0
0.283381 0
0.116485 0
0.427102 0
0.138710 0
0.153473 0
0.132564 0
0.192300 0
0.081532 0
0.232441 0
0.055409 0
0.131222 0
0.162960 0
0.113740 0
0.154920 0
0.068264 0
0.607799 0
0.195975 0
0.322959 0
0.164245 0
0.076238 0
0.614688 0
0.047363 0
0.059434 0
0.166028 0
0.032698 0
0.070208 0
0.182101 0
0.088386 0
0.292929 0
0.094865 0
0.168685 0
0.141750 0
0.021249 0
0.160237 0
0.058834 0
0.139182 0
