0.088205 0
0.086660 0
0.079620 0
0.066815 0
0.089326 0
0.098822 0
0.153775 0
0.117026 0
0.079800 0
0.091385 0
0.085046 0
0.235116 0
0.113112 0
0.104283 0
0.108116 0
0.077915 0
0.092028 0
0.074225 0
0.094015 0
0.125777 0
0.094902 0
0.130099 0
0.077571 0
0.088479 0
0.091875 0
0.105121 0
0.109078 0
0.081815 0
0.102953 0
0.124601 0
0.222142 0
0.030320 0
0.075579 0
0.074288 0
0.064572 0
0.102377 0
0.037375 0
0.105176 0
0.098233 0
0.159481 0
0.108309 0
0.028051 0
0.074617 0
0.094556 0
0.079929 0
0.037267 0
0.077611 0
0.133870 0
0.089417 0
0.006706 0
0.094460 0
