0.041543 0
0.209495 0
0.378759 0
0.097582 0
0.049420 0
0.049206 0
0.063722 0
0.140323 0
0.027474 0
0.102500 0
0.073949 0
0.126459 0
0.124067 0
0.195139 0
0.027263 0
0.089611 0
0.127619 0
0.179418 0
0.057144 0
0.058659 0
0.116832 0
0.265378 0
0.083515 0
0.035391 0
0.180208 0
0.162840 0
0.118777 0
0.156025 0
0.035139 0
0.073540 0
0.198022 0
0.088664 0
0.498183 0
0.145964 0
0.064769 0
0.066356 0
0.073636 0
0.087053 0
0.084381 0
0.287319 0
0.040836 0
0.045193 0
0.532817 0
0.120072 0
0.132902 0
0.163318 0
0.129172 0
0.082287 0
0.134164 0
0.031804 0
0.039194 0
0.036020 0
0.243069 0
0.103267 0
0.049057 0
0.045558 0
0.011071 0
0.226703 0
0.144899 0
0.073142 0
0.138819 0
0.042554 0
0.130191 0
0.155665 0
0.240577 0
0.071563 0
0.080168 0
0.083405 0
0.077634 0
0.214767 0
0.346993 0
0.143696 0
0.166391 0
0.003441 0
0.030984 0
