0.123172 0
0.182086 0
0.317795 0
0.040824 0
0.273832 0
0.154005 0
0.110517 0
0.327169 0
0.192984 0
0.226030 0
0.169238 0
0.111734 0
0.130196 0
0.188398 0
0.208544 0
0.127723 0
0.056058 0
0.226162 0
0.158049 0
0.105720 0
0.148085 0
0.191966 0
0.094977 0
0.097204 0
0.271684 0
0.198302 0
0.216845 0
0.092125 0
0.132401 0
0.137302 0
0.037359 0
0.393850 0
0.143974 0
0.148822 0
0.010263 0
0.098309 0
0.143014 0
0.135257 0
0.180431 0
0.111719 0
0.036347 0
0.251013 0
0.094894 0
0.154757 0
0.094388 0
0.100314 0
0.181701 0
0.101222 0
0.110019 0
0.142276 0
0.063253 0
0.101144 0
0.151424 0
0.005397 0
0.068149 0
0.325727 0
0.182055 0
0.131433 0
0.097425 0
0.049241 0
