0.339672 0
0.200223 0
0.226698 0
0.091805 0
0.042416 0
0.344031 0
0.138560 0
0.112361 0
0.149921 0
0.165032 0
0.104106 0
0.049337 0
0.165294 0
0.150013 0
0.746420 0
0.107801 0
0.391855 0
0.339429 0
0.846600 0
0.423424 0
0.085186 0
0.288939 0
0.053671 0
0.586786 0
0.899148 0
0.580031 0
0.404178 0
0.545517 0
0.046095 0
0.452002 0
0.173108 0
0.169690 0
0.015529 0
0.248956 0
0.015902 0
0.713529 0
0.076161 0
0.211650 0
0.070075 0
0.492728 0
0.369049 0
1.127185 0
0.034323 0
0.303214 0
0.796304 0
0.161172 0
0.045864 0
0.190950 0
0.119498 0
0.051484 0
0.377389 0
0.165951 0
0.179552 0
0.591042 0
0.048112 0
0.061361 0
0.199419 0
0.066311 0
0.581538 0
