0.200932 0
0.221504 0
0.184237 0
0.376151 0
0.118193 0
0.108748 0
0.290774 0
0.054098 0
0.116822 0
0.418366 0
0.214446 0
0.376624 0
0.718021 0
0.250019 0
0.051963 0
0.384053 0
0.013248 0
0.917393 0
0.121413 0
0.065289 0
0.674463 0
0.089531 0
0.051197 0
0.098267 0
0.103542 0
0.098434 0
0.030380 0
0.145152 0
0.064701 0
0.325779 0
0.152101 0
0.273627 0
0.088832 0
0.086659 0
0.041306 0
0.192872 0
0.238478 0
0.112629 0
0.102562 0
0.091422 0
0.071510 0
0.430820 0
0.348654 0
0.221082 0
0.157616 0
0.161175 0
0.272223 0
0.157320 0
0.093467 0
0.098118 0
0.284728 0
0.451606 0
0.126727 0
0.052211 0
0.441584 0
0.125984 0
0.047995 0
