0.202055 0
0.122977 0
0.136837 0
0.128990 0
0.163138 0
0.136537 0
0.124258 0
0.149853 0
0.128878 0
0.140940 0
0.139381 0
0.129435 0
0.126377 0
0.123600 0
0.196497 0
0.122435 0
0.134153 0
0.169672 0
0.143650 0
0.126521 0
0.130415 0
0.136338 0
0.101151 0
0.142153 0
0.125857 0
0.171518 0
0.141052 0
0.147050 0
0.122874 0
0.145802 0
0.119709 0
0.127360 0
0.131755 0
0.153884 0
0.146354 0
0.142863 0
0.013580 0
0.164084 0
0.122723 0
0.136436 0
0.190671 0
0.134703 0
0.089861 0
0.148977 0
0.129833 0
0.140326 0
0.155034 0
0.004502 0
0.126864 0
0.125822 0
0.124735 0
0.049338 0
0.125816 0
0.023540 0
0.140537 0
0.138270 0
0.210830 0
0.137670 0
0.151041 0
