0.275925 0
0.025157 0
0.150659 0
0.016157 0
0.157619 0
0.021320 0
0.083731 0
0.113240 0
0.115605 0
0.069233 0
0.038791 0
0.040434 0
0.018855 0
0.072426 0
0.075661 0
0.034854 0
0.182071 0
0.072807 0
0.057694 0
0.097824 0
0.110076 0
0.029247 0
0.066601 0
0.022759 0
0.323164 0
0.223974 0
0.026195 0
0.339743 0
0.195948 0
0.110704 0
0.082016 0
0.018698 0
0.092152 0
0.242526 0
0.005011 0
0.079965 0
0.084583 0
0.013165 0
0.127098 0
0.071437 0
0.151130 0
0.010604 0
0.121564 0
0.180265 0
0.217675 0
0.030474 0
0.110887 0
0.528611 0
0.156922 0
0.044900 0
0.072608 0
0.038910 0
0.036892 0
0.017115 0
0.134407 0
0.144292 0
0.056339 0
0.000626 0
0.264774 0
0.090754 0
0.030465 0
0.203398 0
