0.138356 0
0.165126 0
0.155533 0
0.145011 0
0.148403 0
0.136790 0
0.132282 0
0.171434 0
0.143420 0
0.149376 0
0.134920 0
0.133597 0
0.138912 0
0.132486 0
0.191523 0
0.154252 0
0.115224 0
0.149645 0
0.139460 0
0.161664 0
0.167571 0
0.152348 0
0.134483 0
0.011289 0
0.151422 0
0.061667 0
0.145684 0
0.150777 0
0.143646 0
0.139278 0
0.132338 0
0.137967 0
0.161421 0
0.154124 0
0.166771 0
0.086154 0
0.060083 0
0.024795 0
0.163740 0
0.137224 0
0.144480 0
0.134953 0
0.149407 0
0.015059 0
0.153253 0
0.147160 0
