0.103290 0
0.196063 0
0.096412 0
0.123955 0
0.060302 0
0.227814 0
0.085498 0
0.093278 0
0.288843 0
0.058320 0
0.231478 0
0.124024 0
0.181995 0
0.382025 0
0.189179 0
0.102841 0
0.025608 0
0.032984 0
0.349746 0
0.279032 0
0.064775 0
0.172298 0
0.141917 0
0.017224 0
0.104509 0
0.150536 0
0.198318 0
0.042908 0
0.061598 0
0.422788 0
0.312021 0
0.572646 0
0.121102 0
0.058101 0
0.354209 0
0.207469 0
0.088470 0
0.181067 0
0.110819 0
0.053466 0
0.047993 0
0.019872 0
0.151358 0
0.100084 0
0.475856 0
0.105425 0
0.196881 0
0.014684 0
0.112506 0
0.262876 0
0.301498 0
0.072262 0
0.429121 0
0.191236 0
0.073457 0
0.205239 0
0.134116 0
0.068579 0
0.070550 0
0.220271 0
0.089913 0
0.474240 0
0.075340 0
0.091877 0
0.102418 0
0.126940 0
0.064910 0
0.113058 0
0.111774 0
0.063475 0
0.102308 0
0.090826 0
0.051236 0
0.148087 0
0.160584 0
