0.121008 0
0.145387 0
0.172298 0
0.163627 0
0.078980 0
0.048066 0
0.114227 0
0.063784 0
0.090636 0
0.663839 0
0.048461 0
0.109056 0
0.297920 0
0.139915 0
0.382540 0
0.115119 0
0.141246 0
0.132176 0
0.052681 0
0.234557 0
0.129644 0
0.167053 0
0.504916 0
0.148102 0
0.132100 0
0.140958 0
0.189224 0
0.051723 0
0.290014 0
0.248510 0
0.363921 0
0.165160 0
0.348905 0
0.306273 0
0.229108 0
0.322043 0
0.027940 0
0.352617 0
0.170956 0
0.036270 0
0.169295 0
0.160660 0
0.193853 0
0.312554 0
0.062043 0
0.183748 0
0.092007 0
0.126804 0
0.091862 0
0.120606 0
0.158357 0
0.121112 0
0.322921 0
0.116550 0
0.091056 0
0.099835 0
0.075531 0
0.120819 0
0.013631 0
0.057180 0
0.121899 0
