0.889198 0
0.593529 0
0.071282 0
0.099166 0
0.265363 0
0.054802 0
0.352526 0
0.185118 0
0.135957 0
0.124533 0
0.101181 0
0.107414 0
0.126130 0
0.051482 0
0.135085 0
0.128144 0
0.114160 0
0.097717 0
0.535901 0
0.056181 0
0.100144 0
0.217699 0
0.023818 0
0.139976 0
0.144897 0
0.026201 0
0.188814 0
0.123227 0
0.068294 0
0.454788 0
0.105769 0
0.125403 0
0.212155 0
0.063364 0
0.156005 0
0.088919 0
0.016015 0
0.318949 0
0.160215 0
0.023068 0
0.462956 0
0.130377 0
0.210443 0
0.028342 0
0.260279 0
0.060106 0
0.148435 0
0.465100 0
0.073626 0
0.315527 0
0.282319 0
0.117176 0
0.162594 0
0.091405 0
0.329381 0
0.763561 0
0.087444 0
0.065689 0
0.115147 0
0.368632 0
0.068092 0
0.391617 0
0.140463 0
0.086216 0
0.734488 0
0.139319 0
0.084118 0
0.136756 0
0.103987 0
0.822547 0
0.437363 0
0.038016 0
0.043190 0
0.539429 0
0.182438 0
0.070364 0
0.198517 0
0.091257 0
0.207538 0
0.059443 0
0.323399 0
0.059317 0
0.800626 0
0.399821 0
0.101695 0
0.006900 0
0.095760 0
0.093333 0
0.245679 0
0.662250 0
0.189647 0
0.067100 0
0.017041 0
0.077519 0
0.146795 0
0.164552 0
0.279193 0
0.297641 0
0.220220 0
0.263089 0
0.105088 0
0.325097 0
0.071196 0
0.101711 0
0.145784 0
0.045788 0
0.294124 0
0.223928 0
