0.286111 0
0.197988 0
0.276022 0
0.151242 0
0.262473 0
0.084316 0
0.174147 0
0.256215 0
0.404295 0
0.074725 0
0.227019 0
0.140467 0
0.016566 0
0.328550 0
0.477463 0
0.285638 0
0.614023 0
0.132959 0
0.064245 0
0.423182 0
0.168797 0
0.037053 0
0.240993 0
0.028638 0
0.217049 0
0.512558 0
0.247337 0
0.044408 0
0.487509 0
0.039638 0
0.280141 0
0.030411 0
0.153341 0
0.170252 0
0.392863 0
0.056310 0
0.166109 0
0.154166 0
0.205320 0
0.090192 0
0.329381 0
0.541248 0
0.710669 0
0.231782 0
0.123474 0
0.229092 0
