0.330040 0
0.327912 0
0.111356 0
0.107067 0
0.557257 0
1.115195 0
0.271813 0
0.143282 0
0.150356 0
0.148982 0
0.322643 0
0.512634 0
0.024500 0
0.449053 0
0.911985 0
0.121495 0
0.946678 0
0.114744 0
0.219830 0
0.181138 0
0.180861 0
0.433688 0
0.257962 0
0.316212 0
0.034190 0
0.081049 0
0.843490 0
0.453524 0
0.320392 0
0.405500 0
0.159637 0
0.245204 0
0.155355 0
0.060707 0
0.026466 0
0.571424 0
0.124976 0
0.293315 0
0.494063 0
0.044939 0
0.434468 0
0.307276 0
0.273384 0
0.115277 0
0.292502 0
0.048982 0
0.462101 0
0.284426 0
0.334382 0
0.199910 0
0.359136 0
