0.182871 0
0.193576 0
0.131082 0
0.072066 0
0.066817 0
0.093868 0
0.194450 0
0.083969 0
0.052725 0
0.064817 0
0.097825 0
0.130697 0
0.083177 0
0.051962 0
0.093712 0
0.126792 0
0.143405 0
0.034737 0
0.325339 0
0.120193 0
0.026140 0
0.407956 0
0.241091 0
0.116816 0
0.176109 0
0.064935 0
0.124035 0
0.122960 0
0.221892 0
0.066844 0
0.183443 0
0.249145 0
0.156285 0
0.164775 0
0.365080 0
0.057096 0
0.092304 0
0.265145 0
0.290539 0
0.167625 0
0.120183 0
0.079123 0
0.064530 0
0.238419 0
0.129787 0
0.274744 0
0.135169 0
0.114625 0
0.061477 0
0.143111 0
0.152598 0
0.015159 0
0.088792 0
0.015068 0
0.447224 0
0.190521 0
0.066810 0
0.098383 0
0.019793 0
0.065879 0
0.085037 0
0.142517 0
0.180020 0
0.213679 0
0.120979 0
0.068006 0
0.085190 0
0.215100 0
0.068164 0
0.099872 0
0.102595 0
0.174993 0
0.064931 0
0.187795 0
0.081392 0
0.125229 0
0.151482 0
0.253624 0
0.058758 0
0.130686 0
0.088358 0
