0.105433 0
0.216715 0
0.354205 0
0.141967 0
0.049167 0
0.082893 0
0.211474 0
0.176765 0
0.522805 0
0.163975 0
0.346301 0
0.244981 0
0.114418 0
0.197516 0
0.154258 0
0.147226 0
0.613434 0
0.146044 0
0.096519 0
0.080858 0
1.132930 0
0.698065 0
0.141152 0
1.063286 0
0.313943 0
0.179603 0
0.105093 0
0.037358 0
0.017693 0
0.200317 0
0.454483 0
0.160451 0
0.241277 0
0.539656 0
0.504801 0
0.002464 0
0.314520 0
0.162278 0
0.003943 0
0.162880 0
0.115053 0
0.228881 0
0.026287 0
0.116689 0
0.198233 0
0.861331 0
0.318754 0
0.636262 0
0.550164 0
0.243039 0
