0.154705 0
0.183714 0
0.112021 0
0.137249 0
0.124826 0
0.051123 0
0.096470 0
0.132384 0
0.024535 0
0.070527 0
0.159043 0
0.154184 0
0.087288 0
0.256781 0
0.153543 0
0.130640 0
0.189458 0
0.138752 0
0.173007 0
0.124285 0
0.108989 0
0.134506 0
0.112503 0
0.160588 0
0.164760 0
0.157914 0
0.110959 0
0.097335 0
0.175731 0
0.357491 0
0.239738 0
0.121243 0
0.161382 0
0.191402 0
0.028938 0
0.272407 0
0.113710 0
0.016696 0
0.164067 0
0.208769 0
0.274610 0
0.267255 0
0.133553 0
0.121190 0
0.155688 0
0.040399 0
0.255637 0
0.123834 0
0.138669 0
0.079455 0
0.053907 0
0.219154 0
0.305102 0
