0.090539 0
0.107570 0
0.065260 0
0.098753 0
0.057199 0
0.119288 0
0.201991 0
0.128480 0
0.098931 0
0.099837 0
0.064093 0
0.064695 0
0.116722 0
0.148899 0
0.076771 0
0.121655 0
0.078418 0
0.310407 0
0.021420 0
0.116402 0
0.076420 0
0.082351 0
0.176106 0
0.115482 0
0.068861 0
0.114130 0
0.128524 0
0.232926 0
0.021314 0
0.209924 0
0.208868 0
0.082093 0
0.069019 0
0.104757 0
0.108838 0
0.239716 0
0.196415 0
0.105460 0
0.088023 0
0.064364 0
0.088212 0
0.064180 0
0.078356 0
0.142886 0
0.156662 0
0.131835 0
0.024493 0
0.102899 0
0.181020 0
0.108237 0
0.114499 0
0.120522 0
0.095827 0
0.227158 0
0.114432 0
0.107258 0
0.071033 0
0.127136 0
0.094973 0
0.103284 0
0.107205 0
0.083269 0
0.033140 0
0.140151 0
0.101986 0
0.083314 0
0.167098 0
0.204773 0
0.081573 0
0.223759 0
0.058469 0
0.150453 0
0.136688 0
0.210982 0
0.076854 0
0.105592 0
