0.157956 0
0.294383 0
0.239209 0
0.120986 0
0.345825 0
0.105227 0
0.239463 0
0.149705 0
0.390643 0
0.120047 0
0.126702 0
0.655199 0
0.518895 0
0.178970 0
0.148805 0
0.559912 0
0.126067 0
0.143938 0
0.113402 0
0.290071 0
0.195238 0
0.479174 0
0.099099 0
0.230232 0
0.349128 0
0.190810 0
0.243562 0
0.281209 0
0.074568 0
0.160990 0
0.123873 0
0.293092 0
0.023226 0
0.350624 0
0.061268 0
0.183620 0
0.196371 0
0.384249 0
0.261531 0
0.109200 0
0.261229 0
0.090550 0
0.074416 0
0.009428 0
0.169303 0
0.123934 0
0.382533 0
0.110218 0
0.177144 0
0.291105 0
0.284588 0
0.103857 0
0.519844 0
0.508805 0
0.094190 0
0.230821 0
0.138440 0
0.041536 0
0.012368 0
0.112985 0
0.437178 0
0.104867 0
0.096304 0
0.129729 0
0.044070 0
0.150956 0
0.237583 0
