0.274177 0
0.202278 0
0.130818 0
0.339058 0
0.327052 0
0.187263 0
0.415387 0
0.442932 0
0.087915 0
0.047865 0
0.224031 0
0.209368 0
0.072327 0
0.442840 0
0.142614 0
0.069791 0
0.403248 0
0.266805 0
0.256209 0
0.226492 0
0.149968 0
0.610357 0
0.238666 0
0.162282 0
0.127598 0
0.118064 0
0.120385 0
0.285177 0
0.612572 0
0.225706 0
0.106541 0
0.135896 0
0.100099 0
0.483799 0
0.423442 0
0.150682 0
0.337969 0
0.331750 0
0.257633 0
0.203579 0
0.114790 0
0.338960 0
0.174661 0
0.135468 0
0.261713 0
0.151115 0
0.118946 0
0.100654 0
0.251065 0
0.164392 0
0.013657 0
0.215148 0
0.324674 0
0.180942 0
0.130159 0
0.182541 0
0.157930 0
0.206586 0
0.277959 0
0.126495 0
0.067618 0
0.406309 0
0.044247 0
0.257487 0
0.188291 0
0.062099 0
0.123273 0
0.603608 0
0.180209 0
0.302708 0
