0.061263 0
0.222210 0
0.327523 0
0.117450 0
0.288054 0
0.258363 0
0.115448 0
0.203658 0
0.094973 0
0.050568 0
0.049897 0
0.398926 0
0.128761 0
0.155347 0
0.081476 0
0.042378 0
0.029767 0
0.343240 0
0.027599 0
0.070522 0
0.113410 0
0.101964 0
0.050691 0
0.056780 0
0.374319 0
0.097643 0
0.130619 0
0.027000 0
0.021234 0
0.023308 0
0.100419 0
0.192107 0
0.072214 0
0.048737 0
0.074166 0
0.082373 0
0.085957 0
0.417402 0
0.058816 0
0.359790 0
0.166715 0
0.091261 0
0.227221 0
0.038195 0
0.181239 0
0.019802 0
0.152230 0
0.078628 0
0.044021 0
0.050866 0
0.442708 0
0.084342 0
0.033751 0
0.280286 0
0.192645 0
0.072660 0
0.022974 0
0.184837 0
0.120629 0
0.067527 0
0.092574 0
0.028445 0
0.066647 0
0.140881 0
0.036147 0
0.037197 0
0.008149 0
0.028305 0
0.075176 0
0.061959 0
