0.127236 0
0.187265 0
0.240769 0
0.073421 0
0.228255 0
0.138434 0
0.167011 0
0.176602 0
0.028298 0
0.133388 0
0.236713 0
0.219058 0
0.035961 0
0.334091 0
0.286162 0
0.070530 0
0.145406 0
0.343053 0
0.138934 0
0.033463 0
0.488617 0
0.181811 0
0.254381 0
0.373683 0
0.161255 0
0.221997 0
0.194345 0
0.204227 0
0.284017 0
0.142115 0
0.122233 0
0.244423 0
0.084259 0
0.519120 0
0.137313 0
0.172319 0
0.229271 0
0.033343 0
0.297868 0
0.071469 0
0.128467 0
0.228158 0
0.150145 0
0.149096 0
0.189881 0
0.180231 0
0.315143 0
0.191901 0
0.146117 0
0.154592 0
0.249506 0
0.268129 0
0.175956 0
0.168284 0
0.365838 0
0.122357 0
0.014525 0
0.212798 0
0.346366 0
0.160528 0
0.134355 0
