0.075280 0
0.083446 0
0.065604 0
0.065579 0
0.071394 0
0.070490 0
0.021786 0
0.102918 0
0.067450 0
0.069746 0
0.092619 0
0.085506 0
0.096786 0
0.069619 0
0.066006 0
0.016179 0
0.065760 0
0.107470 0
0.071405 0
0.069848 0
0.071286 0
0.069737 0
0.026956 0
0.037926 0
0.077638 0
0.085971 0
0.066675 0
0.066337 0
0.089102 0
0.014611 0
0.065310 0
0.070937 0
0.072548 0
0.067256 0
0.066670 0
0.106174 0
0.074329 0
0.090101 0
0.066470 0
0.067906 0
0.077432 0
0.073473 0
0.075006 0
0.099126 0
0.070873 0
0.087507 0
0.068591 0
0.073530 0
0.084971 0
0.048166 0
0.068056 0
0.065439 0
0.085977 0
0.074919 0
0.084069 0
0.067889 0
0.079409 0
0.083457 0
0.132654 0
0.068702 0
0.129259 0
0.069503 0
0.073795 0
0.080012 0
0.089528 0
0.077396 0
0.065823 0
0.075768 0
0.081763 0
0.069693 0
0.069776 0
0.090286 0
0.077162 0
0.086883 0
0.083307 0
