0.152120 0
0.228352 0
0.242696 0
0.304614 0
0.325207 0
0.100313 0
0.182541 0
0.241762 0
0.077114 0
0.230343 0
0.164592 0
0.162128 0
0.045374 0
0.163193 0
0.306360 0
0.219880 0
0.145601 0
0.225296 0
0.139505 0
0.306447 0
0.226514 0
0.149235 0
0.150647 0
0.154962 0
0.267742 0
0.145094 0
0.290139 0
0.206512 0
0.085134 0
0.393543 0
0.538460 0
0.153630 0
0.119151 0
0.094544 0
0.212128 0
0.264584 0
0.160718 0
0.365157 0
0.065601 0
0.074247 0
0.268152 0
0.041912 0
0.311776 0
0.161954 0
0.118502 0
0.147113 0
0.225541 0
0.178604 0
0.129482 0
0.286890 0
