0.129813 0
0.102377 0
0.148209 0
0.117901 0
0.167794 0
0.159177 0
0.168052 0
0.101085 0
0.330669 0
0.119971 0
0.102100 0
0.240068 0
0.160101 0
0.126169 0
0.155026 0
0.168189 0
0.159556 0
0.334897 0
0.164202 0
0.268828 0
0.108205 0
0.025578 0
0.139884 0
0.146738 0
0.109326 0
0.117066 0
0.235749 0
0.221974 0
0.221390 0
0.166911 0
0.101066 0
0.236584 0
0.196878 0
0.108822 0
0.310268 0
0.361138 0
0.037564 0
0.337515 0
0.140507 0
0.337941 0
0.206599 0
0.223199 0
0.267059 0
0.036096 0
0.106035 0
0.123940 0
0.008998 0
0.145513 0
0.125873 0
0.384352 0
0.387266 0
0.155119 0
0.302974 0
0.297711 0
0.118752 0
0.238507 0
0.008360 0
