0.695840 0
0.183976 0
0.209967 0
0.314343 0
0.122748 0
0.141142 0
0.064900 0
0.074684 0
0.111869 0
0.146211 0
0.161794 0
0.144027 0
0.093815 0
0.100952 0
0.161797 0
0.112960 0
0.110762 0
0.217086 0
0.158030 0
0.345100 0
0.265373 0
0.362058 0
0.688653 0
0.547957 0
0.075354 0
0.356665 0
0.081992 0
0.109942 0
0.476114 0
0.349155 0
0.108228 0
0.154939 0
0.102781 0
0.100661 0
0.133322 0
0.472659 0
0.047065 0
0.129771 0
0.115197 0
0.309487 0
0.116690 0
0.123732 0
0.091863 0
0.301518 0
0.271620 0
0.112778 0
0.219286 0
0.214292 0
0.181474 0
0.076028 0
