0.142628 0
0.164573 0
0.157115 0
0.147789 0
0.186500 0
0.126441 0
0.122241 0
0.140385 0
0.132681 0
0.126046 0
0.116952 0
0.125055 0
0.177416 0
0.135199 0
0.175788 0
0.140618 0
0.009523 0
0.077228 0
0.088687 0
0.168984 0
0.117508 0
0.044853 0
0.162161 0
0.177595 0
0.159785 0
0.138092 0
0.148245 0
0.094193 0
0.153867 0
0.130051 0
0.113512 0
0.133973 0
0.129339 0
0.121826 0
0.022303 0
0.128932 0
0.080959 0
0.136174 0
0.144425 0
0.044115 0
0.249405 0
0.224022 0
0.122232 0
0.167244 0
0.176375 0
0.120965 0
