0.142183 0
0.124393 0
0.036310 0
0.119657 0
0.066136 0
0.099628 0
0.109129 0
0.145318 0
0.112145 0
0.147151 0
0.116926 0
0.101322 0
0.108318 0
0.122125 0
0.104909 0
0.097654 0
0.101322 0
0.096852 0
0.103293 0
0.099929 0
0.097746 0
0.098002 0
0.103185 0
0.145280 0
0.120618 0
0.133948 0
0.105324 0
0.100442 0
0.097974 0
0.025696 0
0.098720 0
0.070405 0
0.096669 0
0.107378 0
0.086292 0
0.132251 0
0.097159 0
0.098608 0
0.108639 0
0.099273 0
0.098702 0
0.097604 0
0.100385 0
0.108077 0
0.099904 0
0.076213 0
0.006328 0
0.120915 0
0.102958 0
0.066754 0
0.105434 0
0.045812 0
0.125518 0
0.100654 0
0.105041 0
0.097623 0
0.096375 0
0.150513 0
0.099901 0
0.102814 0
0.120778 0
0.124577 0
0.098829 0
0.115710 0
0.092241 0
0.107171 0
0.109746 0
0.104076 0
0.096404 0
0.096614 0
0.087292 0
0.105674 0
0.103015 0
0.110182 0
0.147048 0
0.099163 0
0.121422 0
