0.047629 0
0.051495 0
0.054746 0
0.057089 0
0.075787 0
0.044874 0
0.071319 0
0.063731 0
0.065296 0
0.052090 0
0.060013 0
0.039354 0
0.047265 0
0.048845 0
0.050920 0
0.061612 0
0.047537 0
0.029443 0
0.061952 0
0.063254 0
0.053065 0
0.044065 0
0.069090 0
0.060983 0
0.049252 0
0.040320 0
0.055260 0
0.047046 0
0.070854 0
0.027234 0
0.043034 0
0.070491 0
0.062398 0
0.046942 0
0.051764 0
0.043428 0
0.048937 0
0.065483 0
0.052885 0
0.041538 0
0.061893 0
0.060071 0
0.042686 0
0.096110 0
0.048103 0
0.060788 0
0.054553 0
0.005963 0
0.010739 0
