0.632264 0
0.172864 0
0.319895 0
0.276909 0
0.214270 0
0.158055 0
0.824292 0
0.144046 0
0.275889 0
0.057152 0
0.143777 0
0.245718 0
0.167803 0
0.138756 0
0.065102 0
0.070075 0
0.178118 0
0.322485 0
0.326612 0
0.059924 0
0.201522 0
0.551460 0
0.185466 0
0.491162 0
0.150879 0
0.218246 0
0.033239 0
0.165941 0
0.103444 0
0.212483 0
0.297017 0
0.083865 0
0.138341 0
0.244730 0
0.028141 0
0.283943 0
0.038948 0
0.464468 0
0.178605 0
0.112873 0
0.148922 0
0.695730 0
0.288186 0
0.496988 0
0.228366 0
0.396439 0
0.443620 0
0.063981 0
0.253054 0
0.316610 0
0.255808 0
0.356794 0
0.153627 0
0.086937 0
0.182136 0
0.239483 0
0.654097 0
0.142110 0
