0.209776 0
0.118039 0
0.141749 0
0.178105 0
0.166069 0
0.132824 0
0.141916 0
0.154023 0
0.054867 0
0.065160 0
0.219857 0
0.094905 0
0.078027 0
0.133402 0
0.059164 0
0.187915 0
0.105657 0
0.240360 0
0.076191 0
0.039186 0
0.038442 0
0.334724 0
0.263412 0
0.163056 0
0.283425 0
0.155084 0
0.250789 0
0.181239 0
0.208427 0
0.128934 0
0.180299 0
0.198302 0
0.015690 0
0.199643 0
0.057840 0
0.242413 0
0.151819 0
0.127637 0
0.197368 0
0.149606 0
0.181165 0
0.170036 0
0.080408 0
0.239181 0
0.089602 0
0.042145 0
0.097209 0
0.145900 0
0.056126 0
0.096089 0
0.533701 0
0.100991 0
0.255008 0
0.038543 0
0.054319 0
0.173557 0
0.237857 0
0.095213 0
0.181363 0
0.042910 0
0.161522 0
0.022747 0
0.073130 0
0.175967 0
0.168106 0
0.162444 0
0.232729 0
0.283440 0
0.273230 0
0.233252 0
0.085141 0
0.139852 0
0.375122 0
0.173946 0
0.079278 0
0.079857 0
0.307243 0
0.102022 0
0.281632 0
0.344050 0
0.111844 0
0.168706 0
