0.808328 0
0.107793 0
0.089890 0
0.064975 0
0.051213 0
0.091244 0
0.143636 0
0.300117 0
0.174246 0
0.128284 0
0.072190 0
0.400723 0
0.186071 0
0.157733 0
0.052121 0
0.050098 0
0.225389 0
0.299635 0
0.041137 0
0.181132 0
0.005201 0
0.039660 0
0.076294 0
0.192061 0
0.008624 0
0.056165 0
0.444582 0
0.037317 0
0.346443 0
0.204313 0
0.280872 0
0.178042 0
0.076442 0
0.041455 0
0.044693 0
0.274387 0
0.297422 0
0.122000 0
0.057633 0
0.681340 0
0.046592 0
0.186961 0
0.273076 0
0.183810 0
0.023498 0
0.340566 0
0.159599 0
0.557836 0
0.091470 0
0.274528 0
0.076140 0
0.161290 0
0.043274 0
0.434391 0
0.125419 0
0.001003 0
0.221466 0
0.179933 0
0.991381 0
