0.167230 0
0.257693 0
0.146734 0
0.097216 0
0.113446 0
0.107604 0
0.193141 0
0.164994 0
0.152153 0
0.207760 0
0.039790 0
0.104418 0
0.095709 0
0.111082 0
0.110903 0
0.113707 0
0.118014 0
0.139200 0
0.134943 0
0.227205 0
0.092120 0
0.186376 0
0.158398 0
0.384816 0
0.081248 0
0.114869 0
0.125095 0
0.121319 0
0.076041 0
0.093362 0
0.163049 0
0.100909 0
0.053792 0
0.129364 0
0.154404 0
0.096193 0
0.101836 0
0.167685 0
0.095124 0
0.099975 0
0.111317 0
0.093602 0
0.211352 0
0.097772 0
0.111605 0
0.125938 0
0.233549 0
0.019463 0
0.168489 0
0.191724 0
0.118040 0
0.126218 0
0.128015 0
0.075204 0
0.105786 0
0.125715 0
0.144466 0
0.026765 0
0.099731 0
0.216739 0
0.187942 0
0.117430 0
0.062874 0
0.127723 0
0.101396 0
0.097035 0
0.037674 0
0.055221 0
0.099996 0
0.120521 0
0.091913 0
0.093217 0
0.105957 0
