0.289304 0
0.187816 0
0.497773 0
0.775730 0
0.232665 0
0.267351 0
0.037426 0
0.234216 0
0.190124 0
0.100255 0
0.128530 0
0.305420 0
0.127094 0
0.381392 0
1.267760 0
0.190949 0
0.136914 0
0.530677 0
0.114790 0
0.135783 0
0.797543 0
0.203211 0
0.501766 0
1.461141 0
0.136571 0
0.658478 0
0.096411 0
0.271671 0
0.405119 0
0.370668 0
0.269573 0
0.692810 0
0.595118 0
1.743391 0
0.907266 0
0.180865 0
0.242974 0
0.339876 0
0.246266 0
1.588552 0
0.032813 0
0.224217 0
0.105076 0
0.325012 0
0.833697 0
0.166161 0
0.057361 0
