0.635985 0
0.317483 0
0.154902 0
0.627555 0
0.074163 0
0.043964 0
0.148641 0
0.111619 0
0.036602 0
0.207877 0
0.066296 0
0.029602 0
0.205657 0
0.201636 0
0.039490 0
0.193751 0
0.023045 0
0.103761 0
0.284151 0
0.253605 0
0.845994 0
0.050802 0
0.446054 0
0.023093 0
0.048082 0
0.469277 0
0.073874 0
0.087409 0
0.472262 0
0.218028 0
0.154376 0
0.192200 0
0.187100 0
0.129217 0
0.203741 0
0.028099 0
0.390406 0
0.055828 0
0.132529 0
0.319149 0
0.229902 0
0.377137 0
0.124809 0
0.029287 0
0.374145 0
0.381201 0
0.010614 0
0.038049 0
0.126465 0
0.391131 0
0.375971 0
0.024707 0
0.032675 0
0.104051 0
0.088213 0
0.129174 0
0.306910 0
0.159275 0
