0.186122 0
0.178958 0
0.317121 0
0.151429 0
0.084590 0
0.197644 0
0.137203 0
0.585846 0
0.086789 0
0.080762 0
0.096078 0
0.119852 0
0.176465 0
0.120895 0
0.079104 0
0.068928 0
0.153474 0
0.242857 0
0.184388 0
0.153632 0
0.573971 0
0.090110 0
0.343633 0
0.116652 0
0.136860 0
0.332398 0
0.294302 0
0.140677 0
0.162727 0
0.835705 0
0.194349 0
0.342125 0
0.441104 0
0.116088 0
0.049576 0
0.040799 0
0.223160 0
0.272531 0
0.017189 0
0.395043 0
0.097830 0
0.135807 0
0.043098 0
0.601753 0
0.595338 0
0.120562 0
0.156013 0
0.133945 0
0.106720 0
0.187596 0
0.093668 0
0.216370 0
0.139771 0
0.272824 0
0.437885 0
0.258689 0
0.340741 0
0.375737 0
0.294866 0
0.113002 0
0.014541 0
0.271422 0
0.084776 0
0.105643 0
0.327116 0
0.011636 0
0.406269 0
0.179869 0
0.098209 0
0.224922 0
0.115089 0
0.390772 0
0.023484 0
0.145982 0
0.075386 0
0.436270 0
0.104288 0
0.523281 0
0.754127 0
0.226618 0
0.018771 0
0.413428 0
