0.065544 0
0.152569 0
0.058276 0
0.088665 0
0.064512 0
0.236878 0
0.522208 0
0.526735 0
0.087198 0
0.035679 0
0.228233 0
0.350419 0
0.050274 0
0.022904 0
0.058843 0
0.270207 0
0.114987 0
0.086542 0
0.051703 0
0.081466 0
0.014314 0
0.151835 0
0.077509 0
0.119028 0
0.017134 0
0.125170 0
0.123926 0
0.314978 0
0.375575 0
0.139233 0
0.114902 0
0.095293 0
0.078653 0
0.076252 0
0.157392 0
0.398878 0
0.249673 0
0.102548 0
0.293211 0
0.131483 0
0.056211 0
0.072495 0
0.093029 0
0.341258 0
0.091023 0
0.211574 0
0.158267 0
0.077731 0
0.075981 0
0.101634 0
0.095805 0
0.058324 0
0.449054 0
0.282357 0
0.178861 0
0.074999 0
0.084847 0
0.123404 0
0.110901 0
0.172191 0
0.229585 0
0.212667 0
0.021470 0
0.049854 0
0.153328 0
0.201546 0
0.299057 0
0.081416 0
0.072406 0
