1.455225 0
0.055634 0
0.126927 0
0.243978 0
0.101967 0
0.258471 0
0.142469 0
0.452394 0
0.220116 0
0.123464 0
0.513874 0
0.288079 0
0.171698 0
0.377669 0
0.204972 0
0.045433 0
0.115591 0
0.359159 0
0.068819 0
0.119339 0
0.166842 0
0.163316 0
0.212426 0
0.046366 0
0.031994 0
0.144396 0
0.138355 0
0.305976 0
0.113688 0
0.206428 0
0.217698 0
0.349098 0
0.046896 0
0.097945 0
0.043080 0
0.111500 0
0.115284 0
0.037584 0
0.196568 0
0.103643 0
0.870029 0
0.097603 0
0.332951 0
0.147556 0
0.247505 0
0.140480 0
0.053856 0
0.080840 0
0.067578 0
0.186490 0
0.071664 0
0.082125 0
0.107150 0
0.006604 0
0.398831 0
0.283407 0
0.089332 0
0.170561 0
0.320003 0
0.228053 0
0.638175 0
0.330490 0
0.044618 0
0.224974 0
0.237461 0
0.334439 0
0.092402 0
0.317888 0
0.089549 0
0.056967 0
0.176226 0
0.341900 0
0.011446 0
0.142725 0
0.125729 0
0.156130 0
0.087945 0
0.037144 0
0.277880 0
0.044707 0
0.554754 0
0.274614 0
0.251052 0
0.104243 0
0.047369 0
0.048259 0
