1.244249 0
0.235076 0
0.290035 0
0.196611 0
0.117753 0
0.238976 0
0.115341 0
0.336907 0
0.088382 0
0.095960 0
0.159596 0
0.359055 0
0.179164 0
0.153222 0
0.031281 0
0.279690 0
0.436467 0
0.156556 0
0.367955 0
0.103512 0
0.222418 0
0.094518 0
0.395592 0
0.207059 0
0.200572 0
0.092474 0
0.085972 0
0.660271 0
0.286719 0
0.062186 0
0.338888 0
0.094293 0
0.115904 0
0.130434 0
0.069331 0
0.064134 0
0.154093 0
0.229196 0
0.187394 0
0.424371 0
0.066095 0
0.105403 0
0.060935 0
0.114128 0
0.101696 0
0.031606 0
0.105289 0
0.170688 0
0.426573 0
0.122115 0
0.030696 0
0.233496 0
0.189626 0
0.255733 0
0.081243 0
0.138512 0
0.075240 0
0.407526 0
0.088384 0
0.147624 0
0.080401 0
0.108714 0
