0.171312 0
0.153001 0
0.580491 0
0.164366 0
0.215393 0
0.136736 0
0.269886 0
0.636948 0
0.147821 0
0.053907 0
0.147197 0
0.184746 0
0.145612 0
0.380293 0
0.182364 0
0.204215 0
0.149149 0
0.050764 0
0.257914 0
0.125367 0
0.134289 0
0.346799 0
0.073239 0
0.121924 0
0.124474 0
0.581489 0
0.071491 0
0.166240 0
0.199517 0
0.199769 0
0.063090 0
0.125147 0
0.011145 0
0.082205 0
0.112351 0
0.132416 0
0.149295 0
0.115341 0
0.203221 0
0.219131 0
0.030974 0
0.172323 0
0.139690 0
0.463988 0
0.260343 0
0.142229 0
0.179651 0
0.225722 0
0.360670 0
