0.080325 0
0.195763 0
0.093316 0
0.111787 0
0.053687 0
0.044147 0
0.179872 0
0.092026 0
0.063223 0
0.197444 0
0.122483 0
0.527183 0
0.101697 0
0.037307 0
0.036044 0
0.149313 0
0.053721 0
0.204707 0
0.104947 0
0.147640 0
0.337391 0
0.069556 0
0.006750 0
0.218417 0
0.127504 0
0.058398 0
0.177768 0
0.024956 0
0.064143 0
0.132275 0
0.050940 0
0.087514 0
0.111939 0
0.168104 0
0.072706 0
0.219531 0
0.088844 0
0.123659 0
0.158791 0
0.181381 0
0.054716 0
0.055145 0
0.067383 0
0.036102 0
0.101421 0
0.052489 0
0.135344 0
0.184981 0
0.286585 0
0.051004 0
0.033274 0
