0.290658 0
0.198360 0
0.102743 0
0.473424 0
0.048597 0
0.337906 0
0.647579 0
0.251627 0
0.912564 0
0.813931 0
0.157544 0
0.069155 0
0.137364 0
0.768924 0
0.163233 0
0.239724 0
0.324856 0
0.345215 0
0.268343 0
0.395997 0
0.236528 0
0.178001 0
0.148855 0
0.140390 0
1.495470 0
0.250265 0
0.185009 0
0.050300 0
0.008090 0
0.106071 0
0.236190 0
0.085132 0
0.154959 0
0.025012 0
0.184418 0
0.312474 0
0.900377 0
0.122963 0
0.066170 0
0.300259 0
0.174214 0
0.219693 0
0.136820 0
0.197779 0
0.285603 0
0.184667 0
0.291924 0
0.138011 0
0.601735 0
1.138998 0
