0.316156 0
0.114277 0
0.316960 0
0.484702 0
0.320489 0
0.111443 0
0.062875 0
0.401721 0
0.192563 0
0.323090 0
0.227427 0
0.205999 0
0.037752 0
0.126280 0
0.207444 0
0.117005 0
0.029653 0
0.187517 0
0.274798 0
0.165748 0
0.007608 0
0.399216 0
0.059558 0
0.106564 0
0.033540 0
0.017054 0
0.070389 0
0.029817 0
0.077606 0
0.398310 0
0.200386 0
0.187624 0
0.282565 0
0.054357 0
0.068442 0
0.123725 0
0.092698 0
0.014279 0
0.342934 0
0.450413 0
0.462602 0
0.144856 0
0.012441 0
0.051436 0
0.087111 0
0.030972 0
0.050050 0
0.284831 0
0.278739 0
0.221953 0
0.300093 0
0.082749 0
0.348984 0
0.210507 0
0.089161 0
0.209827 0
0.196650 0
0.201749 0
0.220363 0
0.060705 0
0.063803 0
0.268613 0
0.289098 0
