0.237086 0
0.255521 0
0.060226 0
0.106694 0
0.171023 0
0.108609 0
0.052639 0
0.229695 0
0.120677 0
0.111225 0
0.195090 0
0.096912 0
0.134414 0
0.128286 0
0.134111 0
0.102483 0
0.052608 0
0.122474 0
0.171201 0
0.026386 0
0.200002 0
0.115884 0
0.121541 0
0.099569 0
0.139739 0
0.257068 0
0.034119 0
0.165583 0
0.220838 0
0.632467 0
0.097025 0
0.029916 0
0.052746 0
0.455364 0
0.107517 0
0.141504 0
0.114500 0
0.036846 0
0.103211 0
0.223088 0
0.030773 0
0.041656 0
0.148733 0
0.117879 0
0.100668 0
0.137685 0
0.121704 0
0.122330 0
0.102830 0
0.180924 0
0.265634 0
0.127373 0
0.130566 0
0.108537 0
0.152065 0
0.048698 0
0.114777 0
0.033460 0
0.084030 0
0.079973 0
0.137085 0
0.173382 0
0.112970 0
0.165018 0
0.155696 0
0.157222 0
0.082510 0
0.206538 0
0.090357 0
0.098484 0
0.050676 0
0.251695 0
0.083434 0
