0.126300 0
0.172077 0
0.160839 0
0.147193 0
0.067419 0
0.173148 0
0.154570 0
0.145823 0
0.044542 0
0.155474 0
0.127876 0
0.176577 0
0.144468 0
0.265693 0
0.186333 0
0.129120 0
0.152566 0
0.148069 0
0.177833 0
0.136423 0
0.308402 0
0.167539 0
0.242850 0
0.200573 0
0.129446 0
0.547416 0
0.082195 0
0.129275 0
0.129751 0
0.168341 0
0.144402 0
0.315192 0
0.130118 0
0.159915 0
0.181634 0
0.212140 0
0.166376 0
0.159662 0
0.128760 0
0.361032 0
0.236499 0
0.005111 0
0.171500 0
0.131366 0
0.135847 0
0.133622 0
0.133970 0
0.235435 0
0.117183 0
0.129554 0
0.138710 0
0.398844 0
