1.067853 0
0.429273 0
1.105633 0
0.121503 0
0.035470 0
0.214305 0
0.192253 0
0.193738 0
0.275536 0
0.532025 0
0.126557 0
0.332938 0
0.180877 0
0.426915 0
0.086213 0
0.132345 0
0.278403 0
1.155941 0
0.062125 0
0.470395 0
0.151902 0
0.469565 0
0.085310 0
0.068496 0
1.882670 0
0.549902 0
0.046410 0
0.615254 0
0.195507 0
0.147997 0
0.119116 0
0.085499 0
0.374970 0
0.066983 0
1.484065 0
0.030725 0
0.262143 0
0.289958 0
0.282340 0
0.210646 0
0.159872 0
0.581840 0
0.239248 0
0.005490 0
0.035390 0
1.216597 0
0.094381 0
0.108502 0
0.102272 0
0.145005 0
0.181713 0
