0.095573 0
0.147277 0
0.104280 0
0.102544 0
0.084239 0
0.162936 0
0.039723 0
0.189251 0
0.095316 0
0.130960 0
0.082977 0
0.072109 0
0.060121 0
0.059935 0
0.041813 0
0.030842 0
0.041921 0
0.042922 0
0.052002 0
0.040107 0
0.069746 0
0.073520 0
0.013904 0
0.092880 0
0.046158 0
0.175900 0
0.123390 0
0.092003 0
0.030078 0
0.063834 0
0.037038 0
0.087176 0
0.059317 0
0.047037 0
0.087475 0
0.051951 0
0.107642 0
0.056402 0
0.049457 0
0.070627 0
0.059538 0
0.312223 0
0.141816 0
0.045557 0
0.050402 0
0.095655 0
0.035134 0
0.072051 0
0.129368 0
0.073153 0
0.333167 0
0.073704 0
0.077395 0
0.032345 0
