0.177370 0
0.212982 0
0.108055 0
0.106580 0
0.065110 0
0.048764 0
0.107329 0
0.031626 0
0.013530 0
0.298187 0
0.098355 0
0.138528 0
0.349278 0
0.273696 0
0.484452 0
0.030430 0
0.195166 0
0.084055 0
0.203282 0
0.194164 0
0.107266 0
0.277802 0
0.120510 0
0.374487 0
0.228903 0
0.130058 0
0.077164 0
0.058682 0
0.036836 0
0.167640 0
0.383081 0
0.206563 0
0.175169 0
0.209287 0
0.066049 0
0.616670 0
0.082454 0
0.063494 0
1.061684 0
0.176872 0
0.052745 0
0.430214 0
0.376583 0
1.050541 0
0.440632 0
0.111360 0
0.341438 0
0.072499 0
0.254027 0
0.289664 0
0.019326 0
0.156019 0
0.170014 0
0.969807 0
0.097295 0
0.135865 0
0.030954 0
0.078740 0
0.341186 0
0.030907 0
0.202402 0
0.207885 0
0.769338 0
0.054072 0
0.201684 0
0.132073 0
0.061175 0
0.329918 0
