0.254093 0
0.296794 0
0.473125 0
0.167574 0
0.157985 0
0.162468 0
0.312683 0
0.023520 0
0.134287 0
0.738905 0
0.110521 0
0.210246 0
0.171300 0
0.048231 0
0.044163 0
0.627109 0
0.010081 0
0.302327 0
0.041429 0
0.231022 0
0.823430 0
0.117422 0
0.509422 0
0.090652 0
0.163367 0
0.010783 0
0.131172 0
0.279063 0
0.070349 0
0.138716 0
0.257924 0
0.486276 0
0.108272 0
0.171718 0
0.028547 0
0.063197 0
0.289709 0
0.698017 0
0.194905 0
0.851216 0
0.067400 0
0.253798 0
0.241122 0
0.064479 0
0.185406 0
0.038761 0
0.240537 0
0.024497 0
0.058546 0
0.046875 0
0.047902 0
0.129368 0
0.142250 0
0.231204 0
0.080194 0
0.319479 0
0.681999 0
0.431956 0
0.275170 0
0.146031 0
0.163927 0
0.398842 0
