0.091944 0
0.079326 0
0.117850 0
0.049179 0
0.156655 0
0.147476 0
0.186235 0
0.095495 0
0.171237 0
0.036852 0
0.047439 0
0.051031 0
0.039648 0
0.085830 0
0.040153 0
0.116069 0
0.046757 0
0.035235 0
0.075779 0
0.153098 0
0.095639 0
0.101869 0
0.042084 0
0.065473 0
0.098068 0
0.311915 0
0.052607 0
0.193090 0
0.037961 0
0.092146 0
0.128488 0
0.051595 0
0.100735 0
0.116386 0
0.265955 0
0.075597 0
0.041497 0
0.094622 0
0.056555 0
0.119910 0
0.051382 0
0.064136 0
0.130827 0
0.059101 0
0.130996 0
0.086128 0
0.040004 0
0.128286 0
0.076499 0
0.112557 0
0.165600 0
0.163276 0
0.150054 0
0.055452 0
0.111553 0
0.077324 0
0.204296 0
0.046466 0
0.080146 0
0.109007 0
0.150217 0
0.096764 0
0.109229 0
0.214145 0
0.066311 0
0.105687 0
0.103167 0
0.105897 0
0.072856 0
0.037631 0
0.050093 0
0.054330 0
0.077141 0
0.106995 0
0.014817 0
0.020494 0
0.047550 0
0.047285 0
0.186808 0
0.112542 0
0.215559 0
0.070685 0
0.041109 0
0.039818 0
0.070487 0
0.084576 0
0.149768 0
0.065953 0
0.122037 0
0.085063 0
0.240495 0
0.180854 0
0.042311 0
0.016745 0
0.172529 0
0.104861 0
0.236303 0
0.192345 0
