0.080621 0
0.107722 0
0.130543 0
0.086402 0
0.210488 0
0.097561 0
0.200379 0
0.030484 0
0.119533 0
0.130628 0
0.090874 0
0.112811 0
0.140253 0
0.089758 0
0.083449 0
0.081516 0
0.079923 0
0.047419 0
0.111438 0
0.081809 0
0.093438 0
0.136817 0
0.017661 0
0.083417 0
0.170307 0
0.083597 0
0.079493 0
0.077189 0
0.144093 0
0.192212 0
0.103610 0
0.102019 0
0.060869 0
0.148491 0
0.066165 0
0.103342 0
0.126132 0
0.084029 0
0.108014 0
0.057357 0
0.104731 0
0.176433 0
0.057534 0
0.109019 0
0.123280 0
0.094690 0
0.102972 0
