0.095446 0
0.159622 0
0.169022 0
0.186829 0
0.105924 0
0.107866 0
0.236100 0
0.084267 0
0.124164 0
0.168594 0
0.230535 0
0.090525 0
0.080919 0
0.172468 0
0.132864 0
0.138524 0
0.086125 0
0.012797 0
0.105402 0
0.011229 0
0.080202 0
0.041145 0
0.037194 0
0.063130 0
0.089739 0
0.133633 0
0.149321 0
0.217130 0
0.211939 0
0.218266 0
0.150477 0
0.134971 0
0.156766 0
0.084966 0
0.177232 0
0.102452 0
0.132127 0
0.004280 0
0.200282 0
0.015780 0
0.105236 0
0.145167 0
0.142694 0
0.127817 0
0.130449 0
0.149899 0
0.184166 0
0.276961 0
0.096338 0
0.062788 0
0.154142 0
0.079535 0
0.087655 0
0.088262 0
0.086096 0
0.015519 0
0.077838 0
0.079513 0
0.115581 0
