0.113966 0
0.112726 0
0.107742 0
0.122519 0
0.067399 0
0.053834 0
0.110579 0
0.063698 0
0.113640 0
0.134348 0
0.113350 0
0.137627 0
0.112233 0
0.113440 0
0.064596 0
0.115360 0
0.117862 0
0.117176 0
0.119038 0
0.128095 0
0.117044 0
0.115880 0
0.111658 0
0.113839 0
0.113563 0
0.108531 0
0.169345 0
0.030899 0
0.113516 0
0.110032 0
0.111130 0
0.130066 0
0.155038 0
0.117277 0
0.113175 0
0.115523 0
0.014837 0
0.009896 0
0.131576 0
0.081297 0
0.117363 0
0.117463 0
0.114526 0
0.123480 0
0.046415 0
0.144905 0
0.124572 0
0.165268 0
0.043214 0
0.132615 0
0.123375 0
