0.059127 0
0.041836 0
0.082716 0
0.068121 0
0.079572 0
0.029108 0
0.036184 0
0.083798 0
0.110435 0
0.033915 0
0.130341 0
0.047371 0
0.036256 0
0.047594 0
0.189404 0
0.079677 0
0.088382 0
0.034426 0
0.068227 0
0.074507 0
0.075037 0
0.028564 0
0.028681 0
0.077046 0
0.043396 0
0.033936 0
0.061605 0
0.058412 0
0.090194 0
0.073166 0
0.013151 0
0.048227 0
0.058631 0
0.033564 0
0.028687 0
0.045834 0
0.054436 0
0.041636 0
0.053654 0
0.067047 0
0.097074 0
0.012823 0
0.125340 0
0.075805 0
0.075002 0
0.033344 0
0.041359 0
0.032944 0
0.027544 0
0.036568 0
0.072595 0
0.032599 0
0.030878 0
0.037064 0
0.020127 0
0.038781 0
0.044588 0
0.042889 0
0.029781 0
0.037959 0
0.027616 0
