0.018666 0
0.019778 0
0.019654 0
0.091737 0
0.027250 0
0.031866 0
0.029451 0
0.021622 0
0.016046 0
0.026077 0
0.024381 0
0.033774 0
0.026174 0
0.044079 0
0.024045 0
0.016302 0
0.014758 0
0.037356 0
0.015913 0
0.082291 0
0.034370 0
0.014319 0
0.028445 0
0.038407 0
0.015174 0
0.028210 0
0.071118 0
0.024199 0
0.049382 0
0.061385 0
0.087302 0
0.027344 0
0.027373 0
0.029065 0
0.020289 0
0.065598 0
0.013932 0
0.017919 0
0.018838 0
0.021432 0
0.031748 0
0.018763 0
0.022158 0
0.023399 0
0.026903 0
0.030243 0
0.045189 0
0.048936 0
0.089033 0
0.041736 0
0.018580 0
0.017748 0
0.017703 0
0.001719 0
0.064602 0
0.023751 0
0.022420 0
0.037241 0
0.022654 0
0.019872 0
0.021363 0
0.019887 0
0.026636 0
0.061599 0
0.017597 0
0.038124 0
0.058085 0
0.037419 0
0.021499 0
0.025910 0
0.017311 0
0.023521 0
0.040037 0
0.077390 0
0.055837 0
0.018071 0
