0.198750 0
0.346022 0
0.240655 0
0.202372 0
0.297073 0
0.111869 0
0.434756 0
0.306298 0
0.842762 0
0.405482 0
0.248984 0
0.217158 0
0.082710 0
0.161395 0
0.108434 0
0.178776 0
0.302112 0
0.148669 0
0.174879 0
0.195027 0
0.109341 0
0.453323 0
0.074872 0
0.173771 0
0.341642 0
0.035275 0
0.174089 0
0.160052 0
0.386268 0
0.130209 0
0.011383 0
0.007390 0
0.102202 0
0.023428 0
0.209351 0
0.109901 0
0.034252 0
0.191452 0
0.344985 0
0.156283 0
0.021382 0
0.238160 0
0.446425 0
0.225973 0
0.142593 0
0.233183 0
