0.245167 0
0.331230 0
0.178862 0
0.337249 0
0.139199 0
0.047587 0
0.041477 0
0.055152 0
0.280290 0
0.179901 0
0.323113 0
0.118484 0
0.034661 0
0.091889 0
0.539217 0
0.052663 0
0.177601 0
0.099457 0
0.386429 0
0.063003 0
0.089983 0
0.150086 0
0.147557 0
0.032372 0
0.163257 0
0.051645 0
0.174561 0
0.353457 0
0.244143 0
0.008129 0
0.197122 0
0.243837 0
0.290033 0
0.097922 0
0.196419 0
0.197679 0
0.063805 0
0.196038 0
0.319518 0
0.051072 0
0.520019 0
0.194351 0
0.738011 0
0.052325 0
0.187234 0
0.179951 0
0.618651 0
0.217473 0
0.074053 0
0.010431 0
0.190426 0
0.563524 0
0.025845 0
0.245534 0
0.308776 0
0.164508 0
0.057942 0
0.039532 0
0.319511 0
