0.233810 0
0.078420 0
0.092678 0
0.193147 0
0.232683 0
0.155391 0
0.127643 0
0.250493 0
0.111648 0
0.099428 0
0.133102 0
0.065955 0
0.222020 0
0.195578 0
0.240646 0
0.206064 0
0.135262 0
0.118143 0
0.065384 0
0.254087 0
0.612969 0
0.098204 0
0.088446 0
0.022422 0
0.071911 0
0.106746 0
0.152522 0
0.068675 0
0.072066 0
0.149668 0
0.172901 0
0.005206 0
0.098698 0
0.074396 0
0.154983 0
0.139163 0
0.133809 0
0.114463 0
0.078805 0
0.079149 0
0.093595 0
0.242439 0
0.069326 0
0.050164 0
0.086033 0
0.135451 0
0.129195 0
0.203039 0
0.145253 0
0.089827 0
0.135650 0
0.052840 0
0.166886 0
0.070490 0
0.065328 0
0.123740 0
0.083551 0
0.063203 0
0.045655 0
0.348306 0
