0.439449 0
0.100121 0
0.102852 0
0.391449 0
0.158717 0
0.208378 0
0.496920 0
0.480342 0
0.260438 0
0.623300 0
0.108064 0
0.169483 0
0.058939 0
0.252501 0
0.267741 0
0.468243 0
0.183020 0
0.086480 0
0.471329 0
0.452261 0
0.096241 0
0.209102 0
0.051171 0
0.558042 0
0.473190 0
0.360002 0
0.285972 0
0.140759 0
0.135216 0
0.346823 0
0.188797 0
0.107915 0
0.113826 0
0.419644 0
0.285095 0
0.386898 0
0.086643 0
0.060971 0
0.111110 0
0.284404 0
0.262085 0
0.158104 0
0.193091 0
0.023278 0
0.193922 0
0.126647 0
0.151096 0
0.194880 0
0.022917 0
0.221414 0
0.086790 0
0.021158 0
0.074496 0
0.173213 0
0.365770 0
0.141645 0
0.087920 0
0.417286 0
0.131984 0
0.018884 0
0.758689 0
0.040169 0
0.211860 0
0.085129 0
0.185456 0
0.289636 0
0.045682 0
0.323310 0
0.168752 0
0.092525 0
0.136569 0
0.181577 0
0.154891 0
0.054069 0
