0.093947 0
0.050541 0
0.075412 0
0.053313 0
0.053599 0
0.152675 0
0.095983 0
0.078404 0
0.083764 0
0.123627 0
0.115166 0
0.103017 0
0.122326 0
0.040761 0
0.090559 0
0.181269 0
0.108371 0
0.093377 0
0.096931 0
0.060350 0
0.080132 0
0.072977 0
0.059207 0
0.202041 0
0.024184 0
0.124671 0
0.034118 0
0.073190 0
0.156597 0
0.077793 0
0.058196 0
0.021451 0
0.163059 0
0.071603 0
0.055347 0
0.132112 0
0.063655 0
0.059931 0
0.238124 0
0.063112 0
0.079169 0
0.112840 0
0.164406 0
0.068022 0
0.068532 0
0.068498 0
0.193481 0
0.053763 0
0.081869 0
0.048328 0
0.115647 0
0.053545 0
0.020421 0
0.052893 0
0.055545 0
0.098627 0
0.149843 0
0.072175 0
0.072200 0
0.076671 0
0.062510 0
0.065165 0
