0.404039 0
0.324420 0
0.216732 0
0.186833 0
0.101878 0
0.647274 0
0.215204 0
0.197068 0
0.199151 0
0.214970 0
0.203235 0
0.132686 0
0.222315 0
0.199558 0
0.146304 0
0.276480 0
0.160837 0
0.103604 0
0.246342 0
0.101916 0
0.103055 0
0.112998 0
0.059171 0
0.157949 0
0.110729 0
0.063849 0
0.215328 0
0.250893 0
0.157447 0
0.129918 0
0.120843 0
0.193213 0
0.103351 0
0.117217 0
0.143717 0
0.197606 0
0.409758 0
0.183894 0
0.239530 0
0.321031 0
0.238268 0
0.157360 0
0.339223 0
0.181146 0
0.177944 0
0.111394 0
0.174254 0
0.100329 0
0.861232 0
0.127260 0
0.095306 0
0.135567 0
0.223686 0
0.122095 0
0.219846 0
0.121843 0
0.079270 0
0.144896 0
0.070766 0
0.424023 0
0.466855 0
0.065802 0
0.182518 0
0.087862 0
0.105857 0
0.120546 0
0.097120 0
0.241031 0
0.148593 0
0.106039 0
0.157024 0
0.278779 0
0.126729 0
0.204429 0
0.155669 0
