0.267760 0
0.148814 0
0.129246 0
0.092015 0
0.101922 0
0.131355 0
0.137570 0
0.132880 0
0.058933 0
0.120963 0
0.070917 0
0.221512 0
0.106974 0
0.162539 0
0.076057 0
0.155472 0
0.110268 0
0.062664 0
0.167561 0
0.130935 0
0.059992 0
0.110401 0
0.055498 0
0.298906 0
0.053606 0
0.086585 0
0.371736 0
0.156756 0
0.033454 0
0.497918 0
0.188341 0
0.129874 0
0.174706 0
0.115377 0
0.105209 0
0.169650 0
0.404690 0
0.337907 0
0.235330 0
0.116069 0
0.125409 0
0.096320 0
0.287119 0
0.192155 0
0.017326 0
0.125340 0
0.067790 0
0.382442 0
0.100655 0
0.132314 0
0.152190 0
0.087680 0
0.108226 0
0.186437 0
0.109895 0
0.117651 0
0.114464 0
0.145894 0
0.092798 0
0.275824 0
0.150940 0
0.252261 0
