0.079060 0
0.042412 0
0.037081 0
0.169556 0
0.045644 0
0.027053 0
0.083594 0
0.086580 0
0.034157 0
0.200942 0
0.108387 0
0.070588 0
0.181828 0
0.050092 0
0.014158 0
0.166137 0
0.079359 0
0.066949 0
0.309550 0
0.067947 0
0.059538 0
0.128918 0
0.108715 0
0.011467 0
0.076650 0
0.172243 0
0.108900 0
0.028470 0
0.033881 0
0.212653 0
0.045152 0
0.094388 0
0.038520 0
0.364148 0
0.380966 0
0.169446 0
0.046442 0
0.019134 0
0.149991 0
0.290896 0
0.058553 0
0.106066 0
0.060753 0
0.014716 0
0.038745 0
0.052188 0
0.031350 0
0.162632 0
0.003602 0
0.126844 0
0.018455 0
0.210030 0
0.025449 0
0.085908 0
0.169902 0
0.144086 0
0.074283 0
0.066397 0
0.103936 0
0.063261 0
0.040686 0
0.027362 0
0.040950 0
0.063498 0
0.034638 0
0.061272 0
