0.176701 0
0.225761 0
0.301354 0
0.165040 0
0.145709 0
0.135870 0
0.275958 0
0.252734 0
0.115337 0
0.174397 0
0.133092 0
0.150761 0
0.085313 0
0.225949 0
0.318597 0
0.141311 0
0.022231 0
0.151773 0
0.063030 0
0.245504 0
0.152717 0
0.192186 0
0.377197 0
0.110603 0
0.086783 0
0.138215 0
0.020870 0
0.115378 0
0.158736 0
0.099504 0
0.352050 0
0.087559 0
0.111853 0
0.160129 0
0.242095 0
0.136677 0
0.048270 0
0.184014 0
0.089528 0
0.086365 0
0.093279 0
0.114943 0
0.108757 0
0.082524 0
0.177534 0
0.139192 0
0.116463 0
0.121060 0
0.421737 0
0.103561 0
0.169713 0
0.115138 0
0.270800 0
0.171100 0
0.255544 0
0.084618 0
0.123270 0
0.118284 0
0.213413 0
0.136311 0
0.129738 0
0.243483 0
0.114117 0
0.111305 0
0.097987 0
0.178440 0
0.132543 0
0.104708 0
0.565683 0
0.216433 0
0.117580 0
0.082779 0
0.004098 0
