0.743028 0
0.200711 0
0.223830 0
0.062270 0
0.329994 0
0.132770 0
0.142876 0
0.176863 0
0.251925 0
0.576607 0
0.061293 0
0.332092 0
0.133319 0
0.221432 0
0.392977 0
0.293186 0
0.256841 0
0.126462 0
0.159284 0
0.189639 0
0.277680 0
0.152829 0
0.134339 0
0.192497 0
0.122846 0
0.195163 0
0.922158 0
0.026497 0
0.265158 0
0.185113 0
0.160839 0
0.445556 0
0.449928 0
0.291994 0
0.186370 0
0.166496 0
0.332963 0
0.478232 0
0.454332 0
0.441306 0
0.709090 0
0.306482 0
0.495569 0
0.181432 0
0.299040 0
0.126307 0
0.509184 0
