0.163365 0
0.135159 0
0.205172 0
0.148605 0
0.083477 0
0.301393 0
0.586241 0
0.069588 0
0.145067 0
0.142089 0
0.070636 0
0.019239 0
0.068531 0
0.064611 0
0.196443 0
0.014406 0
0.197706 0
0.067762 0
0.332135 0
0.051489 0
0.490363 0
0.142812 0
0.075668 0
0.084290 0
0.223649 0
0.064444 0
0.102081 0
0.055441 0
0.127658 0
0.433367 0
0.138608 0
0.223038 0
0.191426 0
0.077123 0
0.117996 0
0.059855 0
0.080485 0
0.204427 0
0.269229 0
0.017721 0
0.154819 0
0.178929 0
0.174710 0
0.165470 0
0.066488 0
0.208224 0
0.100526 0
0.310364 0
0.081265 0
0.184570 0
0.085307 0
0.074555 0
0.051130 0
0.107763 0
0.249700 0
0.184914 0
0.280952 0
0.063300 0
0.172229 0
0.137395 0
0.039402 0
0.158605 0
0.079472 0
0.108867 0
0.180092 0
0.301749 0
0.028501 0
0.060355 0
0.205403 0
0.360397 0
0.019030 0
0.097803 0
0.061197 0
0.043893 0
0.161592 0
0.126879 0
0.082552 0
0.242423 0
0.092904 0
