0.158741 0
0.061251 0
0.064269 0
0.214723 0
0.032738 0
0.311926 0
0.207652 0
0.018201 0
0.157431 0
0.211274 0
0.046122 0
0.105388 0
0.259388 0
0.066524 0
0.075703 0
0.406425 0
0.050493 0
0.234076 0
0.152884 0
0.108236 0
0.047340 0
0.095105 0
0.377254 0
0.309873 0
0.043087 0
0.756760 0
0.207617 0
0.047656 0
0.038143 0
0.268999 0
0.323164 0
0.166518 0
0.027349 0
0.631948 0
0.017654 0
0.096794 0
0.050500 0
0.088265 0
0.124756 0
0.046540 0
0.057376 0
0.374889 0
0.080751 0
0.223419 0
0.497865 0
0.138357 0
0.135652 0
0.051647 0
0.287794 0
0.430082 0
0.096044 0
0.051288 0
0.205519 0
0.032320 0
0.080999 0
0.074434 0
0.370005 0
0.276158 0
0.271591 0
0.040238 0
0.036636 0
0.043108 0
0.093998 0
0.138747 0
0.075355 0
0.073825 0
0.364624 0
0.332698 0
0.089533 0
0.200793 0
0.321780 0
0.551566 0
0.167161 0
0.040430 0
0.125345 0
0.045788 0
0.091147 0
0.091415 0
0.259942 0
0.179332 0
0.221215 0
0.299985 0
0.130727 0
0.689812 0
0.150344 0
0.056256 0
0.058114 0
0.125496 0
0.082239 0
0.341594 0
0.454069 0
0.182355 0
0.146743 0
0.249956 0
0.023254 0
0.222170 0
