0.257545 0
0.312823 0
0.236765 0
0.053366 0
0.458018 0
0.253202 0
1.650919 0
0.045146 0
0.113176 0
0.162848 0
0.262501 0
0.078947 0
0.014801 0
0.177541 0
0.443206 0
0.061515 0
0.602130 0
0.250211 0
0.080070 0
0.111621 0
0.448331 0
0.061245 0
0.595164 0
0.879458 0
0.094661 0
0.130666 0
0.366910 0
0.091757 0
0.606492 0
0.250687 0
0.078971 0
0.184202 0
0.704688 0
0.210458 0
0.280902 0
0.003422 0
0.611795 0
0.378345 0
0.780894 0
0.120242 0
0.993309 0
0.120524 0
0.601051 0
0.188755 0
0.076205 0
0.562697 0
0.711115 0
0.259988 0
