0.086722 0
0.161249 0
0.267574 0
0.071381 0
0.201803 0
0.228996 0
0.071609 0
0.216324 0
0.064647 0
0.443874 0
0.055514 0
0.059287 0
0.109569 0
0.063401 0
0.019060 0
0.156904 0
0.031141 0
0.081507 0
0.245657 0
0.155369 0
0.266877 0
0.407206 0
0.186263 0
0.040821 0
0.033610 0
0.339867 0
0.232492 0
0.303524 0
0.077024 0
0.133644 0
0.285770 0
0.053222 0
0.424086 0
0.098766 0
0.002748 0
0.041181 0
0.177309 0
0.010102 0
0.644300 0
0.152127 0
0.200340 0
0.197119 0
0.165093 0
0.102939 0
0.419782 0
0.156206 0
0.343943 0
0.035650 0
0.029034 0
0.295498 0
0.030371 0
0.088271 0
0.570569 0
