0.136079 0
0.134890 0
0.152102 0
0.436666 0
0.499228 0
0.432828 0
0.256661 0
0.400344 0
0.044704 0
0.305221 0
0.183255 0
0.120866 0
0.430555 0
0.051857 0
0.059321 0
0.162615 0
0.060381 0
0.070680 0
0.444866 0
0.041022 0
0.470298 0
0.128728 0
0.389766 0
0.421443 0
0.098664 0
0.389631 0
0.204365 0
0.402822 0
0.398165 0
0.211523 0
0.104802 0
0.328020 0
0.143238 0
0.148670 0
0.146368 0
0.104806 0
0.151467 0
0.254470 0
0.248236 0
0.028594 0
0.049526 0
0.072143 0
0.129199 0
0.081048 0
0.025945 0
0.299245 0
0.127617 0
0.163588 0
0.091178 0
