0.253535 0
0.392026 0
0.348155 0
0.160188 0
0.202653 0
0.621478 0
0.061087 0
0.207103 0
0.069097 0
0.425797 0
0.255103 0
0.147891 0
0.517928 0
0.155310 0
0.184643 0
0.630355 0
0.452528 0
0.605271 0
0.245573 0
0.217157 0
0.225243 0
0.289912 0
0.023567 0
0.159172 0
0.321099 0
0.051124 0
0.256861 0
0.700170 0
0.360980 0
0.036897 0
0.442993 0
0.405883 0
0.230509 0
0.399543 0
0.624144 0
0.723232 0
0.184486 0
0.076166 0
0.296488 0
0.354437 0
0.030196 0
0.133380 0
0.506672 0
0.515663 0
0.031487 0
0.408614 0
0.510309 0
0.692829 0
0.129923 0
0.963583 0
0.020411 0
0.102006 0
0.233705 0
0.077799 0
0.601178 0
