0.083213 0
0.148527 0
0.101177 0
0.169702 0
0.042931 0
0.115387 0
0.203960 0
0.096307 0
0.111389 0
0.076913 0
0.063503 0
0.060478 0
0.133914 0
0.123840 0
0.217947 0
0.083510 0
0.137073 0
0.210301 0
0.075203 0
0.194063 0
0.157963 0
0.265708 0
0.060674 0
0.033496 0
0.084342 0
0.150559 0
0.016367 0
0.075259 0
0.142878 0
0.203057 0
0.105747 0
0.094354 0
0.159902 0
0.219741 0
0.151948 0
0.125038 0
0.146849 0
0.221068 0
0.110617 0
0.112976 0
0.129008 0
0.088844 0
0.059377 0
0.092997 0
0.093377 0
0.081116 0
0.172273 0
0.108791 0
0.130570 0
0.317355 0
0.110153 0
0.221096 0
0.234444 0
0.103659 0
0.127083 0
0.079382 0
0.050632 0
0.127387 0
0.251100 0
0.089170 0
0.081437 0
0.144388 0
0.089032 0
0.135254 0
0.022228 0
0.030972 0
0.087619 0
0.341158 0
0.144577 0
0.156155 0
0.070614 0
0.333717 0
0.151068 0
0.140623 0
0.235795 0
