0.196353 0
0.425169 0
0.225494 0
0.365768 0
0.062465 0
0.267302 0
0.180084 0
0.967315 0
0.801486 0
0.475186 0
0.157937 0
0.127486 0
0.412024 0
0.408957 0
0.914234 0
0.064116 0
0.181819 0
0.377624 0
1.210851 0
0.142235 0
0.384433 0
0.022610 0
0.130914 0
0.038074 0
0.201908 0
0.244034 0
0.318482 0
0.723060 0
0.385959 0
1.093597 0
0.215415 0
0.284387 0
0.227771 0
0.766943 0
0.196798 0
0.008863 0
0.284374 0
0.091463 0
0.361333 0
0.327648 0
0.552802 0
0.495438 0
0.185073 0
0.381408 0
0.027346 0
0.390824 0
0.720340 0
0.088332 0
0.163129 0
0.212398 0
0.082591 0
0.252427 0
0.762054 0
0.304936 0
0.041211 0
0.174279 0
0.084649 0
0.052314 0
0.183192 0
