0.206132 0
0.083967 0
0.205462 0
0.218469 0
0.193787 0
0.119810 0
0.112141 0
0.102887 0
0.046153 0
0.135109 0
0.101687 0
0.072689 0
0.104751 0
0.617892 0
0.144204 0
0.115401 0
0.080607 0
0.277506 0
0.249894 0
0.257305 0
0.202925 0
0.262262 0
0.145444 0
0.281182 0
0.199595 0
0.116318 0
0.224927 0
0.193451 0
0.012233 0
0.154795 0
0.073320 0
0.099907 0
0.280779 0
0.261436 0
0.598168 0
0.138037 0
0.069054 0
0.167975 0
0.162978 0
0.098675 0
0.097100 0
0.037752 0
0.021049 0
0.201503 0
0.084644 0
0.246246 0
0.187006 0
0.117396 0
0.087428 0
0.213467 0
0.192754 0
0.065560 0
0.023786 0
0.414850 0
0.131189 0
0.039494 0
0.117301 0
0.572045 0
0.161922 0
0.156776 0
