0.083306 0
0.140423 0
0.228900 0
0.122740 0
0.125275 0
0.170216 0
0.123987 0
0.134595 0
0.123454 0
0.111423 0
0.084854 0
0.107825 0
0.155882 0
0.121571 0
0.112006 0
0.146723 0
0.048377 0
0.107564 0
0.077118 0
0.121763 0
0.118037 0
0.219997 0
0.144581 0
0.119214 0
0.115513 0
0.117906 0
0.109639 0
0.107061 0
0.115410 0
0.105450 0
0.072084 0
0.147218 0
0.136881 0
0.133046 0
0.170594 0
0.106021 0
0.107404 0
0.232222 0
0.143467 0
0.182225 0
0.023514 0
0.114124 0
0.109601 0
0.112713 0
0.037984 0
0.213614 0
0.003932 0
0.113531 0
0.111637 0
0.125546 0
0.126049 0
0.133322 0
0.160343 0
0.057285 0
0.024548 0
0.116928 0
0.106191 0
0.009167 0
0.103720 0
0.111841 0
0.116215 0
0.134630 0
0.137643 0
