0.197772 0
0.130287 0
0.065790 0
0.131330 0
0.058787 0
0.111178 0
0.129981 0
0.111248 0
0.094520 0
0.077500 0
0.073546 0
0.120056 0
0.072944 0
0.105778 0
0.155454 0
0.114000 0
0.179893 0
0.193180 0
0.039567 0
0.072724 0
0.070419 0
0.099643 0
0.090473 0
0.093062 0
0.098715 0
0.033181 0
0.156309 0
0.092467 0
0.019043 0
0.076999 0
0.074713 0
0.091241 0
0.076328 0
0.107127 0
0.112994 0
0.096142 0
0.109369 0
0.066004 0
0.097617 0
0.116767 0
0.092029 0
0.177909 0
0.067204 0
0.119196 0
0.148442 0
0.087224 0
0.233239 0
0.113652 0
0.065766 0
0.091649 0
0.109002 0
0.003650 0
0.078247 0
0.131563 0
0.083971 0
0.086205 0
0.077064 0
0.066081 0
0.199623 0
0.068559 0
0.072966 0
0.078519 0
0.110103 0
0.099218 0
0.066615 0
0.103554 0
0.119488 0
0.076734 0
0.117267 0
0.078933 0
0.035038 0
0.051886 0
0.094077 0
0.081378 0
0.154047 0
0.097497 0
0.033084 0
0.125543 0
