0.699157 0
0.288151 0
0.142600 0
0.368634 0
0.149210 0
0.115966 0
0.306888 0
0.342999 0
0.468456 0
0.297836 0
0.401514 0
0.590766 0
0.078798 0
0.165600 0
0.268640 0
0.696118 0
0.198920 0
0.301840 0
0.161052 0
0.052830 0
0.248022 0
0.480584 0
0.032444 0
0.358953 0
0.283379 0
0.911694 0
0.498188 0
0.384774 0
0.011698 0
0.168407 0
0.112932 0
0.583617 0
0.188243 0
0.323596 0
0.297362 0
0.188246 0
0.175232 0
0.260649 0
0.006290 0
0.377581 0
0.032618 0
0.185748 0
0.051669 0
0.561935 0
0.150042 0
0.060777 0
0.281632 0
