0.066507 0
0.163202 0
0.093273 0
0.067121 0
0.053997 0
0.073084 0
0.066172 0
0.056334 0
0.061277 0
0.075151 0
0.102988 0
0.078705 0
0.061494 0
0.140957 0
0.062720 0
0.070632 0
0.058224 0
0.097171 0
0.043402 0
0.124844 0
0.081945 0
0.109606 0
0.063863 0
0.074776 0
0.086053 0
0.023844 0
0.064350 0
0.072895 0
0.060008 0
0.096798 0
0.033976 0
0.085958 0
0.096567 0
0.072217 0
0.069847 0
0.080598 0
0.074978 0
0.088564 0
0.064143 0
0.277304 0
0.069585 0
0.100031 0
0.101444 0
0.056366 0
0.138042 0
0.077031 0
0.068513 0
0.190755 0
0.101053 0
0.067382 0
0.080161 0
0.124957 0
0.067325 0
0.177990 0
0.098957 0
0.178776 0
0.056477 0
