1.712158 0
0.470405 0
0.895032 0
0.165544 0
0.131658 0
0.314856 0
0.331575 0
0.265871 0
0.087433 0
0.267134 0
0.229785 0
0.136038 0
0.155202 0
0.206511 0
0.162689 0
0.543630 0
0.169199 0
0.126477 0
0.145156 0
0.149079 0
0.249641 0
0.109659 0
0.373860 0
0.584322 0
0.180211 0
0.095384 0
0.379506 0
0.086659 0
0.244476 0
0.655277 0
0.289874 0
0.313342 0
0.160985 0
0.229438 0
0.209677 0
0.269974 0
0.370419 0
0.042976 0
0.136305 0
0.049343 0
0.153949 0
0.171728 0
0.293635 0
0.046024 0
0.032128 0
0.185193 0
0.249751 0
0.239177 0
0.339996 0
0.246441 0
0.395458 0
0.306853 0
0.178685 0
0.269994 0
0.174778 0
0.215481 0
0.746215 0
0.094757 0
0.135325 0
