0.670314 0
0.154275 0
0.139912 0
0.115424 0
0.546722 0
0.101891 0
0.047684 0
0.132200 0
0.586680 0
0.168157 0
0.403886 0
0.432766 0
0.288588 0
0.189395 0
0.520286 0
0.079899 0
0.288032 0
0.122008 0
0.142749 0
0.056236 0
0.120062 0
0.240903 0
0.782749 0
0.322085 0
0.100635 0
0.099532 0
0.209834 0
0.460410 0
0.768502 0
0.205098 0
0.058153 0
0.375327 0
0.094102 0
0.059756 0
0.634039 0
0.111728 0
0.139902 0
0.407612 0
0.247166 0
0.161404 0
0.201987 0
0.193840 0
0.312873 0
0.914183 0
0.172661 0
0.111533 0
0.506659 0
0.075515 0
0.162459 0
0.040433 0
0.368727 0
0.109782 0
0.341086 0
0.071563 0
0.168447 0
0.327513 0
0.043516 0
0.101173 0
0.705600 0
