0.098980 0
0.120022 0
0.420013 0
0.121435 0
0.321827 0
0.297160 0
0.165100 0
0.150684 0
0.252116 0
0.159320 0
0.174833 0
0.151369 0
0.251076 0
0.109428 0
0.188566 0
0.226368 0
0.140852 0
0.103415 0
0.293939 0
0.107076 0
0.080675 0
0.071658 0
0.112835 0
0.142878 0
0.166761 0
0.105367 0
0.103995 0
0.263691 0
0.182427 0
0.363876 0
0.386101 0
0.119468 0
0.048246 0
0.117245 0
0.256682 0
0.075320 0
0.111148 0
0.230727 0
0.246536 0
0.096724 0
0.127532 0
0.050201 0
0.166398 0
0.015332 0
0.032296 0
0.128321 0
0.306167 0
0.075974 0
0.044483 0
0.168454 0
0.263206 0
0.134551 0
0.112014 0
0.198928 0
0.171221 0
0.122158 0
0.415972 0
0.386091 0
0.128068 0
0.110076 0
0.116696 0
0.137973 0
0.110491 0
0.070913 0
0.329005 0
0.155989 0
0.180991 0
0.110242 0
0.358160 0
