0.055173 0
0.064953 0
0.097667 0
0.060577 0
0.071006 0
0.076762 0
0.132530 0
0.094666 0
0.055109 0
0.074106 0
0.082030 0
0.154851 0
0.084602 0
0.065572 0
0.055905 0
0.014507 0
0.071156 0
0.075246 0
0.061180 0
0.102898 0
0.055427 0
0.067657 0
0.096710 0
0.081698 0
0.068309 0
0.063176 0
0.103220 0
0.075006 0
0.058472 0
0.122459 0
0.058754 0
0.079129 0
0.060071 0
0.065158 0
0.054370 0
0.040329 0
0.066474 0
0.064242 0
0.057654 0
0.058051 0
0.057684 0
0.076395 0
0.088256 0
0.059215 0
0.105877 0
0.089856 0
0.058302 0
0.094419 0
0.078969 0
0.060669 0
0.074384 0
0.118588 0
0.054716 0
0.163065 0
0.067013 0
0.140040 0
0.074536 0
0.075051 0
0.055732 0
0.089895 0
0.058403 0
0.074341 0
0.058225 0
0.084227 0
0.083114 0
0.099493 0
0.030016 0
0.057176 0
0.055432 0
0.056233 0
0.029298 0
0.095245 0
0.051424 0
0.057870 0
0.232212 0
0.104965 0
0.017546 0
0.079675 0
0.105234 0
0.069396 0
0.067301 0
0.058746 0
0.105973 0
0.070559 0
0.073311 0
0.068869 0
