0.108387 0
0.192812 0
0.099815 0
0.164909 0
0.227355 0
0.135814 0
0.076932 0
0.362214 0
0.079617 0
0.104921 0
0.110686 0
0.086658 0
0.054417 0
0.092492 0
0.273707 0
0.108850 0
0.098335 0
0.086959 0
0.102579 0
0.200971 0
0.330093 0
0.229508 0
0.143461 0
0.094655 0
0.209574 0
0.123618 0
0.208627 0
0.109721 0
0.215750 0
0.022934 0
0.144740 0
0.087933 0
0.210494 0
0.196571 0
0.147580 0
0.150224 0
0.019971 0
0.267206 0
0.143471 0
0.128203 0
0.080393 0
0.103758 0
0.108214 0
0.108922 0
0.126668 0
0.127840 0
0.103629 0
0.100169 0
0.193297 0
0.331451 0
0.412225 0
0.146458 0
0.085698 0
0.166093 0
0.089105 0
0.133407 0
0.064411 0
0.218110 0
0.095541 0
0.213523 0
0.106651 0
0.090815 0
0.181909 0
0.095133 0
0.099887 0
0.090651 0
0.096759 0
0.087556 0
0.001317 0
0.133808 0
0.082213 0
0.161926 0
0.836882 0
0.148996 0
