0.328015 0
0.029406 0
0.896981 0
0.349317 0
0.254575 0
0.220563 0
0.675798 0
0.167741 0
0.413703 0
0.287944 0
0.067629 0
0.114466 0
0.026784 0
0.189234 0
0.124383 0
0.373363 0
0.555563 0
0.344333 0
0.420309 0
0.022017 0
0.037804 0
0.055118 0
0.209023 0
0.017504 0
0.129082 0
0.151905 0
0.115290 0
0.276858 0
0.037247 0
0.675800 0
0.696112 0
0.108084 0
0.110812 0
0.032668 0
0.077355 0
0.286890 0
0.467418 0
0.229196 0
0.685479 0
1.099134 0
0.243521 0
0.566005 0
0.112175 0
0.122012 0
0.027300 0
0.246051 0
0.085570 0
0.188779 0
0.245465 0
0.264339 0
0.046950 0
