0.074585 0
0.068556 0
0.068082 0
0.072349 0
0.084001 0
0.077085 0
0.099085 0
0.087470 0
0.069910 0
0.076929 0
0.086538 0
0.047425 0
0.072287 0
0.068272 0
0.069082 0
0.072849 0
0.094567 0
0.074239 0
0.048566 0
0.097773 0
0.069504 0
0.066268 0
0.076430 0
0.073918 0
0.072177 0
0.081477 0
0.068964 0
0.080783 0
0.068220 0
0.079688 0
0.016429 0
0.093655 0
0.073016 0
0.092292 0
0.094985 0
0.067835 0
0.084932 0
0.094998 0
0.070943 0
0.109968 0
0.089302 0
0.088725 0
0.070620 0
0.006231 0
0.072900 0
0.031731 0
0.079982 0
0.101464 0
0.056631 0
0.051081 0
0.072118 0
0.095782 0
0.107791 0
0.081743 0
0.087038 0
0.096630 0
0.069312 0
0.069340 0
0.068665 0
0.095335 0
0.116176 0
0.075617 0
0.069317 0
0.070925 0
0.073202 0
0.083816 0
0.070917 0
0.105958 0
