0.186133 0
0.086959 0
0.134730 0
0.096852 0
0.259646 0
0.366579 0
0.124400 0
0.293846 0
0.119432 0
0.079466 0
0.086168 0
0.154173 0
0.029361 0
0.112856 0
0.089872 0
0.089930 0
0.197585 0
0.074009 0
0.218431 0
0.111995 0
0.152881 0
0.100364 0
0.049750 0
0.039552 0
0.130373 0
0.123716 0
0.254112 0
0.177053 0
0.116552 0
0.118638 0
0.033712 0
0.081511 0
0.148070 0
0.128368 0
0.263752 0
0.103132 0
0.032410 0
0.101503 0
0.073272 0
0.296632 0
0.080569 0
0.047255 0
0.132102 0
0.146236 0
0.195437 0
0.082802 0
0.110868 0
0.205198 0
0.007056 0
0.103121 0
0.174867 0
0.091875 0
0.139315 0
0.110285 0
0.077630 0
0.105061 0
0.328970 0
0.203809 0
0.114021 0
0.133473 0
0.092514 0
0.073879 0
0.156911 0
0.200696 0
0.224112 0
0.077501 0
0.053194 0
0.261201 0
0.201232 0
0.117385 0
0.085122 0
0.083194 0
0.137532 0
0.246309 0
0.162887 0
0.140110 0
0.191613 0
0.146752 0
0.100428 0
0.300475 0
0.117993 0
0.028929 0
0.086823 0
0.260720 0
0.125030 0
0.078239 0
0.099093 0
0.150465 0
0.114078 0
0.301346 0
0.116766 0
0.102102 0
0.158927 0
0.010215 0
0.121097 0
