1.045648 0
0.160122 0
0.053043 0
0.078059 0
0.500076 0
0.800228 0
0.854526 0
0.244038 0
0.422127 0
0.058962 0
0.110643 0
0.093228 0
0.271869 0
0.912976 0
0.799425 0
0.038747 0
0.503898 0
0.403902 0
0.060059 0
0.036903 0
0.039567 0
1.301418 0
0.057932 0
0.486123 0
0.176732 0
0.312340 0
0.241220 0
0.008252 0
0.062654 0
0.391264 0
0.328756 0
0.790647 0
0.007915 0
0.662240 0
0.333322 0
0.555839 0
0.120399 0
0.257197 0
0.524242 0
0.081097 0
0.354994 0
0.318647 0
0.248692 0
0.080772 0
0.160050 0
0.054715 0
0.528179 0
