0.065120 0
0.098613 0
0.088447 0
0.064160 0
0.045733 0
0.086577 0
0.045974 0
0.201085 0
0.052217 0
0.017120 0
0.093745 0
0.075533 0
0.049476 0
0.126755 0
0.058734 0
0.081889 0
0.114545 0
0.055068 0
0.096199 0
0.043981 0
0.049161 0
0.045317 0
0.081374 0
0.093978 0
0.103518 0
0.081643 0
0.052736 0
0.122298 0
0.058682 0
0.082088 0
0.061007 0
0.083433 0
0.099992 0
0.054950 0
0.098810 0
0.056293 0
0.120379 0
0.039993 0
0.019232 0
0.077638 0
0.044154 0
0.066139 0
0.061470 0
0.065962 0
0.211504 0
0.095510 0
0.051665 0
0.115905 0
0.046802 0
0.055108 0
0.033358 0
0.050134 0
0.050054 0
0.105717 0
0.065890 0
0.048936 0
0.102966 0
0.119597 0
0.063805 0
0.166507 0
0.051811 0
0.059112 0
