0.164332 0
0.151838 0
0.059163 0
0.049806 0
0.126382 0
0.105014 0
0.054844 0
0.091715 0
0.091759 0
0.100066 0
0.099603 0
0.019519 0
0.227586 0
0.062929 0
0.205783 0
0.050133 0
0.016695 0
0.077598 0
0.085480 0
0.070943 0
0.136923 0
0.428610 0
0.230436 0
0.114507 0
0.017722 0
0.196072 0
0.032581 0
0.061836 0
0.086326 0
0.114744 0
0.146574 0
0.089993 0
0.289171 0
0.064797 0
0.211368 0
0.199106 0
0.221732 0
0.023374 0
0.081351 0
0.038479 0
0.334220 0
0.163440 0
0.101547 0
0.211880 0
0.079397 0
0.022685 0
0.073008 0
0.165341 0
0.100487 0
0.154724 0
0.096772 0
0.088269 0
0.108333 0
0.111144 0
0.058411 0
0.060229 0
0.079004 0
0.131302 0
0.105014 0
0.280598 0
