0.159452 0
0.705522 0
0.600489 0
0.220012 0
0.206681 0
0.136489 0
0.237952 0
0.564902 0
0.082661 0
0.216314 0
0.111786 0
0.128065 0
0.192040 0
0.294445 0
0.288832 0
0.206296 0
0.157862 0
0.112952 0
0.131096 0
0.018420 0
0.262799 0
0.294275 0
0.232876 0
0.782414 0
0.236712 0
0.132326 0
0.249071 0
0.173526 0
0.186687 0
0.420164 0
0.046587 0
0.130005 0
0.180754 0
0.209670 0
0.154103 0
0.131546 0
0.100049 0
0.004072 0
0.118613 0
0.413167 0
0.091064 0
0.109262 0
0.481959 0
0.143555 0
0.147705 0
0.264130 0
0.081071 0
0.297460 0
0.073365 0
0.107488 0
0.408551 0
0.288369 0
0.048556 0
0.317375 0
0.140186 0
0.191125 0
0.137113 0
0.399622 0
0.095410 0
0.348944 0
