0.172728 0
0.160410 0
0.471995 0
0.102132 0
0.167369 0
0.111715 0
0.412042 0
0.276104 0
0.329542 0
0.111379 0
0.073496 0
0.039310 0
0.199154 0
0.270345 0
0.133190 0
0.110265 0
0.191085 0
0.147144 0
0.009998 0
0.103877 0
0.109078 0
0.242242 0
0.136148 0
0.265982 0
0.122618 0
0.387689 0
0.149475 0
0.080156 0
0.198512 0
0.124581 0
0.187680 0
0.139665 0
0.013265 0
0.354412 0
0.133653 0
0.007036 0
0.085347 0
0.311888 0
0.285594 0
0.324690 0
0.107709 0
0.305983 0
0.256383 0
0.173616 0
0.205913 0
0.103803 0
0.080619 0
0.117208 0
0.292843 0
0.044454 0
0.123588 0
0.035115 0
0.148197 0
0.181310 0
0.097933 0
0.244751 0
0.223910 0
0.417552 0
0.104678 0
