0.052666 0
0.076542 0
0.048325 0
0.055944 0
0.073957 0
0.089281 0
0.053134 0
0.063352 0
0.056108 0
0.089528 0
0.083166 0
0.056818 0
0.078125 0
0.055207 0
0.064182 0
0.032164 0
0.109022 0
0.080123 0
0.077071 0
0.057058 0
0.066899 0
0.060787 0
0.073850 0
0.053151 0
0.052212 0
0.056505 0
0.097910 0
0.061319 0
0.053497 0
0.067553 0
0.027949 0
0.067623 0
0.055902 0
0.072009 0
0.055968 0
0.138675 0
0.056520 0
0.090337 0
0.020876 0
0.060914 0
0.060141 0
0.066477 0
0.071316 0
0.052575 0
0.094818 0
0.086358 0
0.055725 0
0.061232 0
0.059944 0
0.066128 0
0.014100 0
0.089027 0
0.058400 0
0.052260 0
0.074296 0
0.073116 0
0.068434 0
0.052828 0
0.067490 0
0.071839 0
0.043762 0
0.060565 0
0.079734 0
0.018472 0
0.069131 0
0.009105 0
0.068590 0
0.033681 0
0.053739 0
0.061319 0
0.027819 0
0.051304 0
0.057107 0
0.061813 0
0.061602 0
0.055022 0
0.083489 0
0.057757 0
0.101169 0
0.062443 0
0.057691 0
0.067901 0
0.070295 0
0.113226 0
0.069562 0
0.100002 0
0.053520 0
0.054766 0
