0.239055 0
0.149583 0
0.209223 0
0.120130 0
0.301061 0
0.172470 0
0.260404 0
0.118992 0
0.128598 0
0.237089 0
0.113500 0
0.054401 0
0.134466 0
0.188689 0
0.130082 0
0.172148 0
0.115469 0
0.122979 0
0.172361 0
0.174709 0
0.246506 0
0.014671 0
0.050542 0
0.155106 0
0.118415 0
0.113213 0
0.124222 0
0.131877 0
0.148939 0
0.104848 0
0.019694 0
0.214081 0
0.112964 0
0.200588 0
0.182342 0
0.134398 0
0.134047 0
0.122234 0
0.167665 0
0.110830 0
0.044926 0
0.113578 0
0.108308 0
0.164712 0
0.133056 0
0.178249 0
0.111269 0
0.212692 0
0.104527 0
0.210233 0
0.089710 0
0.233754 0
0.114717 0
0.228108 0
0.111918 0
0.188442 0
0.026169 0
0.143394 0
0.118299 0
0.146961 0
0.135038 0
0.179795 0
0.193935 0
0.022511 0
0.111316 0
0.214912 0
0.111427 0
0.119235 0
0.144286 0
0.160707 0
0.128812 0
0.193168 0
0.243537 0
0.170315 0
0.122869 0
