0.104602 0
0.073517 0
0.180600 0
0.120470 0
0.071590 0
0.135800 0
0.213125 0
0.102866 0
0.058125 0
0.025442 0
0.100782 0
0.110925 0
0.181757 0
0.097838 0
0.095404 0
0.072306 0
0.093998 0
0.089208 0
0.192273 0
0.088127 0
0.072712 0
0.116525 0
0.070281 0
0.015055 0
0.079676 0
0.150333 0
0.115130 0
0.074566 0
0.106291 0
0.070639 0
0.069119 0
0.147381 0
0.088340 0
0.072565 0
0.164430 0
0.073939 0
0.083024 0
0.352642 0
0.094232 0
0.238322 0
0.070582 0
0.165267 0
0.096261 0
0.095457 0
0.051366 0
0.080831 0
0.075511 0
0.065530 0
0.134811 0
0.125451 0
0.087274 0
0.070009 0
0.280892 0
0.070565 0
0.069019 0
0.064615 0
0.117941 0
0.193179 0
0.151173 0
0.071271 0
0.097942 0
0.105417 0
0.014114 0
0.085801 0
0.069379 0
0.003474 0
0.034430 0
0.115801 0
0.073947 0
0.241280 0
0.129232 0
0.043729 0
0.102110 0
0.105205 0
0.179943 0
0.100442 0
0.192680 0
0.081848 0
0.137696 0
0.061639 0
0.111192 0
0.114106 0
0.086627 0
0.103030 0
0.145686 0
0.006715 0
0.126879 0
0.145209 0
0.099410 0
0.072900 0
0.106189 0
0.182774 0
