0.155572 0
0.157382 0
0.220495 0
0.183500 0
0.235733 0
0.238112 0
0.168805 0
0.172110 0
0.231551 0
0.331786 0
0.161176 0
0.213848 0
0.165590 0
0.216962 0
0.226675 0
0.192591 0
0.354291 0
0.298614 0
0.258621 0
0.046499 0
0.044654 0
0.264063 0
0.133756 0
0.245912 0
0.136968 0
0.223970 0
0.170813 0
0.209234 0
0.277571 0
0.198867 0
0.213150 0
0.178135 0
0.111936 0
0.124591 0
0.121413 0
0.158036 0
0.170070 0
0.319549 0
0.136627 0
0.191402 0
0.155589 0
0.198043 0
0.150271 0
0.176371 0
0.167493 0
0.119577 0
0.123456 0
