0.278586 0
0.150989 0
0.276396 0
0.420936 0
0.671932 0
0.264786 0
0.082383 0
0.355064 0
0.087973 0
0.130511 0
0.458466 0
0.144365 0
0.036539 0
0.025110 0
0.245650 0
0.478535 0
0.496113 0
0.665315 0
0.682654 0
0.378481 0
0.184484 0
0.162082 0
0.078024 0
0.491935 0
0.212535 0
0.180952 0
0.764147 0
0.091793 0
0.494830 0
0.479257 0
0.085376 0
0.347282 0
0.127714 0
0.438867 0
0.577197 0
0.372921 0
0.189971 0
0.308906 0
0.344851 0
0.425716 0
0.798343 0
0.255795 0
0.108097 0
0.105408 0
0.495931 0
0.115361 0
0.419871 0
0.709467 0
0.306017 0
0.285968 0
0.525172 0
0.649834 0
0.113392 0
0.218170 0
