0.088942 0
0.070766 0
0.045732 0
0.044322 0
0.491616 0
0.056019 0
0.094176 0
0.554882 0
0.251022 0
0.240243 0
0.087475 0
0.165332 0
0.059973 0
0.097693 0
0.259964 0
0.136517 0
0.404332 0
0.079729 0
0.015108 0
0.009513 0
0.076840 0
0.296938 0
0.429719 0
0.094953 0
0.210823 0
0.030257 0
0.398523 0
0.184834 0
0.374931 0
0.229757 0
0.112028 0
0.051292 0
0.098377 0
0.874227 0
0.484620 0
0.367595 0
0.112605 0
0.573425 0
0.577570 0
0.056139 0
0.130872 0
0.054089 0
0.055150 0
0.297442 0
0.091351 0
0.042921 0
0.121196 0
0.140694 0
0.347801 0
0.394816 0
0.320198 0
0.049869 0
0.535114 0
0.144976 0
0.047226 0
0.219541 0
0.354107 0
0.145179 0
0.045366 0
0.075275 0
0.062287 0
0.066917 0
0.020870 0
0.060676 0
0.051428 0
0.236490 0
0.254017 0
0.102938 0
0.069957 0
0.073349 0
0.079310 0
0.668122 0
0.321090 0
0.135985 0
0.087545 0
