1.135035 0
0.094439 0
0.122674 0
0.573959 0
0.251273 0
0.132014 0
0.121857 0
0.241137 0
0.202563 0
0.234806 0
0.086660 0
0.237337 0
0.184202 0
0.086010 0
0.198969 0
0.130603 0
0.984476 0
0.244256 0
0.480069 0
0.126052 0
0.390858 0
0.111694 0
0.098663 0
0.009671 0
0.024673 0
0.140036 0
0.118314 0
0.034334 0
0.394492 0
0.093415 0
0.056254 0
0.130390 0
0.199612 0
0.138388 0
0.132506 0
0.092744 0
0.016196 0
0.267051 0
0.853311 0
0.090519 0
0.300075 0
0.128987 0
0.248021 0
0.314708 0
0.550840 0
0.138397 0
0.202180 0
0.239961 0
0.330884 0
0.111063 0
0.098209 0
0.266539 0
0.312367 0
0.089976 0
0.287074 0
0.309693 0
0.195559 0
0.193283 0
0.108473 0
