0.206964 0
0.710550 0
0.324729 0
0.315266 0
0.608939 0
0.182776 0
0.181716 0
0.184765 0
0.116018 0
0.130056 0
0.200118 0
0.325557 0
0.272710 0
0.063831 0
0.306926 0
0.126659 0
0.321521 0
0.200208 0
0.171252 0
0.254804 0
0.087797 0
0.114919 0
0.690042 0
0.715547 0
0.326695 0
0.135561 0
0.105088 0
0.045145 0
0.106673 0
0.274332 0
0.072983 0
0.186094 0
0.176575 0
0.131755 0
0.137682 0
0.254795 0
0.402747 0
0.079403 0
0.162263 0
0.130245 0
0.098323 0
0.363936 0
0.013407 0
0.516558 0
0.005428 0
0.352172 0
0.083543 0
0.128583 0
0.157899 0
0.212453 0
0.096870 0
0.951359 0
0.348969 0
0.123286 0
0.045469 0
0.239999 0
0.167077 0
