0.160503 0
0.044839 0
0.324658 0
0.316902 0
0.236130 0
0.045631 0
0.199325 0
0.160336 0
0.226422 0
0.102190 0
0.023841 0
0.107539 0
0.103705 0
0.204433 0
0.135035 0
0.182527 0
0.046620 0
0.103703 0
0.109766 0
0.137790 0
0.035133 0
0.131930 0
0.050189 0
0.114539 0
0.167472 0
0.122744 0
0.013059 0
0.200614 0
0.062281 0
0.114561 0
0.146512 0
0.140772 0
0.179625 0
0.118936 0
0.274330 0
0.202028 0
0.164201 0
0.109102 0
0.119406 0
0.416020 0
0.258059 0
0.146403 0
0.101732 0
0.139701 0
0.135927 0
0.131855 0
0.334867 0
0.235640 0
0.039111 0
0.217684 0
0.059088 0
0.137004 0
0.249380 0
0.148243 0
0.109387 0
0.030710 0
