0.118140 0
0.151555 0
0.231343 0
0.110457 0
0.121852 0
0.142759 0
0.162886 0
0.234353 0
0.159265 0
0.159032 0
0.153089 0
0.108557 0
0.100711 0
0.115480 0
0.159692 0
0.125831 0
0.020415 0
0.119121 0
0.115570 0
0.127628 0
0.120228 0
0.132745 0
0.122185 0
0.150140 0
0.116940 0
0.140207 0
0.162850 0
0.171389 0
0.053436 0
0.033562 0
0.152417 0
0.021972 0
0.122687 0
0.117957 0
0.019819 0
0.201064 0
0.102445 0
0.048554 0
0.062303 0
0.144013 0
0.192359 0
0.105737 0
0.116380 0
0.153325 0
0.107177 0
0.100966 0
0.173275 0
0.156063 0
0.128090 0
0.118502 0
0.115143 0
0.232607 0
0.142376 0
0.031754 0
0.104828 0
0.147876 0
0.130243 0
