0.093763 0
0.086666 0
0.098139 0
0.093782 0
0.093504 0
0.097961 0
0.093504 0
0.093009 0
0.097632 0
0.093703 0
0.111620 0
0.030865 0
0.086353 0
0.096277 0
0.095147 0
0.099755 0
0.093467 0
0.093986 0
0.035523 0
0.095755 0
0.092990 0
0.093289 0
0.077220 0
0.093383 0
0.092880 0
0.095788 0
0.094837 0
0.098425 0
0.091563 0
0.096126 0
0.098545 0
0.095097 0
0.094628 0
0.094843 0
0.100628 0
0.102996 0
0.094110 0
0.093798 0
0.092980 0
0.039463 0
0.093086 0
0.101151 0
0.093257 0
0.093745 0
0.094221 0
0.092827 0
0.096522 0
0.094394 0
0.086481 0
0.097729 0
0.093780 0
0.092958 0
0.095916 0
0.104769 0
0.102796 0
0.092967 0
0.094745 0
0.093465 0
0.093937 0
0.092826 0
0.093280 0
0.093064 0
0.098010 0
0.101958 0
0.095459 0
0.098066 0
0.092975 0
0.096908 0
0.095013 0
0.098176 0
