1.902263 0
0.126091 0
0.479726 0
0.054568 0
0.041003 0
0.489364 0
0.198853 0
0.182983 0
0.125322 0
0.591045 0
0.737837 0
0.155873 0
0.193597 0
0.261689 0
0.062029 0
0.054269 0
0.503173 0
0.445545 0
0.977987 0
0.013197 0
0.453139 0
0.349685 0
0.231722 0
0.222245 0
0.220203 0
0.406761 0
0.204789 0
0.136862 0
0.715528 0
0.249468 0
0.573023 0
0.138450 0
0.538378 0
0.311873 0
0.398251 0
0.247410 0
0.089514 0
0.099037 0
0.204819 0
0.136346 0
0.273046 0
0.159326 0
0.143705 0
0.236434 0
0.085969 0
0.244814 0
0.136408 0
0.410793 0
0.356761 0
