0.559651 0
0.097426 0
0.144530 0
0.178397 0
0.270891 0
0.185490 0
0.668188 0
0.311369 0
0.363332 0
0.036511 0
0.165250 0
0.205561 0
0.134976 0
0.106082 0
0.548885 0
0.179175 0
1.807433 0
0.022852 0
0.999688 0
0.105396 0
0.491871 0
0.331202 0
0.043913 0
0.038009 0
0.246749 0
0.074041 0
0.100985 0
0.183880 0
1.065726 0
0.269911 0
0.966803 0
0.022858 0
0.400797 0
0.026480 0
0.159086 0
0.139784 0
0.008284 0
0.103465 0
0.974674 0
0.534833 0
0.201909 0
0.112738 0
0.156043 0
0.101976 0
0.223798 0
0.750120 0
0.450028 0
1.030634 0
0.372149 0
