0.109320 0
0.220131 0
0.260117 0
0.171463 0
0.159111 0
0.141127 0
0.081406 0
0.287234 0
0.161598 0
0.147768 0
0.043245 0
0.164376 0
0.100705 0
0.037660 0
0.072652 0
0.198161 0
0.128603 0
0.101065 0
0.076848 0
0.124353 0
0.115648 0
0.067458 0
0.043872 0
0.159694 0
0.106754 0
0.105374 0
0.072033 0
0.111246 0
0.134747 0
0.205296 0
0.094115 0
0.027558 0
0.077812 0
0.081851 0
0.086961 0
0.031351 0
0.166082 0
0.117361 0
0.126135 0
0.072494 0
0.106037 0
0.148250 0
0.081204 0
0.072991 0
0.156602 0
0.143029 0
