0.257800 0
0.025673 0
0.080599 0
0.136471 0
0.262029 0
0.243151 0
0.246433 0
0.061943 0
0.070423 0
0.054531 0
0.063294 0
0.271374 0
0.127573 0
0.153178 0
0.015261 0
0.169820 0
0.051164 0
0.030118 0
0.132278 0
0.221436 0
0.177806 0
0.056438 0
0.353837 0
0.020021 0
0.089203 0
0.097916 0
0.108227 0
0.193763 0
0.413288 0
0.026997 0
0.424706 0
0.059685 0
0.069670 0
0.246110 0
0.430029 0
0.254808 0
0.812596 0
0.051707 0
0.018005 0
0.123835 0
0.071014 0
0.400519 0
0.110163 0
0.221286 0
0.106319 0
0.023176 0
0.167813 0
0.056456 0
0.193154 0
0.062632 0
0.235061 0
0.075310 0
0.019147 0
0.048551 0
0.115260 0
0.109081 0
0.011124 0
0.112924 0
0.147612 0
0.122517 0
0.102951 0
0.133547 0
0.140463 0
0.248412 0
0.043370 0
0.181129 0
0.102340 0
0.261805 0
