0.130454 0
0.051490 0
0.074168 0
0.087935 0
0.179687 0
0.033399 0
0.107623 0
0.051801 0
0.122792 0
0.073477 0
0.045130 0
0.089561 0
0.089390 0
0.320404 0
0.125356 0
0.079808 0
0.051836 0
0.230297 0
0.029169 0
0.112267 0
0.251363 0
0.182971 0
0.032375 0
0.111979 0
0.181006 0
0.041861 0
0.029256 0
0.117606 0
0.029827 0
0.045455 0
0.061525 0
0.070466 0
0.012893 0
0.050120 0
0.093430 0
0.080316 0
0.047676 0
0.075809 0
0.098637 0
0.047787 0
0.116485 0
0.036187 0
0.048858 0
0.142603 0
0.037528 0
0.115278 0
0.108886 0
0.071499 0
0.058798 0
0.052941 0
0.267583 0
0.195870 0
0.238540 0
0.168216 0
0.227944 0
0.104131 0
0.166080 0
0.085698 0
0.028933 0
0.176546 0
0.397660 0
0.062751 0
0.094600 0
0.050809 0
0.116803 0
0.044873 0
0.030250 0
0.053408 0
0.164667 0
0.279725 0
0.115419 0
0.036688 0
0.086491 0
0.066514 0
0.248103 0
0.053243 0
0.080248 0
0.361556 0
0.141683 0
0.064670 0
0.092543 0
0.096399 0
0.042198 0
