0.120969 0
0.113365 0
0.069564 0
0.261653 0
0.053403 0
0.073976 0
0.115809 0
0.100503 0
0.160990 0
0.089317 0
0.115817 0
0.034765 0
0.222674 0
0.155798 0
0.145477 0
0.085804 0
0.070089 0
0.112494 0
0.170529 0
0.076206 0
0.071623 0
0.100214 0
0.121267 0
0.137194 0
0.098934 0
0.158493 0
0.065259 0
0.050640 0
0.289988 0
0.063191 0
0.076665 0
0.215886 0
0.065444 0
0.043719 0
0.143412 0
0.068747 0
0.194112 0
0.134467 0
0.098875 0
0.104075 0
0.081679 0
0.068427 0
0.093561 0
0.158659 0
0.237329 0
0.039190 0
0.164286 0
0.218354 0
0.099512 0
0.079051 0
