0.134349 0
0.290457 0
0.163954 0
0.087096 0
0.099789 0
0.206218 0
0.134181 0
0.261584 0
0.121966 0
0.132565 0
0.109499 0
0.148094 0
0.138715 0
0.103679 0
0.210546 0
0.150980 0
0.136225 0
0.065546 0
0.127146 0
0.140196 0
0.088227 0
0.177451 0
0.058274 0
0.087430 0
0.045929 0
0.115939 0
0.060369 0
0.134178 0
0.112711 0
0.090610 0
0.160220 0
0.102790 0
0.014299 0
0.132958 0
0.208931 0
0.220291 0
0.218497 0
0.132126 0
0.110482 0
0.103126 0
0.161044 0
0.113994 0
0.139375 0
0.121880 0
0.156693 0
0.116185 0
0.091046 0
0.061023 0
0.091667 0
0.004311 0
0.111231 0
0.084915 0
0.106652 0
0.100609 0
0.401998 0
0.032188 0
0.070143 0
0.124190 0
0.074924 0
0.112025 0
0.029096 0
0.095108 0
0.110981 0
0.122783 0
0.108956 0
0.021406 0
0.111697 0
0.036157 0
0.154326 0
0.189813 0
0.383107 0
0.170300 0
0.119582 0
0.119437 0
0.178737 0
0.023019 0
0.100435 0
0.145839 0
