0.022266 0
0.269406 0
0.109368 0
0.113432 0
0.030878 0
0.024188 0
0.134604 0
0.030089 0
0.067256 0
0.098976 0
0.018963 0
0.032449 0
0.035798 0
0.025458 0
0.199049 0
0.164604 0
0.089575 0
0.023989 0
0.056196 0
0.170748 0
0.021002 0
0.065923 0
0.039427 0
0.050318 0
0.032642 0
0.102683 0
0.042418 0
0.072518 0
0.044386 0
0.068886 0
0.150440 0
0.068875 0
0.102356 0
0.073091 0
0.053925 0
0.039405 0
0.017356 0
0.103903 0
0.017501 0
0.268938 0
0.053447 0
0.017679 0
0.124061 0
0.340985 0
0.147527 0
0.134464 0
0.109110 0
0.040038 0
0.026308 0
0.043674 0
0.003828 0
0.056400 0
0.049605 0
0.040901 0
0.149186 0
