0.087251 0
0.170213 0
0.097888 0
0.047314 0
0.132832 0
0.254097 0
0.203856 0
0.086058 0
0.255342 0
0.042700 0
0.042683 0
0.067542 0
0.121793 0
0.326899 0
0.078868 0
0.124819 0
0.049961 0
0.245862 0
0.050632 0
0.192270 0
0.082153 0
0.154376 0
0.163397 0
0.077179 0
0.038415 0
0.091901 0
0.058668 0
0.069658 0
0.143212 0
0.261120 0
0.090127 0
0.051375 0
0.008697 0
0.078396 0
0.037548 0
0.043669 0
0.056368 0
0.246781 0
0.251806 0
0.272929 0
0.054939 0
0.024134 0
0.046114 0
0.043409 0
0.057997 0
0.094264 0
0.205872 0
0.115285 0
0.027646 0
0.199074 0
0.129889 0
0.069097 0
0.151824 0
0.189950 0
0.044151 0
0.112709 0
0.071216 0
0.162606 0
0.048457 0
0.043327 0
0.214067 0
0.049288 0
0.046278 0
0.180910 0
0.009803 0
0.196492 0
0.035262 0
0.085235 0
0.277730 0
0.100271 0
0.075494 0
0.010954 0
0.037772 0
0.088176 0
0.014800 0
0.035716 0
0.176301 0
0.164635 0
0.187467 0
0.044727 0
0.061464 0
0.021041 0
0.008397 0
0.036751 0
0.131467 0
0.216663 0
0.105222 0
