0.116065 0
0.148046 0
0.192662 0
0.042916 0
0.195004 0
0.314649 0
0.080844 0
0.228556 0
0.235438 0
0.126037 0
0.207939 0
0.112691 0
0.103316 0
0.098435 0
0.105430 0
0.043872 0
0.230855 0
0.108443 0
0.145734 0
0.077009 0
0.085663 0
0.162490 0
0.199962 0
0.106441 0
0.183580 0
0.086392 0
0.128135 0
0.061016 0
0.095232 0
0.157824 0
0.099489 0
0.219994 0
0.203477 0
0.091904 0
0.092779 0
0.235685 0
0.084673 0
0.110742 0
0.138199 0
0.142101 0
0.064441 0
0.080252 0
0.084979 0
0.171133 0
0.052893 0
0.018143 0
0.019739 0
0.127592 0
0.196297 0
0.050940 0
0.209443 0
0.122186 0
0.096061 0
0.081649 0
0.080707 0
0.158483 0
0.162468 0
0.074289 0
0.098687 0
0.125207 0
0.153504 0
0.242279 0
0.099427 0
0.338100 0
0.187311 0
0.126146 0
