0.394755 0
0.086584 0
0.157246 0
0.332331 0
0.161214 0
0.174049 0
0.033260 0
0.284595 0
0.119274 0
0.382792 0
0.134980 0
0.049774 0
0.208852 0
0.197461 0
0.061054 0
0.048360 0
0.320449 0
0.266958 0
0.135869 0
0.153296 0
0.137180 0
0.190256 0
0.907726 0
0.173518 0
0.561660 0
0.340059 0
0.065938 0
0.310765 0
0.168666 0
0.192015 0
0.114493 0
0.098562 0
0.222242 0
0.158323 0
0.068808 0
0.018509 0
0.660339 0
0.373458 0
0.161938 0
0.613247 0
0.232219 0
0.601177 0
0.487592 0
0.084823 0
0.424854 0
0.941383 0
0.046283 0
0.039160 0
0.011496 0
0.086230 0
0.095882 0
0.092578 0
0.116260 0
0.146943 0
0.800884 0
0.343152 0
