0.301522 0
0.132847 0
0.167548 0
0.354859 0
0.118943 0
0.160638 0
0.201513 0
0.045119 0
0.228259 0
0.227439 0
0.712055 0
0.037164 0
0.082779 0
0.152531 0
0.056437 0
0.019729 0
0.403118 0
0.326150 0
0.177450 0
0.163693 0
0.134068 0
0.442791 0
0.131568 0
0.117057 0
0.119256 0
0.198047 0
0.214444 0
0.121184 0
0.265522 0
0.097581 0
0.131329 0
0.158518 0
0.145018 0
0.395186 0
0.254643 0
0.089264 0
0.352665 0
0.169196 0
0.208616 0
0.099962 0
0.108160 0
0.142938 0
0.057983 0
0.158345 0
0.188883 0
0.195132 0
0.120383 0
0.022480 0
0.080526 0
0.170471 0
0.120109 0
0.148934 0
0.084003 0
0.240611 0
