0.350552 0
0.439376 0
0.259001 0
0.194499 0
0.084020 0
0.051651 0
0.068988 0
0.991571 0
0.544681 0
0.211068 0
0.447311 0
0.327681 0
1.345975 0
0.023127 0
0.114910 0
2.540137 0
0.320610 0
0.171495 0
0.247559 0
0.455665 0
0.471901 0
0.657041 0
0.110623 0
0.215870 0
0.135250 0
0.225215 0
0.370725 0
0.036999 0
0.224042 0
0.024871 0
0.802828 0
0.120822 0
0.217057 0
0.501376 0
0.160914 0
0.028995 0
0.250461 0
0.491062 0
0.053337 0
0.358925 0
0.243890 0
0.917182 0
0.694664 0
0.814657 0
0.090400 0
0.508249 0
0.151789 0
0.223725 0
0.096158 0
0.908504 0
0.412363 0
0.461841 0
0.362397 0
0.414456 0
