0.178454 0
0.111220 0
0.092977 0
0.082065 0
0.135234 0
0.113666 0
0.164647 0
0.041651 0
0.101243 0
0.119835 0
0.082108 0
0.097704 0
0.080453 0
0.097568 0
0.131919 0
0.073715 0
0.068860 0
0.172267 0
0.113207 0
0.098183 0
0.061990 0
0.064420 0
0.096631 0
0.077363 0
0.155611 0
0.065804 0
0.109653 0
0.068933 0
0.076539 0
0.113971 0
0.081071 0
0.160599 0
0.119701 0
0.080903 0
0.229120 0
0.076678 0
0.100364 0
0.078683 0
0.111558 0
0.093747 0
0.177404 0
0.102999 0
0.153453 0
0.157114 0
0.067707 0
0.183617 0
0.058889 0
0.070064 0
0.205276 0
0.160061 0
0.238939 0
0.106678 0
0.215149 0
0.233171 0
0.235707 0
0.232630 0
0.140495 0
0.093467 0
0.261531 0
0.219213 0
0.194318 0
0.068766 0
0.042516 0
0.140685 0
0.142013 0
