0.065658 0
0.133480 0
0.119404 0
0.083637 0
0.130828 0
0.045302 0
0.084760 0
0.092542 0
0.112132 0
0.096667 0
0.122642 0
0.068657 0
0.274731 0
0.133455 0
0.114558 0
0.044223 0
0.064925 0
0.051613 0
0.108279 0
0.123471 0
0.050530 0
0.057440 0
0.188659 0
0.088948 0
0.092552 0
0.048840 0
0.088099 0
0.079010 0
0.037755 0
0.161858 0
0.106310 0
0.395199 0
0.082084 0
0.075431 0
0.210446 0
0.059587 0
0.082209 0
0.242295 0
0.142096 0
0.113566 0
0.057069 0
0.047790 0
0.084329 0
0.225028 0
0.075242 0
0.250733 0
0.264792 0
0.166451 0
0.094849 0
0.064292 0
0.187459 0
0.072030 0
0.188048 0
0.056006 0
0.236245 0
0.041842 0
0.135950 0
0.295910 0
0.174977 0
0.445377 0
0.068295 0
0.109581 0
0.122381 0
0.262101 0
0.054549 0
0.183636 0
0.075866 0
0.186640 0
0.097230 0
0.056045 0
0.044410 0
0.125448 0
0.259261 0
0.161220 0
