0.233322 0
0.174001 0
0.237514 0
0.738784 0
0.104035 0
0.130142 0
0.192113 0
0.124331 0
0.094976 0
0.104348 0
0.094232 0
0.058878 0
0.358836 0
0.093517 0
0.269040 0
0.102958 0
0.029784 0
0.396166 0
0.118868 0
0.293373 0
0.225945 0
0.444085 0
0.114465 0
0.069056 0
0.189809 0
0.090168 0
0.104658 0
0.097557 0
0.168143 0
0.103614 0
0.009064 0
0.090858 0
0.075182 0
0.175229 0
0.095510 0
0.109019 0
0.051312 0
0.090364 0
0.212349 0
0.093144 0
0.237033 0
0.144522 0
0.414568 0
0.282030 0
0.358994 0
0.223559 0
0.164855 0
0.208507 0
0.097178 0
0.428812 0
0.103106 0
0.171152 0
0.153747 0
0.405098 0
0.104617 0
0.268580 0
0.129184 0
0.108642 0
0.122283 0
0.185412 0
