1.259597 0
1.565168 0
1.268109 0
0.171023 0
0.427406 0
0.300459 0
0.165484 0
0.457765 0
0.188651 0
1.175102 0
0.380340 0
0.084197 0
0.895784 0
0.090750 0
0.433674 0
0.417689 0
0.454590 0
0.483451 0
0.246665 0
0.355266 0
0.071963 0
0.127216 0
0.585191 0
0.008250 0
0.943504 0
0.219038 0
0.067215 0
0.377030 0
1.135479 0
0.263582 0
0.291645 0
0.031794 0
0.373786 0
0.365602 0
0.315908 0
0.119966 0
0.210403 0
0.144861 0
0.030808 0
0.645241 0
0.150057 0
0.153324 0
0.353445 0
0.188090 0
0.491374 0
0.339017 0
0.130721 0
0.533717 0
0.421559 0
0.427340 0
0.044152 0
0.422369 0
0.321038 0
0.639337 0
0.030567 0
0.487758 0
