0.118078 0
0.126046 0
0.494658 0
0.202100 0
0.374119 0
0.291097 0
0.180777 0
0.210492 0
0.094337 0
0.334036 0
0.052950 0
0.431122 0
0.119527 0
0.325264 0
0.144253 0
0.260328 0
0.234245 0
0.326762 0
0.199496 0
0.317657 0
0.068674 0
0.107351 0
0.116364 0
0.241010 0
0.427541 0
0.125048 0
0.127337 0
0.126218 0
0.251384 0
0.165814 0
0.273714 0
0.179002 0
0.167446 0
0.068288 0
0.080048 0
0.083255 0
0.182029 0
0.196288 0
0.019324 0
0.271568 0
0.259137 0
0.215911 0
0.106368 0
0.204744 0
0.271875 0
0.164426 0
0.175239 0
0.155266 0
0.188061 0
0.175258 0
0.095875 0
0.243178 0
0.171974 0
0.164834 0
0.072827 0
0.010136 0
0.316044 0
0.628058 0
0.044974 0
0.435610 0
0.021213 0
0.048712 0
0.026124 0
0.143749 0
0.062250 0
0.319095 0
0.106385 0
0.102207 0
0.323322 0
0.247919 0
0.330839 0
0.341362 0
0.117879 0
0.107829 0
0.275620 0
0.145303 0
0.200260 0
0.182257 0
