0.169365 0
0.126984 0
0.852362 0
0.209814 0
0.388827 0
0.115760 0
0.107616 0
0.322738 0
0.251525 0
0.140783 0
0.467648 0
0.100967 0
0.136036 0
0.110533 0
0.180177 0
1.183040 0
0.288365 0
0.095674 0
0.086473 0
0.694091 0
0.136686 0
0.118311 0
0.175973 0
0.276089 0
0.538488 0
0.303255 0
0.014533 0
0.297627 0
0.520262 0
0.278883 0
0.261992 0
0.121574 0
0.190189 0
0.152097 0
0.208866 0
0.590533 0
0.476442 0
0.196936 0
0.338707 0
1.058545 0
0.199046 0
0.220481 0
0.019089 0
0.242967 0
0.104791 0
0.298555 0
0.499259 0
0.187447 0
0.470859 0
0.182947 0
0.114484 0
0.479077 0
