0.524339 0
0.625221 0
0.293087 0
0.401181 0
0.640172 0
0.255525 0
0.255056 0
0.529682 0
0.158417 0
0.378204 0
0.721597 0
0.108910 0
0.242076 0
0.319795 0
0.984784 0
0.038074 0
0.547508 0
0.023642 0
0.533665 0
0.184629 0
0.433262 0
0.208436 0
0.378615 0
0.041867 0
0.648964 0
0.274258 0
0.130280 0
0.105762 0
0.025554 0
0.977951 0
0.318213 0
0.496397 0
0.660491 0
0.235530 0
0.192454 0
0.216220 0
0.267860 0
0.117820 0
0.251676 0
0.215905 0
0.053535 0
0.425211 0
0.372865 0
0.193810 0
0.261266 0
0.321964 0
0.215180 0
0.808922 0
