0.347597 0
0.423989 0
0.192449 0
0.153338 0
0.145900 0
0.289573 0
0.160403 0
0.091420 0
0.244595 0
0.327090 0
0.044354 0
0.098242 0
0.018430 0
0.125997 0
0.014664 0
0.279431 0
0.564746 0
0.688143 0
0.252362 0
0.547171 0
0.040499 0
0.184460 0
0.460912 0
0.223763 0
0.245680 0
0.197560 0
0.101060 0
0.021557 0
0.103509 0
0.454926 0
0.109602 0
0.094326 0
0.205051 0
0.704566 0
0.087752 0
0.383915 0
0.161822 0
0.213299 0
0.082533 0
0.222052 0
1.012120 0
0.358579 0
0.022746 0
0.175569 0
0.258150 0
0.115587 0
0.094971 0
0.402704 0
0.044444 0
0.533630 0
0.025186 0
0.352431 0
0.633897 0
0.049256 0
