0.474545 0
0.050042 0
0.235718 0
0.276398 0
0.077408 0
0.757267 0
0.064669 0
0.108609 0
0.310587 0
0.187533 0
0.435284 0
0.130427 0
0.138050 0
0.346087 0
0.060708 0
0.119765 0
0.996036 0
0.212536 0
0.178866 0
0.418520 0
0.220046 0
0.129060 0
0.426657 0
0.416757 0
0.207404 0
0.548305 0
0.235672 0
0.296346 0
0.165553 0
0.067107 0
0.060810 0
0.036132 0
0.138028 0
0.353598 0
0.470192 0
0.113096 0
0.128553 0
0.025140 0
0.037313 0
0.161581 0
0.501422 0
0.150635 0
0.213017 0
0.073293 0
0.463746 0
0.011138 0
0.675317 0
0.571661 0
0.280712 0
0.116956 0
0.728184 0
1.006485 0
0.180876 0
0.168211 0
0.277720 0
0.210926 0
0.062563 0
0.509065 0
0.184770 0
0.158660 0
0.157117 0
0.194044 0
0.094739 0
0.246717 0
0.533683 0
0.718645 0
0.499240 0
0.250213 0
0.071629 0
0.121237 0
0.034538 0
0.137932 0
0.244001 0
0.371173 0
