0.350584 0
0.293200 0
0.187626 0
0.952853 0
0.142519 0
0.317779 0
0.104103 0
0.385921 0
0.312235 0
0.077854 0
0.446636 0
0.304983 0
0.231477 0
0.024950 0
0.307246 0
0.352911 0
0.187153 0
0.221491 0
0.872357 0
0.260622 0
0.219772 0
0.489883 0
0.090852 0
0.582433 0
0.020980 0
0.104025 0
0.041065 0
0.733460 0
0.323706 0
0.191222 0
0.104871 0
0.379629 0
0.676740 0
0.259538 0
0.612403 0
0.328792 0
0.374375 0
0.103904 0
0.465297 0
0.408595 0
0.123460 0
0.137553 0
0.359917 0
0.108193 0
0.441942 0
0.416114 0
0.311375 0
0.384572 0
0.537020 0
0.309016 0
1.274866 0
