0.115586 0
0.096408 0
0.085069 0
0.076716 0
0.203326 0
0.204240 0
0.062853 0
0.167771 0
0.073405 0
0.107241 0
0.028109 0
0.086542 0
0.298942 0
0.160642 0
0.093881 0
0.127725 0
0.256945 0
0.080788 0
0.046879 0
0.127362 0
0.047070 0
0.192138 0
0.174090 0
0.113873 0
0.133723 0
0.065817 0
0.107336 0
0.162306 0
0.147109 0
0.163742 0
0.053399 0
0.049239 0
0.361045 0
0.353948 0
0.178715 0
0.039732 0
0.028086 0
0.059722 0
0.061898 0
0.136302 0
0.076721 0
0.202014 0
0.241419 0
0.054318 0
0.081896 0
0.072469 0
0.016419 0
0.539563 0
0.126294 0
0.140514 0
0.093265 0
0.078379 0
0.093255 0
0.086465 0
1.045460 0
0.114385 0
0.105530 0
0.097518 0
0.039784 0
0.119178 0
0.123257 0
0.153767 0
0.099462 0
0.050523 0
0.053355 0
