0.361453 0
0.703792 0
0.816180 0
0.070023 0
0.146733 0
0.120764 0
0.392607 0
0.391529 0
0.307577 0
0.064011 0
0.096445 0
0.155564 0
0.197978 0
0.401845 0
0.095019 0
0.156419 0
0.148742 0
0.165102 0
0.229476 0
0.537794 0
0.974814 0
0.592348 0
0.544953 0
0.232392 0
0.920496 0
0.435391 0
0.112255 0
0.047605 0
0.579556 0
0.781512 0
0.198244 0
0.205981 0
0.490506 0
0.205211 0
0.049560 0
0.139184 0
0.097932 0
0.419101 0
0.217215 0
0.201002 0
0.153349 0
0.088845 0
0.085642 0
0.001914 0
0.066846 0
0.353959 0
0.221836 0
0.216562 0
0.183281 0
0.477414 0
2.961340 0
0.159350 0
0.404953 0
0.859265 0
0.080081 0
0.177013 0
0.160951 0
0.002825 0
0.097330 0
