0.258919 0
0.090375 0
0.070304 0
0.112873 0
0.096731 0
0.119362 0
0.147273 0
0.157889 0
0.276691 0
0.112246 0
0.161322 0
0.195635 0
0.240290 0
0.162073 0
0.163192 0
0.328435 0
0.148394 0
0.105850 0
0.148248 0
0.340231 0
0.384988 0
0.014684 0
0.106496 0
0.298947 0
0.160091 0
0.015697 0
0.260810 0
0.254676 0
0.006948 0
0.095558 0
0.231541 0
0.149456 0
0.183356 0
0.262471 0
0.132766 0
0.129351 0
0.091196 0
0.004389 0
0.402091 0
0.220001 0
0.124968 0
0.048408 0
0.514214 0
0.207805 0
0.131007 0
0.079228 0
0.116254 0
