0.573074 0
0.064773 0
0.039946 0
0.025641 0
0.133134 0
0.556052 0
0.028836 0
0.038197 0
0.473532 0
0.113566 0
0.197542 0
0.142417 0
0.208748 0
0.034858 0
0.046422 0
0.420991 0
0.053806 0
0.246892 0
0.045556 0
0.021208 0
0.151621 0
0.031880 0
0.166712 0
0.087397 0
0.311774 0
0.237917 0
0.251889 0
0.105325 0
0.112004 0
0.085053 0
0.165514 0
0.090727 0
0.360259 0
0.151467 0
0.023128 0
0.048760 0
0.111733 0
0.059177 0
0.086752 0
0.021256 0
0.052002 0
0.073799 0
0.233144 0
0.416733 0
0.453276 0
0.422000 0
0.280530 0
0.104226 0
0.182196 0
0.065238 0
