0.433595 0
0.217720 0
0.375154 0
0.027020 0
0.611716 0
0.337318 0
0.148700 0
0.038100 0
0.190452 0
0.091977 0
0.025062 0
0.337853 0
0.193709 0
0.160975 0
0.177105 0
0.469966 0
0.066897 0
0.137792 0
0.119391 0
0.226094 0
0.086297 0
0.164511 0
0.264020 0
0.198272 0
0.075209 0
0.007442 0
0.197389 0
0.155161 0
0.288421 0
0.050445 0
0.022938 0
0.062978 0
0.291074 0
0.239285 0
0.090330 0
0.224733 0
0.111333 0
0.092454 0
0.363968 0
0.112919 0
0.075368 0
0.180916 0
0.142281 0
0.083079 0
0.130074 0
0.048083 0
0.032929 0
0.112277 0
0.011873 0
0.144783 0
0.090665 0
0.161448 0
0.871943 0
0.288991 0
0.045046 0
0.110283 0
0.169372 0
0.175074 0
0.040722 0
0.269096 0
0.117060 0
0.345174 0
0.133254 0
0.044415 0
