0.329027 0
0.222966 0
0.312288 0
0.974785 0
0.551375 0
0.030320 0
0.466923 0
0.141183 0
0.061138 0
0.657379 0
0.660699 0
0.332501 0
0.067028 0
0.397130 0
0.210057 0
0.023293 0
0.155858 0
0.085019 0
0.123513 0
0.240358 0
0.246833 0
0.173737 0
1.495059 0
1.029507 0
0.228926 0
0.254403 0
0.139374 0
0.135981 0
0.199780 0
0.057935 0
0.546217 0
0.006320 0
0.378036 0
0.334240 0
0.080356 0
0.049072 0
0.364561 0
0.563808 0
0.424215 0
0.028915 0
0.068789 0
0.426439 0
0.127410 0
0.559020 0
0.141909 0
0.069061 0
1.126227 0
0.131283 0
0.370603 0
0.647376 0
0.333950 0
