0.735188 0
0.324197 0
0.326520 0
0.207817 0
0.092493 0
0.573038 0
0.074639 0
0.115229 0
0.258196 0
0.285977 0
0.387160 0
0.325472 0
0.152605 0
0.104411 0
0.325807 0
0.258899 0
0.344532 0
0.469818 0
0.699140 0
0.195563 0
0.216917 0
0.136675 0
0.099729 0
0.116734 0
0.152536 0
0.578840 0
0.642442 0
0.061081 0
0.098932 0
0.174018 0
0.014690 0
0.025057 0
0.268482 0
0.150746 0
0.062407 0
0.251571 0
0.284756 0
0.043457 0
0.405178 0
0.368529 0
0.156446 0
0.102413 0
0.202857 0
0.320307 0
0.122316 0
0.354390 0
0.425534 0
0.390129 0
0.284964 0
0.222871 0
0.002919 0
0.263199 0
0.122729 0
0.207809 0
0.414031 0
0.131488 0
0.107105 0
0.008764 0
0.059630 0
0.203533 0
0.187267 0
0.183994 0
0.260981 0
0.365723 0
