0.102646 0
0.104817 0
0.102530 0
0.108382 0
0.118524 0
0.138814 0
0.104497 0
0.112781 0
0.101349 0
0.109086 0
0.101829 0
0.109427 0
0.105506 0
0.101888 0
0.109583 0
0.103355 0
0.115725 0
0.100533 0
0.120421 0
0.099725 0
0.101725 0
0.103550 0
0.018967 0
0.044796 0
0.105557 0
0.080926 0
0.116005 0
0.101942 0
0.101622 0
0.116115 0
0.106372 0
0.099481 0
0.126699 0
0.119866 0
0.054961 0
0.101739 0
0.058908 0
0.024829 0
0.009168 0
0.101412 0
0.123786 0
0.103522 0
0.122640 0
0.112905 0
0.105928 0
0.116385 0
0.098787 0
0.049251 0
0.099437 0
0.106382 0
0.099631 0
0.108602 0
0.122421 0
0.118146 0
0.110418 0
0.116318 0
0.043423 0
0.105339 0
0.114761 0
0.118518 0
0.073226 0
0.066212 0
0.101602 0
0.103271 0
0.119715 0
0.116630 0
0.118443 0
0.120657 0
0.126107 0
0.158782 0
0.074075 0
0.114316 0
0.071384 0
0.021154 0
0.118320 0
0.099885 0
0.106701 0
0.104079 0
0.112031 0
0.100176 0
0.105613 0
0.112444 0
0.102484 0
0.104723 0
0.094290 0
0.024278 0
0.108568 0
0.114825 0
0.136466 0
0.121967 0
0.120391 0
0.118467 0
0.086467 0
