0.113896 0
0.240881 0
0.059634 0
0.220802 0
0.041198 0
0.111086 0
0.121428 0
0.022936 0
0.371247 0
0.068891 0
0.052792 0
0.166337 0
0.082743 0
0.041693 0
0.126386 0
0.036078 0
0.107490 0
0.390881 0
0.074672 0
0.096529 0
0.134527 0
0.017432 0
0.036083 0
0.474668 0
0.084334 0
0.204407 0
0.055480 0
0.147746 0
0.042535 0
0.049116 0
0.013200 0
0.127627 0
0.051368 0
0.162844 0
0.041486 0
0.098109 0
0.048809 0
0.166998 0
0.014983 0
0.271528 0
0.160404 0
0.057577 0
0.049014 0
0.217075 0
0.130928 0
0.115682 0
0.053126 0
0.057144 0
0.223367 0
0.102067 0
0.157737 0
0.042634 0
0.089030 0
0.117993 0
0.156699 0
0.092405 0
0.069015 0
0.072478 0
0.052324 0
0.124503 0
0.116187 0
0.100172 0
0.123201 0
0.072677 0
