0.247983 0
0.770903 0
0.106228 0
0.186341 0
0.386636 0
0.413795 0
0.145820 0
0.153142 0
0.042463 0
0.094740 0
0.099712 0
0.202354 0
0.072167 0
0.396127 0
0.254706 0
0.100378 0
0.104066 0
0.146922 0
0.314745 0
0.079983 0
0.025549 0
0.108504 0
0.091796 0
0.613449 0
0.259146 0
0.495110 0
0.009853 0
0.014757 0
0.181441 0
0.417349 0
0.012352 0
0.453979 0
0.193825 0
0.057679 0
0.106804 0
0.234832 0
0.201799 0
0.133109 0
0.064620 0
0.166317 0
0.098260 0
1.032311 0
0.046695 0
0.180636 0
0.157888 0
0.281122 0
0.318976 0
0.119389 0
0.087041 0
1.053211 0
1.196820 0
0.011434 0
