0.599262 0
0.553287 0
0.165407 0
0.399869 0
0.447197 0
0.179541 0
0.180920 0
0.557818 0
0.233299 0
0.221499 0
0.132578 0
0.114245 0
0.294406 0
0.294148 0
0.487941 0
0.152025 0
0.212652 0
0.173492 0
0.096212 0
0.389460 0
0.590803 0
0.351000 0
0.141313 0
0.052956 0
0.194942 0
0.301685 0
0.308332 0
0.135324 0
0.292763 0
0.164549 0
0.280798 0
0.021812 0
0.321245 0
0.281611 0
0.328268 0
0.041153 0
0.271987 0
0.225300 0
0.124736 0
0.172876 0
0.120705 0
0.228167 0
0.177873 0
0.158443 0
0.652252 0
0.097154 0
0.191244 0
0.142002 0
0.441296 0
0.633199 0
0.059480 0
0.347484 0
0.400086 0
0.216916 0
0.246135 0
0.253895 0
0.309076 0
0.399939 0
