0.096096 0
0.282746 0
0.078806 0
0.227778 0
0.218035 0
0.153640 0
0.108155 0
0.209564 0
0.311786 0
0.089409 0
0.246915 0
0.296814 0
0.072547 0
0.438371 0
0.170570 0
0.253424 0
0.406655 0
0.131108 0
0.397597 0
0.279477 0
1.046094 0
0.238010 0
0.185750 0
0.171328 0
0.032748 0
0.252245 0
0.124050 0
0.067826 0
0.243833 0
0.133911 0
0.430431 0
0.023503 0
0.107963 0
0.045964 0
0.075807 0
0.286124 0
0.065146 0
0.139184 0
0.043586 0
0.144554 0
0.730061 0
0.044296 0
0.190033 0
0.034854 0
0.079350 0
0.301844 0
0.115023 0
0.188568 0
0.094713 0
0.480276 0
0.205830 0
0.396761 0
0.067770 0
0.117638 0
0.410294 0
0.690583 0
0.290857 0
0.117794 0
0.093275 0
0.150662 0
