0.466369 0
0.408445 0
0.228253 0
0.063959 0
0.326638 0
0.141500 0
0.222105 0
0.262457 0
0.116145 0
0.200740 0
0.665992 0
0.106880 0
0.168729 0
0.181389 0
0.131530 0
0.112282 0
0.153905 0
0.057863 0
0.187160 0
0.118134 0
0.069092 0
0.049903 0
0.173062 0
0.100905 0
0.060391 0
0.125615 0
0.025900 0
0.069500 0
0.055977 0
0.150893 0
0.030744 0
0.170600 0
0.275931 0
0.047418 0
0.384846 0
0.007482 0
0.190332 0
0.121783 0
0.395672 0
0.351887 0
0.093080 0
0.056993 0
0.147483 0
0.096729 0
0.360861 0
0.287620 0
0.022304 0
0.121748 0
0.107860 0
0.065478 0
0.009996 0
0.533729 0
0.132924 0
0.276162 0
0.035610 0
0.366870 0
0.255964 0
0.132763 0
0.222819 0
0.129093 0
0.164940 0
0.170309 0
0.303843 0
0.182992 0
0.021032 0
0.428348 0
0.090468 0
0.022156 0
0.262084 0
0.108523 0
0.118897 0
0.119826 0
