0.595395 0
0.438118 0
0.700779 0
0.106292 0
0.543564 0
0.091311 0
0.117845 0
0.303433 0
0.161668 0
0.419612 0
0.070249 0
0.242759 0
0.011223 0
0.027718 0
0.205384 0
0.191607 0
0.074123 0
0.092157 0
0.115867 0
0.108439 0
0.160053 0
0.236981 0
0.181988 0
0.164127 0
0.040109 0
0.705537 0
0.121182 0
0.493119 0
0.046965 0
0.249793 0
0.210268 0
0.136437 0
0.013551 0
0.191329 0
0.003134 0
0.403903 0
0.840149 0
0.067774 0
0.067566 0
0.080008 0
0.449661 0
0.023123 0
0.045553 0
0.024969 0
0.062309 0
0.115072 0
0.166335 0
0.011681 0
0.086918 0
