0.106102 0
0.380494 0
0.120110 0
0.055285 0
0.433203 0
0.363765 0
0.028170 0
0.067279 0
0.025961 0
0.054590 0
0.062824 0
0.213881 0
0.683544 0
0.442897 0
0.124329 0
0.079868 0
0.261334 0
0.142311 0
0.047279 0
0.068189 0
0.310761 0
0.078683 0
0.137480 0
0.255267 0
0.061246 0
0.155609 0
0.456788 0
0.365320 0
0.149646 0
0.074705 0
0.083520 0
0.635713 0
0.077626 0
0.114866 0
0.045897 0
0.174878 0
0.277339 0
0.148541 0
0.168818 0
0.092353 0
0.260996 0
0.332387 0
0.180925 0
0.167501 0
0.201475 0
0.064500 0
0.292611 0
0.137897 0
0.558964 0
0.150175 0
0.042477 0
0.069855 0
0.346829 0
0.384819 0
0.080009 0
0.427904 0
0.037497 0
0.010545 0
0.052678 0
0.154285 0
0.148626 0
0.079535 0
0.273716 0
