0.094198 0
0.151443 0
0.226206 0
0.158716 0
0.034141 0
0.157563 0
0.179292 0
0.241215 0
0.150062 0
0.093272 0
0.243491 0
0.108718 0
0.195318 0
0.090186 0
0.155884 0
0.159045 0
0.208768 0
0.203578 0
0.166628 0
0.097089 0
0.161626 0
0.205086 0
0.150306 0
0.060517 0
0.275213 0
0.137096 0
0.094537 0
0.085686 0
0.117057 0
0.216139 0
0.202703 0
0.187300 0
0.306277 0
0.042252 0
0.124964 0
0.043575 0
0.101878 0
0.306235 0
0.130957 0
0.080810 0
0.123185 0
0.340541 0
0.085580 0
0.056691 0
0.144978 0
0.162336 0
0.153677 0
0.279325 0
0.116734 0
0.143641 0
0.135940 0
0.084519 0
0.259025 0
0.047688 0
0.117687 0
0.096182 0
0.205317 0
0.094177 0
0.323134 0
0.190982 0
0.094663 0
0.092097 0
0.127202 0
0.274915 0
0.202002 0
0.005561 0
0.091724 0
0.228988 0
0.032495 0
0.100113 0
0.115921 0
0.143156 0
0.060255 0
0.620999 0
0.095538 0
0.145528 0
0.138171 0
