0.086276 0
0.077923 0
0.084351 0
0.076821 0
0.094978 0
0.066164 0
0.083398 0
0.037763 0
0.107275 0
0.061366 0
0.098826 0
0.079765 0
0.089467 0
0.109839 0
0.049035 0
0.076528 0
0.081334 0
0.077367 0
0.026705 0
0.096178 0
0.046478 0
0.039822 0
0.049248 0
0.079744 0
0.077677 0
0.084715 0
0.126385 0
0.078653 0
0.094739 0
0.081639 0
0.077080 0
0.080991 0
0.079629 0
0.098382 0
0.082523 0
0.088014 0
0.082400 0
0.140671 0
0.091732 0
0.110865 0
0.088882 0
0.080131 0
0.087320 0
0.110000 0
0.078171 0
0.080219 0
0.084912 0
0.082380 0
0.090997 0
0.078868 0
0.112388 0
0.016736 0
0.078353 0
0.080774 0
0.101812 0
0.136670 0
0.092915 0
0.101814 0
0.101826 0
0.095404 0
0.094426 0
0.079000 0
0.103371 0
0.076460 0
0.091182 0
0.053809 0
0.084835 0
0.086560 0
0.078487 0
0.082779 0
0.097362 0
0.075795 0
0.088544 0
0.078879 0
0.117121 0
0.009274 0
0.098504 0
0.075808 0
0.092482 0
0.076310 0
0.032424 0
0.018715 0
0.044982 0
0.004553 0
0.075729 0
0.115548 0
0.012458 0
0.090494 0
0.096101 0
0.115738 0
0.094137 0
0.014344 0
0.085177 0
0.079878 0
