0.410683 0
0.133351 0
0.142106 0
0.062055 0
0.161290 0
0.071357 0
0.030072 0
0.172487 0
0.015719 0
0.321776 0
0.017790 0
0.053044 0
0.985275 0
0.218052 0
1.193197 0
0.459945 0
0.081819 0
0.011042 0
0.639518 0
0.436891 0
0.571316 0
0.219905 0
1.173087 0
0.016112 0
0.149927 0
0.258949 0
0.345147 0
0.053360 0
0.275600 0
0.346854 0
0.416455 0
0.074942 0
0.235045 0
0.066596 0
0.557927 0
0.124706 0
0.335767 0
0.033131 0
0.638041 0
0.477103 0
0.038128 0
0.729518 0
0.956200 0
0.185806 0
0.576127 0
0.381291 0
0.481710 0
0.135745 0
0.133091 0
