0.213373 0
0.049413 0
0.618613 0
0.126552 0
0.157970 0
0.112097 0
0.017956 0
0.312218 0
0.087483 0
0.187717 0
0.120139 0
0.062557 0
0.242195 0
0.082847 0
0.204621 0
0.373779 0
0.175415 0
0.299794 0
0.187326 0
0.082631 0
0.202410 0
0.210901 0
0.113703 0
0.469778 0
0.087463 0
0.095416 0
0.065811 0
0.069857 0
0.189408 0
0.224579 0
0.631816 0
0.044081 0
0.313139 0
0.175366 0
0.124457 0
0.200635 0
0.094561 0
0.059186 0
0.299256 0
0.918079 0
0.253885 0
0.185782 0
0.218051 0
1.049754 0
0.109536 0
0.132685 0
0.171071 0
0.189712 0
0.652265 0
0.091128 0
0.071339 0
0.057415 0
0.098117 0
0.264891 0
0.079803 0
0.248378 0
0.246225 0
