0.300300 0
0.176621 0
0.137532 0
0.140952 0
0.209249 0
0.230600 0
0.107981 0
0.051763 0
0.704600 0
0.361155 0
0.073704 0
0.388105 0
0.135547 0
0.301689 0
0.420959 0
0.083878 0
0.017696 0
0.132936 0
0.194715 0
0.072886 0
0.557319 0
0.191520 0
0.294495 0
0.042550 0
0.430839 0
0.101967 0
0.337646 0
0.081622 0
0.013621 0
0.284325 0
0.118017 0
0.198575 0
0.086517 0
0.385959 0
0.010503 0
0.340462 0
0.132195 0
0.152117 0
0.058867 0
0.174772 0
0.065965 0
0.052977 0
0.273565 0
0.083850 0
0.050621 0
0.142458 0
0.039993 0
0.225506 0
0.063388 0
0.050346 0
0.098385 0
0.137085 0
0.214194 0
0.198654 0
0.355151 0
0.003747 0
0.025479 0
0.114879 0
0.169406 0
0.220314 0
0.137112 0
0.701649 0
0.121255 0
0.148379 0
0.031646 0
0.000803 0
0.094297 0
0.042330 0
0.118878 0
0.239641 0
0.420396 0
0.561934 0
