0.538873 0
0.631124 0
0.330584 0
0.242252 0
0.375483 0
0.328847 0
0.427323 0
0.389148 0
0.061310 0
0.285087 0
0.034513 0
0.807535 0
0.020394 0
0.040373 0
0.090166 0
0.088582 0
0.136601 0
0.037474 0
0.206946 0
0.149296 0
0.226392 0
0.343632 0
0.034313 0
0.118554 0
0.062912 0
0.615209 0
0.062295 0
0.006973 0
0.101679 0
0.023279 0
0.024603 0
0.226053 0
0.053155 0
0.069087 0
0.363069 0
0.143096 0
0.032156 0
0.492141 0
0.118214 0
0.273721 0
0.015661 0
0.075408 0
0.277974 0
0.110057 0
0.145236 0
0.056873 0
0.057974 0
0.148420 0
0.480792 0
0.093848 0
0.025480 0
0.199784 0
0.029573 0
0.041238 0
0.012510 0
0.171565 0
0.080626 0
0.443924 0
0.056600 0
0.009047 0
0.125462 0
0.261437 0
0.337937 0
0.116477 0
0.061491 0
0.138501 0
0.091486 0
0.208127 0
0.108391 0
0.130742 0
0.006422 0
0.145662 0
0.076322 0
0.410643 0
0.521170 0
0.055332 0
0.074261 0
0.010148 0
0.237151 0
0.490387 0
0.080938 0
