0.088475 0
0.569106 0
0.118648 0
0.101835 0
0.095596 0
0.162428 0
0.224710 0
0.107579 0
0.089684 0
0.060623 0
0.279952 0
0.203182 0
0.077456 0
0.115558 0
0.054769 0
0.110457 0
0.694502 0
0.059758 0
0.122134 0
0.079104 0
0.039289 0
0.169576 0
0.061313 0
0.059959 0
0.037571 0
0.207957 0
0.365277 0
0.284759 0
0.250933 0
0.081304 0
0.071109 0
0.107804 0
0.006533 0
0.233330 0
0.274873 0
0.056997 0
0.097688 0
0.188953 0
0.105305 0
0.181035 0
0.183277 0
0.236107 0
0.105980 0
0.100082 0
0.108506 0
0.213668 0
0.331349 0
0.175703 0
0.104576 0
0.071496 0
0.061631 0
0.118123 0
0.073041 0
0.074312 0
0.102829 0
