0.865046 0
0.260675 0
0.895789 0
0.346275 0
0.847060 0
0.104281 0
1.218769 0
0.498756 0
0.707919 0
0.116554 0
0.556308 0
0.208478 0
0.318953 0
0.241876 0
0.135850 0
0.460065 0
0.472862 0
0.102983 0
0.258849 0
0.045412 0
0.116492 0
0.093354 0
0.310521 0
0.077430 0
0.100346 0
0.053514 0
0.295253 0
0.444731 0
0.110438 0
0.267763 0
0.094107 0
0.424859 0
0.104929 0
0.147483 0
0.247031 0
0.315157 0
0.361604 0
0.124648 0
0.278013 0
0.055567 0
1.012197 0
0.090888 0
0.139753 0
0.086731 0
0.200920 0
0.120651 0
0.359269 0
0.214353 0
0.122366 0
0.140454 0
0.205780 0
0.029011 0
0.463240 0
0.386065 0
