0.201664 0
0.209782 0
0.156240 0
0.126373 0
0.060249 0
0.131239 0
0.497086 0
0.279331 0
0.201432 0
0.389016 0
0.213104 0
0.093844 0
0.166130 0
0.139842 0
0.068231 0
0.078262 0
0.155371 0
0.140444 0
0.202077 0
0.131206 0
0.129257 0
0.378970 0
0.163181 0
0.217712 0
0.719296 0
0.242709 0
0.282878 0
0.159921 0
0.034027 0
0.954153 0
0.192522 0
0.363454 0
0.388560 0
0.067479 0
0.351490 0
0.200348 0
0.147357 0
0.409685 0
0.823774 0
0.536224 0
0.140128 0
0.294524 0
0.276344 0
0.121537 0
0.257209 0
0.090753 0
0.891708 0
0.092019 0
0.185875 0
0.118996 0
0.303942 0
0.167895 0
0.273241 0
0.104095 0
0.640708 0
0.197826 0
0.115817 0
0.071345 0
0.649181 0
0.264662 0
0.371266 0
0.087059 0
0.290291 0
0.112810 0
