0.135509 0
0.179671 0
0.377991 0
0.352289 0
0.100804 0
0.215954 0
0.180950 0
0.522237 0
0.050434 0
0.094153 0
0.705509 0
0.092017 0
0.458880 0
0.123512 0
0.064795 0
0.345016 0
0.604196 0
0.140074 0
0.175095 0
0.007140 0
0.008239 0
0.421016 0
0.011790 0
0.084254 0
0.578012 0
0.009923 0
0.334833 0
0.117698 0
0.251174 0
0.056820 0
0.211728 0
0.097737 0
0.141724 0
0.117959 0
0.137282 0
0.663730 0
0.216000 0
0.065480 0
0.344652 0
0.064284 0
0.115997 0
0.157480 0
0.076090 0
0.068342 0
0.134897 0
0.235556 0
0.182098 0
0.609198 0
0.134249 0
0.069373 0
0.109295 0
0.164686 0
0.064395 0
0.675239 0
0.001556 0
0.233151 0
