0.106178 0
0.110195 0
0.049982 0
0.180962 0
0.100217 0
0.154639 0
0.142043 0
0.194629 0
0.110316 0
0.101223 0
0.108745 0
0.029125 0
0.043607 0
0.099774 0
0.051560 0
0.121926 0
0.110117 0
0.084960 0
0.110686 0
0.094026 0
0.150483 0
0.162642 0
0.121206 0
0.207454 0
0.306982 0
0.083264 0
0.095317 0
0.028657 0
0.078660 0
0.138343 0
0.133519 0
0.221200 0
0.086726 0
0.172412 0
0.099494 0
0.086252 0
0.111574 0
0.118666 0
0.316953 0
0.034641 0
0.099988 0
0.124456 0
0.116182 0
0.083887 0
0.147874 0
0.115704 0
0.231718 0
0.298604 0
0.195716 0
0.080258 0
0.225570 0
0.184066 0
0.161160 0
0.090111 0
0.152500 0
0.099794 0
0.162353 0
0.128427 0
0.206993 0
0.178893 0
0.086983 0
0.084123 0
0.105362 0
0.121191 0
0.118044 0
0.155463 0
0.026267 0
