0.160847 0
0.119266 0
0.361135 0
0.206637 0
0.061146 0
0.128448 0
0.246667 0
0.327152 0
0.224893 0
0.049454 0
0.310619 0
0.223730 0
0.075980 0
0.272353 0
0.690270 0
0.132043 0
1.106693 0
0.098825 0
0.295223 0
0.375822 0
0.125448 0
0.055291 0
0.123683 0
0.229674 0
0.076871 0
0.437927 0
0.377131 0
0.955916 0
0.077767 0
0.136364 0
0.339866 0
0.063185 0
0.073634 0
0.149045 0
0.155024 0
0.055839 0
0.078760 0
0.193200 0
0.107682 0
0.170036 0
0.220913 0
0.144958 0
0.294917 0
0.030272 0
0.749229 0
0.070929 0
0.349728 0
0.540300 0
0.111293 0
0.194251 0
0.570508 0
0.007669 0
0.142507 0
0.174890 0
0.144075 0
0.170372 0
0.025510 0
0.266379 0
0.028525 0
0.078571 0
0.985375 0
0.362078 0
0.384772 0
0.061814 0
0.216930 0
