0.457745 0
0.952317 0
0.126065 0
0.672997 0
0.285789 0
0.359155 0
0.100806 0
0.127911 0
0.123224 0
0.673899 0
0.656901 0
0.441507 0
0.135718 0
0.295872 0
0.085697 0
0.950184 0
0.368958 0
0.554310 0
0.038112 0
0.137632 0
0.083087 0
0.097131 0
1.276458 0
0.013914 0
0.155185 0
0.214011 0
0.194473 0
0.215331 0
0.153526 0
0.210051 0
0.064521 0
0.676691 0
0.091547 0
0.246680 0
0.028726 0
0.193040 0
0.875346 0
0.819458 0
0.055940 0
0.419123 0
0.175063 0
0.230249 0
0.206379 0
0.303279 0
0.132908 0
0.428892 0
0.109961 0
0.320286 0
0.358278 0
0.077530 0
0.095945 0
1.461973 0
0.057564 0
0.068050 0
0.376516 0
0.036805 0
0.183660 0
2.296925 0
0.034906 0
0.027385 0
0.086247 0
0.007473 0
0.046634 0
0.038836 0
