0.228194 0
0.129743 0
0.016611 0
0.199732 0
0.075341 0
0.072983 0
0.130916 0
0.540195 0
0.086858 0
0.073356 0
0.046994 0
0.004959 0
0.022585 0
0.189410 0
0.239621 0
0.127299 0
0.120590 0
0.024644 0
0.189818 0
0.599556 0
0.039855 0
0.256519 0
0.065212 0
0.055086 0
0.381093 0
0.323209 0
0.861981 0
0.090443 0
0.050234 0
0.303614 0
0.968066 0
0.086840 0
0.581432 0
0.174847 0
0.422537 0
0.025008 0
0.144089 0
0.217731 0
0.114507 0
0.057450 0
0.113171 0
0.026761 0
0.664897 0
0.116102 0
0.195108 0
0.179703 0
0.255807 0
