0.242398 0
0.159807 0
0.147499 0
0.153147 0
0.204983 0
0.188948 0
0.135688 0
0.050196 0
0.128020 0
0.176328 0
0.177999 0
0.151967 0
0.128772 0
0.132894 0
0.179545 0
0.124935 0
0.197221 0
0.130690 0
0.120007 0
0.139965 0
0.150541 0
0.143064 0
0.010770 0
0.128914 0
0.170192 0
0.144286 0
0.152065 0
0.133506 0
0.175875 0
0.128776 0
0.052867 0
0.102212 0
0.166445 0
0.126229 0
0.295027 0
0.142666 0
0.212836 0
0.168994 0
0.006844 0
0.123487 0
0.176184 0
0.068461 0
0.147783 0
0.159729 0
0.125034 0
0.182133 0
0.236640 0
