0.259825 0
0.061344 0
0.043747 0
0.062119 0
0.183182 0
0.132506 0
0.063970 0
0.293115 0
0.122401 0
0.049453 0
0.190404 0
0.028735 0
0.081159 0
0.129382 0
0.217140 0
0.036961 0
0.060202 0
0.060214 0
0.107874 0
0.055846 0
0.071822 0
0.063540 0
0.062557 0
0.034959 0
0.190632 0
0.159951 0
0.052922 0
0.124471 0
0.263132 0
0.143647 0
0.085535 0
0.049982 0
0.088871 0
0.258521 0
0.167772 0
0.046792 0
0.094252 0
0.103660 0
0.042334 0
0.336883 0
0.226928 0
0.137335 0
0.189929 0
0.049483 0
0.085703 0
0.130322 0
0.080922 0
0.150685 0
0.141829 0
