0.160077 0
0.077148 0
0.104659 0
0.086025 0
0.057727 0
0.077752 0
0.066133 0
0.029127 0
0.061548 0
0.095007 0
0.066952 0
0.060779 0
0.108173 0
0.081077 0
0.035332 0
0.106139 0
0.147685 0
0.136626 0
0.079506 0
0.081672 0
0.066772 0
0.086921 0
0.038690 0
0.084518 0
0.096790 0
0.079786 0
0.154295 0
0.070269 0
0.112362 0
0.059228 0
0.205045 0
0.087192 0
0.078081 0
0.069429 0
0.084751 0
0.109729 0
0.100750 0
0.060685 0
0.113768 0
0.095829 0
0.031092 0
0.067652 0
0.004351 0
0.086280 0
0.086699 0
0.095613 0
0.059367 0
0.031505 0
0.017763 0
0.101891 0
0.087532 0
0.205454 0
0.107972 0
0.056217 0
