0.278003 0
0.602553 0
0.149334 0
0.184183 0
0.084764 0
0.169569 0
0.375366 0
0.350823 0
0.158244 0
0.586555 0
0.097209 0
0.679132 0
0.151496 0
0.026704 0
0.417688 0
0.303632 0
0.222942 0
0.488942 0
0.393764 0
0.505258 0
0.121256 0
0.441975 0
0.139212 0
0.166564 0
0.140714 0
0.119063 0
0.348064 0
0.340179 0
0.044260 0
0.378397 0
0.128481 0
0.274104 0
0.300608 0
0.397750 0
0.093619 0
0.051683 0
0.713608 0
0.419581 0
0.319509 0
0.473583 0
0.093687 0
0.646315 0
0.033471 0
0.057896 0
1.010131 0
0.708279 0
0.192373 0
0.125313 0
0.094625 0
0.450905 0
0.064965 0
0.786679 0
0.056255 0
0.103140 0
0.682819 0
0.123580 0
0.520332 0
0.139098 0
