0.154501 0
0.139490 0
0.329617 0
0.238486 0
0.459490 0
0.182927 0
0.165452 0
0.285810 0
0.046758 0
0.109544 0
0.170989 0
0.044325 0
1.224326 0
0.342735 0
0.156162 0
0.063280 0
0.437212 0
0.430497 0
0.474658 0
0.273811 0
0.130097 0
0.099303 0
0.354475 0
0.135190 0
0.084193 0
0.328497 0
0.541317 0
0.152481 0
1.227846 0
0.759005 0
0.091115 0
0.158623 0
0.457861 0
0.240288 0
0.431750 0
0.729308 0
0.430442 0
0.296714 0
0.087505 0
0.069214 0
0.043642 0
0.157572 0
0.190323 0
0.180141 0
0.258711 0
0.380580 0
0.466955 0
0.090241 0
0.054809 0
0.733437 0
0.178709 0
0.281443 0
0.342169 0
0.177520 0
0.210914 0
0.203862 0
0.808734 0
0.051928 0
0.607828 0
1.748692 0
0.231715 0
