0.252775 0
0.368101 0
0.048584 0
0.127219 0
0.173563 0
0.442368 0
0.315806 0
0.170461 0
0.124323 0
0.037874 0
0.169902 0
0.342703 0
0.111084 0
0.101273 0
0.047107 0
0.574694 0
0.487359 0
0.127527 0
0.109738 0
0.120816 0
0.281029 0
0.312602 0
0.060646 0
0.170050 0
0.129158 0
0.079110 0
0.189079 0
0.101180 0
0.432521 0
0.142353 0
0.494836 0
0.170536 0
0.137387 0
0.039683 0
0.177764 0
0.156932 0
0.070645 0
0.240782 0
0.371367 0
0.141835 0
0.049499 0
0.211689 0
0.300080 0
0.557471 0
0.102128 0
0.327197 0
0.469074 0
0.073911 0
0.346813 0
0.488805 0
0.116303 0
0.222647 0
0.132660 0
0.090661 0
0.081683 0
0.056016 0
0.182425 0
0.061642 0
0.322873 0
0.063657 0
0.257804 0
0.114582 0
0.570644 0
0.038295 0
0.228116 0
0.009455 0
0.065589 0
0.055080 0
0.273906 0
0.376624 0
0.329150 0
