0.227381 0
0.044928 0
0.051846 0
0.118510 0
0.153403 0
0.043890 0
0.105191 0
0.015587 0
0.041793 0
0.055958 0
0.108365 0
0.128105 0
0.020365 0
0.084824 0
0.043423 0
0.097231 0
0.038167 0
0.224984 0
0.148854 0
0.043067 0
0.018413 0
0.046201 0
0.020229 0
0.042764 0
0.299819 0
0.037552 0
0.084024 0
0.375237 0
0.051295 0
0.051689 0
0.017404 0
0.015196 0
0.016779 0
0.021644 0
0.037640 0
0.097091 0
0.102703 0
0.103976 0
0.144953 0
0.014766 0
0.006956 0
0.043684 0
0.033992 0
0.051581 0
0.013658 0
0.147016 0
