0.474482 0
0.312341 0
0.159877 0
0.068239 0
0.203680 0
0.307806 0
0.251159 0
0.258572 0
0.098893 0
0.039361 0
0.047565 0
0.078034 0
0.063035 0
0.146219 0
0.291045 0
0.233104 0
0.176503 0
0.093019 0
0.317551 0
0.015973 0
0.088001 0
0.096927 0
0.091283 0
0.141469 0
0.015425 0
0.073465 0
0.078112 0
0.043633 0
0.130337 0
0.089894 0
0.226335 0
0.092190 0
0.097974 0
0.005238 0
0.320963 0
0.170895 0
0.229951 0
0.138216 0
0.360576 0
0.199132 0
0.171845 0
0.211813 0
0.051437 0
0.914395 0
0.304799 0
0.222822 0
0.522193 0
0.124379 0
0.876842 0
0.038905 0
0.002143 0
0.061435 0
0.365257 0
0.087124 0
0.257769 0
0.270675 0
0.460759 0
0.047089 0
0.091649 0
0.047957 0
