0.097088 0
0.361796 0
0.157184 0
0.081104 0
0.050331 0
0.026781 0
0.061359 0
0.365078 0
0.211367 0
0.667827 0
0.108023 0
0.048647 0
0.047572 0
0.141710 0
0.043342 0
0.029646 0
0.086085 0
0.036837 0
0.024462 0
0.058966 0
0.147844 0
0.156705 0
0.174555 0
0.051139 0
0.158672 0
0.520798 0
0.017428 0
0.272410 0
0.048754 0
0.165543 0
0.030148 0
0.149654 0
0.127553 0
0.115458 0
0.100657 0
0.025185 0
0.354060 0
0.011122 0
0.048397 0
0.051197 0
0.110882 0
0.108105 0
0.095808 0
0.201319 0
0.028774 0
0.197393 0
0.026683 0
0.183439 0
0.200450 0
0.006706 0
0.274537 0
