0.133523 0
0.315635 0
0.267125 0
0.128410 0
0.064515 0
0.198528 0
0.111544 0
0.105608 0
0.210172 0
0.467659 0
0.138315 0
0.437329 0
0.280689 0
0.075348 0
0.127207 0
0.030296 0
0.131981 0
0.138119 0
0.189275 0
0.017968 0
0.198677 0
0.185114 0
0.184652 0
0.159033 0
0.138785 0
0.165206 0
0.108526 0
0.100095 0
0.086412 0
0.328172 0
0.188110 0
0.073165 0
0.011421 0
0.070649 0
0.024854 0
0.061299 0
0.074211 0
0.354207 0
0.435191 0
0.196597 0
0.059291 0
0.141232 0
0.057827 0
0.063562 0
0.081326 0
0.024879 0
0.281698 0
0.084336 0
0.018039 0
0.070579 0
0.251112 0
0.057666 0
0.471870 0
0.123154 0
0.315623 0
0.624753 0
0.394015 0
0.092370 0
0.171423 0
0.076409 0
0.079608 0
0.264668 0
0.128914 0
0.071249 0
0.069724 0
0.072539 0
0.083031 0
