0.249384 0
0.610393 0
0.402525 0
0.225997 0
0.519869 0
0.629520 0
0.022697 0
0.698189 0
0.271723 0
0.112567 0
0.090152 0
0.196881 0
0.293319 0
0.544531 0
0.092517 0
0.105060 0
0.411876 0
0.037622 0
0.161478 0
0.158830 0
0.057376 0
0.021220 0
0.180593 0
0.464246 0
0.410851 0
0.110319 0
0.306808 0
0.209474 0
0.234583 0
0.141941 0
0.047105 0
0.104251 0
0.202039 0
0.743551 0
0.206705 0
0.205658 0
0.225348 0
0.315469 0
0.122168 0
0.240612 0
1.046245 0
0.080991 0
0.104259 0
0.168050 0
0.057334 0
0.365654 0
0.541917 0
0.821954 0
0.041322 0
0.427542 0
0.087987 0
0.769745 0
0.019417 0
0.167407 0
0.063456 0
0.380547 0
0.110912 0
0.195448 0
0.183275 0
0.103344 0
0.485459 0
0.335995 0
0.331568 0
0.482339 0
0.151056 0
0.016007 0
0.157431 0
0.003414 0
0.169413 0
0.144088 0
0.656837 0
0.251482 0
