0.102258 0
0.223663 0
0.113810 0
0.164454 0
0.036218 0
0.253878 0
0.139382 0
0.185645 0
0.114801 0
0.102662 0
0.294659 0
0.067030 0
0.124616 0
0.100319 0
0.118456 0
0.144197 0
0.117131 0
0.134098 0
0.067428 0
0.126837 0
0.011629 0
0.127927 0
0.143397 0
0.115450 0
0.098813 0
0.101315 0
0.191295 0
0.161319 0
0.005331 0
0.017669 0
0.080207 0
0.113428 0
0.131972 0
0.156061 0
0.114865 0
0.128276 0
0.066466 0
0.124687 0
0.116570 0
0.117621 0
0.112806 0
0.106693 0
0.191545 0
0.126372 0
0.125127 0
0.100180 0
0.161304 0
0.200946 0
0.195199 0
0.044528 0
0.101220 0
0.085020 0
0.107115 0
0.163197 0
0.185606 0
0.099563 0
0.137029 0
0.102911 0
0.188005 0
0.099473 0
0.112203 0
