1.261846 0
0.819089 0
0.848672 0
0.772817 0
0.182775 0
0.390989 0
0.554391 0
0.609379 0
0.199862 0
0.326743 0
0.455898 0
0.299298 0
0.554358 0
0.112280 0
0.053666 0
0.532649 0
0.096722 0
0.877074 0
0.159442 0
0.684252 0
0.068228 0
0.106158 0
0.414823 0
0.534504 0
0.008827 0
0.029796 0
0.266494 0
0.200403 0
0.706981 0
0.649002 0
0.136508 0
0.028966 0
0.130002 0
0.134949 0
0.259551 0
0.858704 0
0.298979 0
0.179538 0
0.262727 0
0.202513 0
0.212318 0
0.064271 0
0.208563 0
0.469385 0
0.324235 0
0.608714 0
0.247344 0
