0.226935 0
0.632755 0
0.519849 0
0.456379 0
0.173493 0
0.488433 0
0.993042 0
0.154736 0
0.531470 0
0.166131 0
0.591788 0
0.730883 0
0.486617 0
0.311585 0
0.541171 0
0.232603 0
0.590680 0
0.172639 0
0.393165 0
0.156904 0
0.094330 0
0.176830 0
0.286910 0
0.143133 0
0.224594 0
0.074410 0
0.024341 0
0.379151 0
0.959774 0
0.030578 0
0.015517 0
0.339928 0
0.265147 0
0.182814 0
0.021994 0
0.278577 0
0.818906 0
0.408887 0
0.154506 0
0.247938 0
0.029163 0
0.050320 0
0.966363 0
0.510151 0
0.880817 0
0.566757 0
0.145115 0
2.917276 0
