0.388106 0
0.074790 0
0.098175 0
0.334995 0
0.318952 0
0.043443 0
0.212121 0
0.189903 0
0.031678 0
0.495451 0
0.028823 0
0.116525 0
0.647716 0
0.266295 0
0.108424 0
0.442346 0
0.037061 0
0.100558 0
0.092637 0
0.049018 0
0.192383 0
0.060307 0
0.029449 0
0.262225 0
0.035293 0
0.119459 0
0.081686 0
0.112374 0
0.062519 0
0.341922 0
0.362558 0
0.043463 0
0.305194 0
0.936621 0
0.012882 0
0.041450 0
0.262757 0
0.581822 0
0.105623 0
0.669237 0
0.318824 0
0.098793 0
0.338174 0
0.228729 0
0.150396 0
0.283846 0
0.161644 0
0.008376 0
0.264629 0
0.070525 0
0.077235 0
0.139572 0
1.048127 0
0.099722 0
0.909555 0
0.342490 0
0.465923 0
0.096095 0
0.402775 0
