0.318404 0
0.089545 0
0.057147 0
0.068382 0
0.095383 0
0.057774 0
0.071851 0
0.039997 0
0.062018 0
0.191012 0
0.193900 0
0.188401 0
0.193227 0
0.599374 0
0.057930 0
0.175742 0
0.191412 0
0.079350 0
0.118021 0
0.128540 0
0.097931 0
0.037557 0
0.122735 0
0.092562 0
0.077494 0
0.114217 0
0.233282 0
0.121014 0
0.098975 0
0.084412 0
0.290712 0
0.121803 0
0.058857 0
0.120709 0
0.188280 0
0.091300 0
0.079375 0
0.335113 0
0.243349 0
0.259784 0
0.137938 0
0.085259 0
0.064974 0
0.093354 0
0.332406 0
0.099679 0
0.211345 0
0.079288 0
0.316800 0
0.088449 0
0.233965 0
0.275563 0
0.081073 0
0.059805 0
0.182759 0
0.075188 0
0.174340 0
0.058534 0
0.099478 0
0.498651 0
0.129736 0
0.062243 0
0.114220 0
0.141353 0
0.248941 0
0.126086 0
0.066704 0
0.138665 0
0.067066 0
0.095661 0
0.164090 0
0.108509 0
0.127392 0
0.133316 0
0.574385 0
0.092498 0
0.085373 0
0.060020 0
0.088119 0
0.062933 0
0.069075 0
