0.144891 0
0.110675 0
0.185499 0
0.114472 0
0.105217 0
0.157239 0
0.124947 0
0.112285 0
0.168331 0
0.142315 0
0.136107 0
0.086039 0
0.159614 0
0.106063 0
0.117237 0
0.139245 0
0.124487 0
0.071473 0
0.159359 0
0.116716 0
0.105616 0
0.107087 0
0.187569 0
0.105011 0
0.142402 0
0.128969 0
0.057356 0
0.103695 0
0.175015 0
0.204667 0
0.117629 0
0.097692 0
0.197840 0
0.099632 0
0.124816 0
0.073222 0
0.180533 0
0.111976 0
0.100804 0
0.142723 0
0.121791 0
0.109812 0
0.135447 0
0.018704 0
0.098963 0
0.106955 0
0.114671 0
0.132944 0
0.098148 0
0.003263 0
0.157724 0
0.173792 0
0.134417 0
0.172386 0
0.105673 0
0.206243 0
0.028286 0
0.202493 0
0.105067 0
