0.121656 0
0.119189 0
0.110401 0
0.111680 0
0.130321 0
0.117424 0
0.112175 0
0.166482 0
0.100986 0
0.114813 0
0.134523 0
0.295485 0
0.108747 0
0.114471 0
0.223609 0
0.096488 0
0.113242 0
0.187009 0
0.118496 0
0.016495 0
0.111797 0
0.030352 0
0.070817 0
0.120024 0
0.177108 0
0.134097 0
0.122107 0
0.131737 0
0.129693 0
0.139839 0
0.168241 0
0.108354 0
0.118781 0
0.140866 0
0.110446 0
0.132406 0
0.039207 0
0.101874 0
0.065826 0
0.129392 0
0.133150 0
0.106888 0
0.132991 0
0.118826 0
0.104904 0
0.027406 0
0.194920 0
0.224327 0
0.116091 0
0.193450 0
0.104828 0
0.134931 0
0.136718 0
0.179116 0
0.228855 0
0.068514 0
0.170794 0
0.294768 0
0.175319 0
0.177514 0
0.088416 0
0.103855 0
0.141443 0
0.044155 0
0.107958 0
0.116961 0
0.122251 0
0.096650 0
0.112775 0
0.115100 0
0.114452 0
0.214662 0
0.095560 0
0.156695 0
0.116018 0
0.267745 0
0.135071 0
0.117907 0
0.107852 0
0.129312 0
0.096704 0
0.181774 0
0.102405 0
0.146668 0
0.008736 0
