0.301688 0
0.099578 0
0.088822 0
0.277661 0
0.051515 0
0.070928 0
0.243340 0
0.069182 0
0.259214 0
0.178957 0
0.107584 0
0.116769 0
0.071692 0
0.065837 0
0.127491 0
0.064838 0
0.108284 0
0.071880 0
0.054096 0
0.073726 0
0.231670 0
0.112771 0
0.036937 0
0.118876 0
0.132339 0
0.086140 0
0.101775 0
0.059885 0
0.130255 0
0.077803 0
0.024403 0
0.197003 0
0.074943 0
0.083038 0
0.094789 0
0.164315 0
0.176836 0
0.054895 0
0.093769 0
0.115522 0
0.059794 0
0.195209 0
0.180185 0
0.110174 0
0.115315 0
0.176642 0
0.053469 0
0.072342 0
0.105495 0
0.056816 0
0.072459 0
0.052215 0
0.422579 0
0.085116 0
0.217512 0
0.177528 0
0.128554 0
0.250408 0
0.058646 0
