0.264988 0
0.262269 0
0.189360 0
0.113540 0
0.122797 0
0.162849 0
0.223220 0
0.137610 0
0.152189 0
0.062820 0
0.107187 0
0.250492 0
0.034210 0
0.026570 0
0.035093 0
0.229900 0
0.041608 0
0.035795 0
0.124691 0
0.135853 0
0.226978 0
0.246452 0
0.212325 0
0.101754 0
0.118440 0
0.251780 0
0.131291 0
0.121312 0
0.160426 0
0.109694 0
0.199563 0
0.075878 0
0.098108 0
0.095493 0
0.149283 0
0.306261 0
0.151516 0
0.019823 0
0.275106 0
0.065841 0
0.104505 0
0.187660 0
0.098128 0
0.243802 0
0.138103 0
0.106650 0
