0.505131 0
0.123979 0
0.035332 0
0.272331 0
0.265798 0
0.479944 0
0.165749 0
0.022649 0
0.322807 0
0.558046 0
0.281046 0
0.220031 0
0.022875 0
0.050097 0
0.207436 0
0.016232 0
0.247792 0
0.013177 0
0.170839 0
0.167780 0
0.071365 0
0.448613 0
0.544725 0
0.208030 0
0.100174 0
0.038267 0
0.044293 0
0.192485 0
0.137014 0
0.327063 0
0.062842 0
0.129963 0
0.100788 0
0.017150 0
0.146268 0
0.040228 0
0.029757 0
0.293996 0
0.013454 0
0.096122 0
0.064296 0
0.092642 0
0.085584 0
0.544656 0
0.014307 0
0.072126 0
0.112766 0
0.062822 0
0.137566 0
0.083290 0
0.188567 0
0.040576 0
0.215391 0
0.030774 0
