0.113360 0
0.055340 0
0.038544 0
0.060302 0
0.046725 0
0.100012 0
0.057269 0
0.039257 0
0.058863 0
0.110914 0
0.040500 0
0.064813 0
0.070228 0
0.023006 0
0.045756 0
0.040514 0
0.042524 0
0.037825 0
0.046947 0
0.081992 0
0.036617 0
0.167288 0
0.063248 0
0.036681 0
0.108670 0
0.049987 0
0.050332 0
0.099374 0
0.075101 0
0.054073 0
0.021479 0
0.048027 0
0.049103 0
0.068350 0
0.090211 0
0.037126 0
0.048150 0
0.064448 0
0.050910 0
0.068573 0
0.081775 0
0.045908 0
0.117242 0
0.062644 0
0.043288 0
0.043106 0
0.081175 0
0.038803 0
0.059577 0
0.043940 0
0.018506 0
0.055088 0
0.085374 0
0.038834 0
0.043247 0
0.045407 0
0.043238 0
0.039326 0
