0.022323 0
0.020277 0
0.018762 0
0.018964 0
0.018612 0
0.018580 0
0.018470 0
0.018673 0
0.029190 0
0.023872 0
0.021368 0
0.018614 0
0.022529 0
0.020120 0
0.027369 0
0.024096 0
0.018190 0
0.017987 0
0.023516 0
0.024353 0
0.017245 0
0.018739 0
0.017941 0
0.018470 0
0.017843 0
0.027016 0
0.018665 0
0.007865 0
0.023243 0
0.022198 0
0.018360 0
0.024209 0
0.018097 0
0.021652 0
0.018712 0
0.019471 0
0.018400 0
0.018106 0
0.020536 0
0.018697 0
0.018972 0
0.022091 0
0.019539 0
0.025181 0
0.020139 0
0.022304 0
0.018694 0
0.013133 0
0.021231 0
0.018741 0
0.018855 0
0.018087 0
0.019199 0
0.020494 0
0.018356 0
0.018242 0
0.022448 0
0.023589 0
0.017850 0
0.020159 0
0.027128 0
0.019185 0
0.021429 0
0.018968 0
0.018142 0
0.018061 0
0.019790 0
