0.355637 0
0.282004 0
0.403455 0
0.614517 0
0.309197 0
0.149702 0
0.377258 0
0.117270 0
1.233767 0
0.091917 0
0.949624 0
0.189045 0
0.461189 0
0.398565 0
0.347529 0
0.281652 0
0.511025 0
0.315452 0
0.813018 0
0.055591 0
0.152689 0
0.134570 0
0.108070 0
0.161512 0
0.213833 0
0.802571 0
0.148699 0
0.502826 0
0.033441 0
0.071626 0
0.178996 0
0.039249 0
0.771171 0
0.116117 0
0.190160 0
0.428175 0
0.219377 0
0.202161 0
0.786660 0
0.130370 0
0.078664 0
0.071986 0
0.548680 0
0.550011 0
0.233696 0
0.083539 0
0.100045 0
0.072504 0
0.083333 0
