0.322801 0
0.102543 0
0.387854 0
0.247916 0
0.045103 0
0.266542 0
0.175580 0
0.147194 0
0.348727 0
0.156692 0
0.065582 0
0.124043 0
0.188070 0
0.226584 0
0.122680 0
0.126752 0
0.226878 0
0.041762 0
0.068935 0
0.337594 0
0.195797 0
0.063423 0
0.123922 0
0.049540 0
0.032776 0
0.090428 0
0.164971 0
0.040236 0
0.011865 0
0.073406 0
0.539766 0
0.035754 0
0.286729 0
0.066292 0
0.146716 0
0.291326 0
0.124618 0
0.150433 0
0.092648 0
0.370953 0
0.208837 0
0.089627 0
0.030904 0
0.376713 0
0.157081 0
0.032666 0
0.040959 0
0.079589 0
0.126764 0
0.046383 0
0.046930 0
0.177125 0
0.043025 0
0.094587 0
0.048610 0
0.049044 0
0.036417 0
0.036269 0
0.044344 0
0.303181 0
0.064010 0
0.171499 0
0.117408 0
0.065690 0
0.091549 0
0.084362 0
