0.128535 0
0.069985 0
0.081153 0
0.575355 0
0.121309 0
0.034373 0
0.099156 0
0.395871 0
0.239515 0
0.273595 0
0.128634 0
0.205960 0
0.163912 0
0.059650 0
0.104131 0
0.067226 0
0.058522 0
0.190439 0
0.077855 0
0.094674 0
0.104687 0
0.071395 0
0.276763 0
0.023225 0
0.576951 0
0.024599 0
0.176038 0
0.060676 0
0.218806 0
0.244445 0
0.198826 0
0.071539 0
0.369069 0
0.102473 0
0.136932 0
0.176609 0
0.072212 0
0.187388 0
0.082980 0
0.145485 0
0.278656 0
0.112324 0
0.380212 0
0.161101 0
0.251386 0
0.197971 0
0.135079 0
0.057615 0
0.006357 0
0.147335 0
0.226296 0
0.076176 0
0.082879 0
0.083138 0
0.066834 0
0.066445 0
0.077160 0
0.143017 0
0.201735 0
0.168719 0
0.284013 0
0.098527 0
0.167197 0
0.169475 0
0.165097 0
0.099182 0
0.160586 0
0.100878 0
0.159375 0
0.095691 0
0.020650 0
0.091487 0
0.068629 0
0.082880 0
0.197092 0
0.167212 0
0.061970 0
0.307538 0
0.150685 0
0.129930 0
0.087084 0
