0.077810 0
0.056149 0
0.063453 0
0.071683 0
0.113549 0
0.082209 0
0.089792 0
0.084164 0
0.057469 0
0.060506 0
0.081374 0
0.072574 0
0.059320 0
0.083219 0
0.056816 0
0.022831 0
0.092428 0
0.072754 0
0.059452 0
0.125814 0
0.058835 0
0.069011 0
0.090292 0
0.115071 0
0.063986 0
0.066641 0
0.060444 0
0.095161 0
0.088186 0
0.126682 0
0.136469 0
0.088522 0
0.086631 0
0.091042 0
0.065540 0
0.007337 0
0.080956 0
0.059400 0
0.091318 0
0.070381 0
0.008711 0
0.180544 0
0.065683 0
0.098101 0
0.099534 0
0.069919 0
0.069298 0
0.055679 0
0.089074 0
0.070205 0
0.068495 0
0.098743 0
0.068435 0
0.009350 0
0.060915 0
0.067125 0
0.069838 0
0.081076 0
0.069679 0
0.139205 0
