0.168068 0
0.211814 0
0.055879 0
0.062908 0
0.222578 0
0.084319 0
0.075025 0
0.049657 0
0.017830 0
0.036171 0
0.029357 0
0.117978 0
0.070495 0
0.144148 0
0.067332 0
0.215773 0
0.119363 0
0.089889 0
0.267111 0
0.205912 0
0.218098 0
0.040409 0
0.056850 0
0.098141 0
0.068163 0
0.047519 0
0.095588 0
0.826395 0
0.046753 0
0.181421 0
0.085449 0
0.235849 0
0.075309 0
0.026912 0
0.090278 0
0.044382 0
0.015633 0
0.101840 0
0.179133 0
0.347953 0
0.129303 0
0.042391 0
0.086851 0
0.210405 0
0.080113 0
0.364422 0
0.153106 0
0.211759 0
0.043477 0
0.014648 0
0.111448 0
0.080424 0
0.028554 0
0.317221 0
0.236873 0
0.205140 0
0.131516 0
0.009165 0
0.309604 0
0.145939 0
0.160801 0
0.114182 0
0.086216 0
0.373955 0
0.141109 0
0.079856 0
0.401054 0
0.418642 0
0.049848 0
0.055493 0
0.244667 0
0.307537 0
