0.239020 0
0.196001 0
0.126402 0
0.408869 0
0.361496 0
0.119413 0
0.275840 0
0.152055 0
0.058757 0
0.201005 0
0.221172 0
0.239904 0
0.204263 0
0.383937 0
0.221473 0
0.120783 0
0.256302 0
0.591921 0
0.029794 0
0.249320 0
0.120613 0
0.125984 0
0.253398 0
0.111053 0
0.471796 0
0.299096 0
0.017961 0
0.137670 0
0.286414 0
0.016028 0
0.220641 0
0.183571 0
0.315388 0
0.226793 0
0.181300 0
0.094600 0
0.060171 0
0.043430 0
0.102887 0
0.155827 0
0.199668 0
0.632064 0
0.303886 0
0.177486 0
0.293281 0
0.116440 0
0.423838 0
0.159236 0
0.279237 0
0.155756 0
0.091505 0
0.271346 0
0.472549 0
0.175673 0
0.261845 0
0.312575 0
0.197956 0
0.343574 0
0.223574 0
0.100359 0
0.092205 0
0.173397 0
0.074745 0
0.086958 0
0.105556 0
0.197689 0
0.041370 0
0.307664 0
0.131757 0
0.093462 0
0.468160 0
0.410682 0
0.387222 0
0.172353 0
0.065337 0
0.081861 0
0.207973 0
