0.031906 0
0.028216 0
0.026509 0
0.036928 0
0.036576 0
0.029685 0
0.036203 0
0.022519 0
0.024815 0
0.023324 0
0.043970 0
0.050562 0
0.025885 0
0.023055 0
0.025216 0
0.031961 0
0.026603 0
0.034187 0
0.022571 0
0.024569 0
0.021335 0
0.021545 0
0.040238 0
0.045420 0
0.044623 0
0.023449 0
0.031577 0
0.071405 0
0.028002 0
0.021116 0
0.023486 0
0.029218 0
0.047272 0
0.040473 0
0.030160 0
0.048997 0
0.076383 0
0.060359 0
0.037688 0
0.046589 0
0.031560 0
0.002524 0
0.052487 0
0.028634 0
0.024032 0
0.030358 0
0.032521 0
0.023227 0
0.035580 0
0.036920 0
0.035022 0
0.039935 0
0.023563 0
0.031828 0
0.039567 0
0.036171 0
0.023492 0
0.021018 0
0.029438 0
0.060011 0
0.025388 0
