0.212945 0
0.186995 0
0.300813 0
0.887803 0
0.255960 0
0.083447 0
0.132247 0
0.153131 0
0.252366 0
0.231248 0
0.122912 0
0.022936 0
0.173340 0
0.171943 0
0.043548 0
0.217055 0
0.471236 0
0.456492 0
0.129425 0
0.558731 0
0.044922 0
0.115568 0
0.312757 0
0.348420 0
0.111245 0
0.296569 0
0.199437 0
0.310178 0
0.416910 0
0.148039 0
0.573291 0
0.169987 0
0.074378 0
0.101157 0
0.618231 0
0.290971 0
0.493511 0
0.125164 0
0.232344 0
0.411928 0
0.152182 0
0.171321 0
0.244367 0
0.786151 0
0.473777 0
0.135417 0
0.131759 0
0.008670 0
0.222914 0
0.104620 0
1.407177 0
0.321494 0
0.380669 0
0.022138 0
0.449277 0
0.118941 0
0.439671 0
1.191842 0
0.095710 0
0.215231 0
0.918175 0
0.094953 0
0.107565 0
0.196309 0
0.812557 0
0.185773 0
1.056111 0
0.447430 0
0.363430 0
0.119955 0
0.179797 0
0.300269 0
0.203700 0
0.259164 0
0.040742 0
0.366375 0
0.193917 0
