0.120768 0
0.135543 0
0.121562 0
0.114018 0
0.125680 0
0.118925 0
0.119759 0
0.134694 0
0.129819 0
0.119093 0
0.120311 0
0.126484 0
0.125775 0
0.119126 0
0.120858 0
0.123874 0
0.117737 0
0.080118 0
0.043657 0
0.139177 0
0.132995 0
0.131982 0
0.073962 0
0.130324 0
0.120892 0
0.120398 0
0.117603 0
0.123639 0
0.122369 0
0.129840 0
0.111628 0
0.119224 0
0.137175 0
0.123016 0
0.150388 0
0.119113 0
0.143217 0
0.123124 0
0.070329 0
0.132339 0
0.129421 0
0.035310 0
0.122764 0
0.118901 0
0.118921 0
0.125747 0
0.118024 0
0.135266 0
0.122027 0
0.117899 0
0.118298 0
0.121646 0
0.003819 0
0.128719 0
0.133595 0
0.119392 0
0.135864 0
0.118554 0
0.120878 0
0.117582 0
0.119958 0
0.124396 0
0.117554 0
0.118356 0
