0.168525 0
0.133424 0
0.228600 0
0.315274 0
0.310232 0
0.322072 0
0.136539 0
0.192952 0
0.038411 0
0.406233 0
0.398749 0
0.047956 0
0.184194 0
0.511385 0
0.158410 0
0.173374 0
0.125565 0
0.008687 0
0.173897 0
1.007103 0
0.310126 0
0.191614 0
0.150521 0
0.134464 0
0.167759 0
0.339202 0
0.045188 0
0.027871 0
0.502194 0
0.144719 0
0.578533 0
0.854516 0
0.197725 0
0.269138 0
0.031925 0
0.108675 0
0.142269 0
1.230749 0
0.190194 0
0.313141 0
0.498773 0
0.266851 0
0.182262 0
0.096004 0
0.322064 0
0.217001 0
0.278453 0
0.380746 0
0.083329 0
0.324866 0
0.189800 0
0.059115 0
0.379479 0
