0.080017 0
0.068673 0
0.047352 0
0.100048 0
0.126944 0
0.067107 0
0.081609 0
0.203300 0
0.097495 0
0.105821 0
0.102607 0
0.097478 0
0.252174 0
0.125529 0
0.061973 0
0.111842 0
0.111381 0
0.120840 0
0.091751 0
0.194631 0
0.139366 0
0.067139 0
0.289191 0
0.089950 0
0.084105 0
0.093713 0
0.109773 0
0.072815 0
0.010740 0
0.133114 0
0.150436 0
0.078502 0
0.101695 0
0.266523 0
0.104112 0
0.070545 0
0.165309 0
0.048510 0
0.034335 0
0.066198 0
0.064987 0
0.127811 0
0.064374 0
0.120769 0
0.159143 0
0.070362 0
0.151475 0
0.242572 0
0.070297 0
0.100527 0
0.109545 0
0.075134 0
0.107539 0
0.206295 0
0.121250 0
0.074536 0
0.125800 0
0.215002 0
0.144833 0
0.006018 0
0.083430 0
0.130112 0
0.074778 0
0.154059 0
0.080298 0
0.065945 0
0.079808 0
0.082902 0
0.064441 0
0.126466 0
0.110266 0
0.087083 0
0.101450 0
