0.104630 0
0.214090 0
0.140425 0
0.102418 0
0.149806 0
0.102745 0
0.063197 0
0.107515 0
0.106231 0
0.116512 0
0.099762 0
0.109052 0
0.017685 0
0.024047 0
0.144958 0
0.042039 0
0.106331 0
0.114426 0
0.067991 0
0.140448 0
0.123657 0
0.134174 0
0.158812 0
0.130807 0
0.104409 0
0.132002 0
0.107518 0
0.101843 0
0.147518 0
0.105591 0
0.208470 0
0.108606 0
0.152902 0
0.106121 0
0.105398 0
0.164660 0
0.250004 0
0.117004 0
0.116747 0
0.015220 0
0.104806 0
0.126622 0
0.100939 0
0.074135 0
0.126912 0
0.105313 0
0.110207 0
0.101183 0
0.136811 0
0.146616 0
0.119077 0
0.112089 0
0.105227 0
0.101570 0
0.109303 0
0.119271 0
0.111882 0
0.106111 0
0.073108 0
0.103284 0
0.143756 0
0.104013 0
0.112645 0
0.173612 0
0.268946 0
0.120887 0
0.113145 0
0.170049 0
