0.277076 0
0.281679 0
0.242805 0
0.182312 0
0.097903 0
0.144480 0
0.131455 0
0.145748 0
0.113115 0
0.385206 0
0.269776 0
0.125996 0
0.264189 0
0.348751 0
0.189187 0
0.217135 0
0.142562 0
0.098152 0
0.203794 0
0.190217 0
0.086497 0
0.177758 0
0.558737 0
0.068223 0
0.126067 0
0.528457 0
0.271015 0
0.338925 0
0.109671 0
0.133034 0
0.201580 0
0.079733 0
0.188880 0
0.337430 0
0.211278 0
0.520534 0
0.349419 0
0.104185 0
0.106784 0
0.058594 0
0.109198 0
0.125873 0
0.083895 0
0.158870 0
0.095444 0
0.308570 0
0.061542 0
0.426272 0
0.246064 0
0.419786 0
0.223484 0
0.134063 0
0.174364 0
0.449454 0
