0.103031 0
0.112460 0
0.177327 0
0.051446 0
0.126307 0
0.085170 0
0.134822 0
0.151565 0
0.267024 0
0.119909 0
0.282820 0
0.093487 0
0.252920 0
0.143228 0
0.156283 0
0.623372 0
0.036204 0
0.022843 0
0.076218 0
0.202576 0
0.185341 0
0.133321 0
0.168293 0
0.197742 0
0.133953 0
0.384580 0
0.085278 0
0.094219 0
0.508660 0
0.210000 0
0.223251 0
0.139010 0
0.106062 0
0.166062 0
0.128088 0
0.081354 0
0.092766 0
0.252991 0
0.157783 0
0.317083 0
0.235021 0
0.129626 0
0.094244 0
0.093787 0
0.082332 0
0.022677 0
0.318990 0
0.154830 0
0.118947 0
0.596254 0
0.162366 0
0.443888 0
0.122602 0
0.104925 0
0.083723 0
0.405459 0
0.151180 0
0.075505 0
0.018664 0
0.191090 0
0.074426 0
0.090316 0
0.281808 0
0.164527 0
0.020082 0
0.079651 0
0.052768 0
0.082719 0
0.127461 0
0.332600 0
0.057033 0
0.103622 0
0.139993 0
0.171884 0
0.056874 0
0.162984 0
0.132574 0
0.333962 0
0.094382 0
0.161376 0
0.081100 0
0.076604 0
0.095384 0
