0.277098 0
0.257367 0
0.080323 0
0.186826 0
0.065745 0
0.180543 0
0.187615 0
0.171068 0
0.146478 0
0.212343 0
0.882995 0
0.171327 0
0.304515 0
0.123691 0
0.155865 0
0.129388 0
0.170370 0
0.109207 0
0.136936 0
0.034566 0
0.031748 0
0.164952 0
0.018266 0
0.080108 0
0.230003 0
0.142333 0
0.453484 0
0.286281 0
0.236846 0
0.099621 0
0.409284 0
0.234579 0
0.515123 0
0.165266 0
0.055345 0
0.088065 0
0.325809 0
0.291398 0
0.098070 0
1.044566 0
0.051958 0
0.072913 0
0.256363 0
0.245831 0
0.075470 0
0.875848 0
0.345334 0
0.340254 0
0.005191 0
0.083107 0
0.213360 0
0.106387 0
0.137496 0
0.058570 0
0.246773 0
0.258301 0
0.055472 0
0.068393 0
0.214905 0
0.777860 0
0.021471 0
0.370272 0
0.070135 0
