0.384703 0
0.153379 0
0.054401 0
0.125187 0
0.077966 0
0.056991 0
0.277254 0
0.354664 0
0.038722 0
0.063570 0
0.022436 0
0.221076 0
0.118827 0
0.057521 0
0.159332 0
0.130535 0
0.145766 0
0.446188 0
0.078974 0
0.198661 0
0.287474 0
0.077412 0
0.016623 0
0.108573 0
0.150685 0
0.199561 0
0.125973 0
0.037286 0
0.113095 0
0.144892 0
0.107066 0
0.335074 0
0.102973 0
0.460598 0
0.129296 0
0.078172 0
0.029665 0
0.115749 0
0.141225 0
0.298678 0
0.139445 0
0.033609 0
0.165232 0
0.076694 0
0.164698 0
0.148598 0
0.145498 0
0.281879 0
0.344710 0
0.114357 0
0.155907 0
0.360461 0
0.061101 0
0.061210 0
0.136514 0
0.109146 0
0.104510 0
0.163827 0
0.130601 0
0.052867 0
0.025707 0
0.031466 0
0.025897 0
0.073988 0
0.004035 0
0.273995 0
0.193667 0
0.111258 0
0.118869 0
0.098487 0
0.256708 0
0.179001 0
0.212896 0
0.073081 0
0.371443 0
0.150926 0
0.029190 0
0.063019 0
0.162821 0
0.049091 0
0.088489 0
0.065925 0
