0.046738 0
0.082596 0
0.048595 0
0.129637 0
0.087242 0
0.081909 0
0.172356 0
0.047673 0
0.133982 0
0.067820 0
0.142238 0
0.112040 0
0.092477 0
0.064333 0
0.056777 0
0.063572 0
0.065027 0
0.052023 0
0.378425 0
0.051601 0
0.081725 0
0.057352 0
0.046742 0
0.170195 0
0.078159 0
0.067582 0
0.211554 0
0.074125 0
0.053297 0
0.212892 0
0.144263 0
0.111770 0
0.056282 0
0.109836 0
0.049097 0
0.045693 0
0.048782 0
0.083199 0
0.066343 0
0.062634 0
0.076059 0
0.091666 0
0.139805 0
0.060080 0
0.069753 0
0.050742 0
0.061509 0
0.089746 0
0.043911 0
0.013921 0
0.052128 0
0.073126 0
0.047263 0
0.070705 0
0.060606 0
0.056946 0
0.086374 0
0.049791 0
0.178891 0
0.142201 0
0.094344 0
0.119855 0
0.049183 0
0.046080 0
0.051890 0
0.056035 0
0.051193 0
0.045688 0
0.014735 0
0.131893 0
0.047015 0
0.053425 0
0.151022 0
0.052632 0
0.050008 0
0.107029 0
0.099445 0
0.050195 0
0.078430 0
0.044725 0
0.052714 0
0.046142 0
0.048244 0
