0.063277 0
0.089789 0
0.061789 0
0.062757 0
0.045226 0
0.059742 0
0.053968 0
0.095186 0
0.042004 0
0.150320 0
0.081155 0
0.037001 0
0.108188 0
0.070538 0
0.111415 0
0.143790 0
0.114713 0
0.165491 0
0.205028 0
0.070350 0
0.145325 0
0.219184 0
0.134608 0
0.063788 0
0.088579 0
0.130816 0
0.231358 0
0.055036 0
0.076538 0
0.087048 0
0.112039 0
0.132452 0
0.098179 0
0.134329 0
0.102379 0
0.067925 0
0.193233 0
0.076728 0
0.060378 0
0.110937 0
0.113359 0
0.091704 0
0.006848 0
0.126133 0
0.048461 0
0.090377 0
0.048152 0
0.080261 0
0.153542 0
0.059352 0
0.014001 0
0.051666 0
0.051121 0
0.140285 0
0.022576 0
0.168070 0
0.054686 0
0.062509 0
0.113272 0
0.149389 0
0.094232 0
0.320488 0
0.150356 0
