0.100154 0
0.177067 0
0.132931 0
0.074012 0
0.156488 0
0.225953 0
0.159541 0
0.157709 0
0.177956 0
0.099786 0
0.296776 0
0.045493 0
0.099920 0
0.093153 0
0.143468 0
0.139822 0
0.130865 0
0.216440 0
0.209481 0
0.010955 0
0.232622 0
0.329933 0
0.010521 0
0.059904 0
0.049122 0
0.136417 0
0.060016 0
0.097766 0
0.330515 0
0.136954 0
0.050052 0
0.201352 0
0.179290 0
0.123148 0
0.107039 0
0.100120 0
0.108558 0
0.106147 0
0.069410 0
0.089288 0
0.169879 0
0.053717 0
0.107923 0
0.109621 0
0.167353 0
0.315120 0
0.141563 0
0.034036 0
0.099208 0
0.121679 0
0.062752 0
0.044739 0
0.177982 0
0.141843 0
0.088267 0
0.142821 0
0.004269 0
0.176022 0
0.100568 0
0.247582 0
0.157683 0
0.059462 0
0.203548 0
0.173369 0
