0.223776 0
0.503115 0
0.094904 0
0.307047 0
0.090479 0
0.118339 0
0.137987 0
0.361406 0
0.238847 0
0.151143 0
0.453750 0
0.132240 0
0.172006 0
0.323971 0
0.289580 0
0.279076 0
0.150950 0
0.213122 0
0.086429 0
0.162420 0
0.124938 0
0.354893 0
0.499242 0
0.099524 0
0.092186 0
0.156558 0
0.107682 0
0.253147 0
0.250050 0
0.182933 0
0.069208 0
0.154904 0
0.135005 0
0.101535 0
0.121399 0
0.198007 0
0.007944 0
0.227793 0
0.262324 0
0.148271 0
0.130471 0
0.600830 0
0.151420 0
0.341162 0
0.237466 0
0.383313 0
0.154594 0
0.164355 0
0.282251 0
0.094985 0
0.092462 0
0.432459 0
0.013595 0
0.166230 0
0.205152 0
0.060996 0
0.288823 0
0.115327 0
0.088690 0
0.184087 0
0.863706 0
0.221459 0
0.097535 0
0.263815 0
0.175726 0
0.443108 0
0.009692 0
0.277778 0
0.562268 0
0.138346 0
0.124308 0
0.713545 0
0.208301 0
0.014463 0
0.373199 0
0.253334 0
0.294462 0
0.354310 0
0.103762 0
0.246080 0
0.118670 0
0.757721 0
0.144866 0
0.395737 0
