0.285638 0
0.215764 0
0.502692 0
0.517594 0
0.279822 0
0.859954 0
0.167455 0
0.170245 0
0.560812 0
0.185918 0
0.082346 0
0.135476 0
0.477840 0
0.161117 0
0.064707 0
0.204012 0
0.160018 0
0.378417 0
0.172986 0
0.106439 0
0.180879 0
0.247899 0
0.028988 0
0.013411 0
0.105699 0
0.052237 0
0.205221 0
0.238156 0
0.176952 0
0.117094 0
0.573061 0
0.019002 0
0.170739 0
0.016618 0
0.709221 0
0.151908 0
0.359278 0
0.071335 0
0.235305 0
0.140617 0
0.396752 0
0.186379 0
0.214003 0
0.035325 0
0.299548 0
0.014882 0
0.210520 0
0.396415 0
0.059758 0
0.088492 0
0.410878 0
