0.067628 0
0.028580 0
0.060024 0
0.050833 0
0.093929 0
0.038940 0
0.043037 0
0.103669 0
0.038585 0
0.055823 0
0.077081 0
0.087949 0
0.108214 0
0.029107 0
0.027391 0
0.049226 0
0.024972 0
0.076091 0
0.044974 0
0.029320 0
0.023847 0
0.133314 0
0.041010 0
0.029824 0
0.112268 0
0.059563 0
0.086464 0
0.057948 0
0.035083 0
0.027365 0
0.038103 0
0.097015 0
0.124354 0
0.029897 0
0.020644 0
0.087388 0
0.060284 0
0.027895 0
0.023612 0
0.053688 0
0.097376 0
0.078161 0
0.036386 0
0.012979 0
0.060019 0
0.033208 0
0.039699 0
0.203278 0
0.034403 0
0.026824 0
0.026698 0
0.047942 0
0.052236 0
0.040270 0
