0.305618 0
1.338165 0
0.221506 0
0.074949 0
0.116324 0
0.131241 0
0.109468 0
0.235601 0
0.564517 0
0.134107 0
0.182975 0
0.315819 0
0.208100 0
0.157402 0
0.291209 0
0.214598 0
0.293629 0
0.458249 0
0.435545 0
0.522795 0
0.230085 0
0.518324 0
0.340786 0
0.351998 0
0.275493 0
0.127563 0
0.106903 0
0.116797 0
0.147209 0
0.162039 0
0.417883 0
0.148463 0
0.500234 0
0.037195 0
0.024909 0
0.516828 0
0.382114 0
0.092335 0
0.076320 0
0.267785 0
0.158890 0
0.115255 0
0.126343 0
0.599414 0
0.332290 0
0.374052 0
0.068095 0
0.211305 0
0.150599 0
0.021233 0
0.315683 0
0.339337 0
0.538832 0
0.117812 0
0.154056 0
0.119080 0
0.046769 0
0.202837 0
0.645275 0
0.136602 0
0.286070 0
0.613792 0
0.021704 0
0.227021 0
0.297337 0
0.498821 0
0.101988 0
0.479278 0
0.000576 0
0.089976 0
1.029383 0
