0.140082 0
0.082304 0
0.251934 0
0.095806 0
0.861055 0
0.228239 0
0.200677 0
0.299199 0
0.145343 0
0.317376 0
0.099209 0
0.759796 0
0.040591 0
0.041394 0
0.444242 0
0.013653 0
0.146220 0
0.122624 0
0.131849 0
0.128355 0
0.189182 0
0.056518 0
0.120922 0
0.058918 0
0.366587 0
0.837940 0
0.314603 0
0.005707 0
0.147389 0
0.354231 0
0.083166 0
0.044816 0
0.120791 0
0.477743 0
0.303916 0
0.156233 0
0.044272 0
0.051684 0
0.290909 0
0.261808 0
0.169366 0
0.095089 0
0.156370 0
0.069320 0
0.083664 0
0.010843 0
0.301594 0
0.188189 0
0.292666 0
0.269208 0
0.084486 0
0.159096 0
0.172159 0
0.513880 0
