0.383342 0
0.414522 0
0.198637 0
0.239921 0
0.120199 0
0.230482 0
0.210775 0
0.324828 0
0.222104 0
0.163923 0
0.156422 0
0.202166 0
0.147805 0
0.058907 0
0.153181 0
0.109952 0
0.173109 0
0.378043 0
0.079040 0
0.078507 0
0.116155 0
0.062833 0
0.116897 0
0.132959 0
0.317270 0
0.077755 0
0.168843 0
0.245443 0
0.192027 0
0.162041 0
0.379485 0
0.079139 0
0.427425 0
0.154093 0
0.178591 0
0.097847 0
0.048774 0
0.239665 0
0.130755 0
0.163592 0
0.634514 0
0.357941 0
0.220461 0
0.191002 0
0.133050 0
0.077758 0
0.045725 0
0.107521 0
0.078004 0
0.092287 0
0.077450 0
0.192184 0
0.164868 0
0.500820 0
0.140437 0
0.081175 0
0.096225 0
0.067797 0
0.170200 0
0.403210 0
0.120730 0
0.295738 0
0.232684 0
0.104775 0
