0.186240 0
0.129405 0
0.276884 0
0.308059 0
0.172149 0
0.195647 0
0.359430 0
0.265225 0
0.123817 0
0.311935 0
1.306278 0
0.196262 0
0.153291 0
1.260594 0
0.027123 0
0.260948 0
0.670722 0
0.954509 0
0.352453 0
0.237765 0
0.108861 0
0.015699 0
0.619405 0
0.315100 0
0.487068 0
0.197145 0
0.408376 0
0.599693 0
0.504194 0
0.017359 0
0.998589 0
0.466607 0
1.001823 0
0.006996 0
0.610888 0
0.157535 0
0.248988 0
0.167990 0
0.078464 0
0.328763 0
0.180220 0
0.262804 0
0.502968 0
0.239239 0
0.120746 0
0.536471 0
0.439310 0
0.925810 0
0.125042 0
0.346229 0
0.474779 0
0.957201 0
0.488540 0
0.468083 0
2.280581 0
0.457018 0
