0.226681 0
0.124625 0
0.065121 0
0.122277 0
0.208001 0
0.046531 0
0.272900 0
0.110360 0
0.159196 0
0.136264 0
0.048315 0
0.111713 0
0.072653 0
0.219905 0
0.217923 0
0.104308 0
0.061632 0
0.082098 0
0.067624 0
0.072059 0
0.122580 0
0.045835 0
0.054587 0
0.109101 0
0.248384 0
0.147553 0
0.117428 0
0.159353 0
0.199005 0
0.085196 0
0.497224 0
0.132784 0
0.045670 0
0.167683 0
0.216856 0
0.054888 0
0.213429 0
0.257379 0
0.081417 0
0.079940 0
0.126198 0
0.097565 0
0.088611 0
0.104436 0
0.087770 0
0.362099 0
0.078918 0
0.381473 0
0.052595 0
0.121971 0
0.168345 0
0.052518 0
0.040779 0
0.046041 0
0.083076 0
0.273718 0
0.103803 0
0.168133 0
0.569691 0
0.135747 0
0.147580 0
0.109724 0
0.163932 0
0.046286 0
0.142397 0
0.119537 0
0.046945 0
0.094733 0
0.031040 0
0.096866 0
0.145776 0
0.104325 0
0.136007 0
