0.308471 0
0.430193 0
0.433827 0
0.115613 0
0.487221 0
0.038575 0
0.107011 0
0.020061 0
0.128178 0
0.221498 0
0.750569 0
0.239764 0
0.254151 0
0.029006 0
0.103658 0
0.034782 0
0.087281 0
0.031079 0
0.029082 0
0.034037 0
0.347820 0
0.248728 0
0.265968 0
0.235274 0
0.053052 0
0.039316 0
0.188651 0
0.190482 0
0.068682 0
0.091883 0
0.792774 0
0.117702 0
0.646190 0
0.015870 0
0.060304 0
0.649722 0
0.029981 0
0.260310 0
0.225465 0
0.022935 0
0.207999 0
0.323942 0
0.222898 0
0.457924 0
0.074048 0
0.074594 0
0.134493 0
0.126542 0
0.225085 0
0.007879 0
0.137690 0
0.114193 0
0.154822 0
0.130065 0
0.131441 0
0.077848 0
0.152476 0
0.076275 0
0.117665 0
0.383438 0
0.220824 0
0.201995 0
0.208598 0
0.017033 0
0.123627 0
0.072637 0
0.035754 0
0.289425 0
0.195396 0
0.084298 0
0.106938 0
0.425086 0
0.040665 0
0.156245 0
0.392548 0
0.054616 0
0.187568 0
0.083582 0
0.046107 0
0.225674 0
0.103451 0
0.146358 0
