0.086120 0
0.045234 0
0.062833 0
0.049123 0
0.071824 0
0.081105 0
0.065795 0
0.054297 0
0.030301 0
0.212353 0
0.062259 0
0.058478 0
0.079092 0
0.046875 0
0.070171 0
0.073876 0
0.068308 0
0.137558 0
0.094611 0
0.056100 0
0.054367 0
0.173098 0
0.018379 0
0.049433 0
0.091551 0
0.146821 0
0.101172 0
0.079126 0
0.074399 0
0.043922 0
0.065091 0
0.071126 0
0.032425 0
0.073495 0
0.031946 0
0.056344 0
0.041059 0
0.041760 0
0.026062 0
0.055410 0
0.049363 0
0.043030 0
0.104075 0
0.049958 0
0.119747 0
0.097809 0
0.055839 0
0.046773 0
0.076613 0
0.009848 0
