0.338325 0
0.226849 0
1.009652 0
0.234814 0
0.240680 0
0.225103 0
0.076951 0
0.329281 0
0.291815 0
0.226702 0
0.103679 0
0.621792 0
1.488391 0
0.192203 0
0.049842 0
0.376066 0
0.659336 0
0.359357 0
0.234241 0
0.129471 0
0.376878 0
0.147505 0
0.142905 0
0.208786 0
0.049749 0
0.283688 0
0.751073 0
0.551014 0
0.173485 0
0.311239 0
0.006907 0
0.230460 0
0.160853 0
0.084011 0
0.114974 0
0.194400 0
0.115515 0
0.201196 0
0.157754 0
0.199437 0
0.485251 0
0.028824 0
0.331965 0
0.231964 0
0.235305 0
0.254109 0
0.057031 0
0.816134 0
0.299167 0
0.279471 0
0.089606 0
0.204948 0
0.158319 0
