0.120174 0
0.054624 0
0.066526 0
0.045268 0
0.072287 0
0.059280 0
0.063279 0
0.074208 0
0.095306 0
0.067560 0
0.074772 0
0.165389 0
0.127597 0
0.105568 0
0.026332 0
0.057697 0
0.084567 0
0.015794 0
0.069735 0
0.059071 0
0.055210 0
0.055866 0
0.072074 0
0.059597 0
0.084373 0
0.055952 0
0.056815 0
0.083322 0
0.086141 0
0.125629 0
0.071858 0
0.055147 0
0.060048 0
0.095826 0
0.072581 0
0.058623 0
0.072482 0
0.082956 0
0.058282 0
0.097970 0
0.059293 0
0.122766 0
0.068516 0
0.075215 0
0.093893 0
0.058612 0
0.127680 0
0.100603 0
0.079432 0
0.029998 0
0.068875 0
0.179132 0
0.057780 0
0.103762 0
0.042235 0
0.064137 0
0.055415 0
0.035587 0
0.055743 0
0.124951 0
0.077087 0
0.054524 0
0.069094 0
0.058230 0
0.079821 0
0.056519 0
0.059981 0
0.109790 0
0.047275 0
0.062661 0
0.062303 0
0.066798 0
0.114365 0
0.057106 0
0.067603 0
0.064509 0
0.080995 0
0.064263 0
0.000528 0
0.084986 0
0.091743 0
0.057581 0
0.069611 0
0.047486 0
0.073401 0
0.055338 0
0.061514 0
