0.117187 0
0.206862 0
0.148930 0
0.072016 0
0.316409 0
0.101376 0
0.332581 0
0.309483 0
0.108616 0
0.141957 0
0.330958 0
0.082161 0
0.040341 0
0.051685 0
0.321919 0
0.048473 0
0.168652 0
0.220243 0
0.076594 0
0.286179 0
0.201779 0
0.017531 0
0.228460 0
0.104813 0
0.098143 0
0.131138 0
0.104922 0
0.146215 0
0.146907 0
0.097278 0
0.123421 0
0.033138 0
0.246154 0
0.073336 0
0.089065 0
0.077124 0
0.356637 0
0.438855 0
0.141356 0
0.089729 0
0.123596 0
0.084012 0
0.073416 0
0.092171 0
0.140677 0
0.076858 0
0.172386 0
0.074881 0
0.085236 0
0.263270 0
