0.101571 0
0.234441 0
0.369105 0
0.274459 0
0.121354 0
0.165232 0
0.170498 0
0.144882 0
0.407502 0
0.128487 0
0.062628 0
0.190822 0
0.517607 0
0.066622 0
0.326048 0
0.533434 0
0.133262 0
0.151802 0
0.055791 0
0.487783 0
0.103530 0
0.215861 0
0.129374 0
0.142139 0
0.237488 0
0.141368 0
0.209973 0
0.213997 0
0.138801 0
0.122257 0
0.282470 0
0.132657 0
0.133418 0
0.060663 0
0.359753 0
0.121339 0
0.059788 0
0.120072 0
0.031899 0
0.433046 0
0.212607 0
0.247638 0
0.247310 0
0.339165 0
0.126094 0
0.549503 0
0.022795 0
