0.510238 0
0.176297 0
0.061161 0
0.095591 0
0.043881 0
0.486596 0
0.376673 0
0.403431 0
0.190258 0
0.318797 0
0.123393 0
0.114961 0
0.129370 0
0.309525 0
0.630181 0
0.174884 0
0.022985 0
0.063699 0
0.368348 0
0.223400 0
0.090194 0
0.539805 0
0.485206 0
0.360742 0
0.396924 0
0.189550 0
0.064428 0
0.406776 0
0.140747 0
0.039781 0
0.154900 0
0.200053 0
0.045444 0
0.454467 0
0.333824 0
0.138748 0
0.271890 0
0.025393 0
0.054426 0
0.199755 0
0.071757 0
0.080792 0
0.348776 0
0.627114 0
0.272656 0
0.368402 0
0.823551 0
0.126805 0
0.194465 0
0.141916 0
0.027548 0
0.361099 0
0.202380 0
0.190000 0
0.223839 0
0.123874 0
0.031252 0
