0.120481 0
0.108609 0
0.117322 0
0.162287 0
0.207904 0
0.143417 0
0.219807 0
0.269947 0
0.215165 0
0.170188 0
0.162611 0
0.133653 0
0.190683 0
0.115890 0
0.355365 0
0.300299 0
0.178137 0
0.194501 0
0.209845 0
0.188301 0
0.296832 0
0.042821 0
0.367554 0
0.110025 0
0.143878 0
0.604283 0
0.123555 0
0.185109 0
0.031200 0
0.114487 0
0.348971 0
0.222125 0
0.121536 0
0.295150 0
0.119035 0
0.119263 0
0.116761 0
0.115990 0
0.054135 0
0.109394 0
0.321944 0
0.151259 0
0.147616 0
0.250093 0
0.230714 0
0.246273 0
0.152259 0
0.119562 0
0.118357 0
0.071768 0
0.159109 0
0.163164 0
0.121864 0
0.086803 0
0.120237 0
0.408203 0
0.331319 0
0.374242 0
0.244564 0
0.148953 0
0.188320 0
0.215762 0
0.131260 0
0.084226 0
0.089584 0
0.088007 0
0.141024 0
0.360836 0
0.121979 0
0.148878 0
0.086146 0
