0.143577 0
0.224720 0
0.303743 0
0.134813 0
0.355481 0
0.105884 0
0.212237 0
0.700819 0
0.176464 0
0.351423 0
0.395652 0
0.303387 0
0.201813 0
0.092498 0
0.313054 0
0.210529 0
0.229059 0
0.334163 0
0.162211 0
0.086074 0
0.115305 0
0.308441 0
0.571120 0
0.374640 0
0.174544 0
0.004144 0
0.381051 0
0.468103 0
0.310392 0
0.272012 0
0.362398 0
0.161367 0
0.412767 0
0.173714 0
0.021490 0
0.432863 0
0.251801 0
0.374491 0
0.132435 0
0.019254 0
0.105344 0
0.241018 0
0.244704 0
0.165015 0
0.134723 0
0.232984 0
0.159925 0
0.169597 0
0.087149 0
0.189301 0
0.151085 0
0.300410 0
1.063525 0
0.102504 0
0.241838 0
