0.117673 0
0.080083 0
0.114281 0
0.336822 0
0.377221 0
0.119309 0
0.329220 0
0.176771 0
0.155648 0
0.097145 0
0.097365 0
0.202976 0
0.308127 0
0.372210 0
0.107103 0
0.057269 0
0.394504 0
0.169961 0
0.129789 0
0.115590 0
0.118376 0
0.119157 0
0.008931 0
0.171064 0
0.107100 0
0.468597 0
0.098340 0
0.089937 0
0.513622 0
0.390452 0
0.079039 0
0.100308 0
0.007802 0
0.155428 0
0.053469 0
0.381443 0
0.500604 0
0.021517 0
0.128432 0
0.752979 0
0.019543 0
0.077906 0
0.057145 0
0.064170 0
0.017328 0
0.093963 0
0.037526 0
0.517513 0
0.301831 0
0.242421 0
0.116358 0
0.049806 0
0.201796 0
0.161785 0
0.003501 0
0.105965 0
0.204181 0
0.974189 0
0.030919 0
0.085442 0
0.067083 0
0.155886 0
0.109166 0
0.127415 0
0.126461 0
0.165803 0
0.253759 0
0.256098 0
0.099252 0
0.211522 0
0.273952 0
0.049807 0
0.335970 0
0.113927 0
0.067716 0
0.189204 0
0.167095 0
0.010557 0
