0.317751 0
0.149212 0
0.260124 0
0.266229 0
0.358227 0
0.103678 0
0.467411 0
0.220930 0
0.089733 0
0.097982 0
0.207795 0
0.180587 0
0.357309 0
0.360966 0
0.288595 0
0.328869 0
0.300907 0
0.432931 0
0.062059 0
0.087463 0
0.406553 0
0.811078 0
0.212902 0
0.421827 0
1.036215 0
0.279819 0
0.034317 0
0.089591 0
0.498528 0
0.743317 0
0.824188 0
0.207712 0
0.140617 0
0.191726 0
0.086964 0
0.047718 0
0.005645 0
0.363501 0
0.138668 0
0.231152 0
0.154933 0
0.066238 0
0.590843 0
0.228200 0
0.048163 0
0.198516 0
0.036681 0
0.259141 0
