0.131657 0
0.168377 0
0.212553 0
0.166902 0
0.181726 0
0.192848 0
0.100957 0
0.268305 0
0.090963 0
0.203868 0
0.754131 0
0.185166 0
0.257015 0
0.178183 0
0.302177 0
0.120119 0
0.396368 0
0.090174 0
0.201644 0
0.214656 0
0.825804 0
0.465573 0
0.252603 0
0.108156 0
0.641390 0
0.235188 0
0.316106 0
0.109245 0
0.140484 0
0.243710 0
0.032953 0
0.374772 0
1.028319 0
0.428635 0
0.073702 0
0.190157 0
0.212788 0
0.193175 0
0.139653 0
0.107012 0
0.223529 0
0.020255 0
0.052655 0
0.298346 0
0.387852 0
0.159691 0
0.039494 0
0.577345 0
1.012748 0
0.762999 0
0.492839 0
0.236669 0
0.115856 0
