0.076478 0
0.075923 0
0.078318 0
0.079106 0
0.079737 0
0.082153 0
0.077686 0
0.077659 0
0.074391 0
0.075198 0
0.073434 0
0.075907 0
0.076091 0
0.082337 0
0.078541 0
0.076695 0
0.084323 0
0.089197 0
0.076573 0
0.075408 0
0.041174 0
0.074952 0
0.012844 0
0.077608 0
0.078308 0
0.014681 0
0.079848 0
0.065862 0
0.078635 0
0.027384 0
0.075317 0
0.078548 0
0.075437 0
0.028489 0
0.075482 0
0.076330 0
0.078141 0
0.074788 0
0.075184 0
0.075180 0
0.080583 0
0.079097 0
0.036260 0
0.085181 0
0.075183 0
0.082245 0
0.075064 0
0.081937 0
0.058758 0
