0.204133 0
0.064916 0
0.170986 0
0.057756 0
0.232095 0
0.081266 0
0.450833 0
0.020843 0
0.318644 0
0.216156 0
0.326982 0
0.172349 0
0.092339 0
0.575293 0
0.182359 0
0.058936 0
0.203997 0
0.151642 0
0.188337 0
0.199549 0
0.534507 0
0.041403 0
0.130994 0
0.149252 0
0.362445 0
0.555132 0
0.519857 0
0.066448 0
0.180221 0
0.154964 0
0.660231 0
0.181067 0
0.190416 0
0.257712 0
0.030030 0
0.087209 0
0.032757 0
0.149708 0
0.056788 0
0.032331 0
0.124926 0
0.262956 0
0.066571 0
0.167374 0
0.165464 0
0.184593 0
0.035758 0
0.090987 0
0.192368 0
0.318937 0
0.444850 0
0.097163 0
0.242190 0
0.123994 0
0.281092 0
0.185576 0
0.774010 0
0.034102 0
