0.185284 0
0.121855 0
0.203384 0
0.223365 0
0.046392 0
0.190793 0
0.089157 0
0.085358 0
0.061455 0
0.135771 0
0.022233 0
0.050941 0
0.033563 0
0.164181 0
0.107649 0
0.157166 0
0.118380 0
0.037998 0
0.040486 0
0.131533 0
0.040786 0
0.133706 0
0.049222 0
0.137323 0
0.090798 0
0.033835 0
0.215872 0
0.580159 0
0.158806 0
0.106432 0
0.245282 0
0.119604 0
0.086181 0
0.228992 0
0.121968 0
0.262729 0
0.390596 0
0.053459 0
0.332220 0
0.047066 0
0.181487 0
0.182701 0
0.179888 0
0.213477 0
0.301236 0
0.869927 0
0.145459 0
0.147145 0
0.752024 0
0.075184 0
0.300074 0
0.102140 0
0.082931 0
0.035990 0
