0.334987 0
0.693009 0
0.497235 0
0.186951 0
0.088366 0
0.422750 0
0.582734 0
0.224826 0
0.454811 0
0.929682 0
0.227020 0
0.174105 0
0.169570 0
0.365315 0
0.103692 0
0.636173 0
0.248338 0
0.135063 0
0.097666 0
0.083933 0
0.314798 0
0.478655 0
0.190487 0
0.300546 0
0.165831 0
0.907340 0
0.508884 0
0.127945 0
0.239912 0
0.260873 0
0.320579 0
0.219100 0
0.209478 0
0.426542 0
0.090510 0
0.270804 0
0.867716 0
1.044167 0
0.205976 0
0.570958 0
0.189091 0
0.179841 0
0.065107 0
0.245575 0
0.295113 0
0.059058 0
0.039523 0
0.512880 0
0.140353 0
0.148394 0
0.019348 0
0.117103 0
0.147357 0
0.109713 0
0.093942 0
0.157092 0
0.045003 0
0.233267 0
0.120079 0
0.295790 0
0.053927 0
0.376633 0
0.423920 0
0.624857 0
0.143632 0
0.270931 0
0.583239 0
0.150871 0
0.060627 0
0.137428 0
0.314645 0
0.307567 0
0.281205 0
0.493219 0
0.103751 0
0.011100 0
0.361096 0
