0.552310 0
1.232188 0
1.056203 0
0.649175 0
0.065980 0
0.272076 0
0.319181 0
0.212204 0
0.093346 0
0.130766 0
0.205765 0
0.249142 0
0.253556 0
0.146034 0
0.599627 0
0.207265 0
1.294459 0
0.030123 0
1.026376 0
0.095219 0
0.263431 0
0.402016 0
0.522172 0
0.429706 0
0.086964 0
0.275783 0
0.102169 0
0.483232 0
2.579208 0
0.582879 0
0.184892 0
0.509812 0
0.138906 0
0.569119 0
0.432652 0
0.002989 0
0.303421 0
0.047356 0
0.011510 0
0.602299 0
0.032945 0
0.521192 0
0.239172 0
0.009478 0
0.325019 0
0.185336 0
0.059210 0
0.923582 0
0.446142 0
0.163943 0
0.394689 0
0.361320 0
