0.304748 0
0.465442 0
0.077258 0
0.364478 0
0.178171 0
0.927935 0
0.057980 0
0.163980 0
0.583514 0
0.324350 0
0.154304 0
0.277552 0
0.154667 0
0.284750 0
0.036397 0
0.463857 0
0.094740 0
0.034805 0
0.097397 0
0.476310 0
0.221612 0
0.228433 0
0.260411 0
0.342727 0
0.450482 0
0.114988 0
0.197306 0
0.124423 0
0.101088 0
0.162821 0
0.251009 0
0.056222 0
0.548800 0
0.109874 0
0.009522 0
0.032455 0
0.376529 0
0.078947 0
0.190091 0
0.008854 0
0.314546 0
1.032678 0
1.052896 0
0.039370 0
0.142951 0
0.126750 0
0.195503 0
0.046767 0
0.045126 0
0.177915 0
0.504820 0
0.281677 0
0.034573 0
0.140938 0
0.593422 0
0.102531 0
