0.169899 0
0.126177 0
0.464335 0
0.160486 0
0.193360 0
0.119918 0
0.129814 0
0.164129 0
0.116572 0
0.442800 0
0.129009 0
0.148077 0
0.127232 0
0.335645 0
0.203447 0
0.079272 0
0.059909 0
0.132034 0
0.472989 0
0.232861 0
0.132521 0
0.039160 0
0.119276 0
0.165168 0
0.305249 0
0.275871 0
0.243095 0
0.204943 0
0.196863 0
0.196199 0
0.137787 0
0.130650 0
0.127647 0
0.162102 0
0.195195 0
0.239225 0
0.165695 0
0.303391 0
0.047173 0
0.163340 0
0.101030 0
0.165222 0
0.354067 0
0.193538 0
0.111396 0
0.175115 0
0.101195 0
0.110491 0
0.115612 0
0.225505 0
0.116304 0
0.360199 0
0.216506 0
0.210550 0
0.104892 0
0.286813 0
0.051910 0
0.194900 0
0.055763 0
0.051791 0
0.101247 0
0.291613 0
0.007142 0
0.134096 0
0.099485 0
0.221726 0
0.282727 0
0.238484 0
0.112315 0
