0.074866 0
0.734386 0
0.040507 0
0.129295 0
0.084874 0
0.255392 0
0.249768 0
0.064074 0
0.228864 0
0.129906 0
0.164983 0
0.167696 0
0.273216 0
0.183949 0
0.087352 0
0.093666 0
0.394100 0
0.297172 0
0.019628 0
0.505119 0
0.151028 0
0.094520 0
0.075842 0
0.077902 0
0.028660 0
0.735662 0
0.078717 0
0.187035 0
0.039135 0
0.508847 0
0.214379 0
0.073439 0
0.281596 0
0.074771 0
0.118828 0
0.110202 0
0.082582 0
0.176486 0
0.005619 0
0.143595 0
0.139927 0
0.105888 0
0.131992 0
0.345144 0
0.281574 0
0.139879 0
0.400333 0
0.063048 0
0.114809 0
0.318652 0
0.076150 0
0.130750 0
0.152282 0
0.163998 0
0.246985 0
0.304189 0
0.329407 0
0.110505 0
0.301186 0
0.105577 0
0.046802 0
0.137224 0
0.155200 0
0.077785 0
0.591336 0
0.080287 0
0.197128 0
0.130469 0
0.112371 0
0.118071 0
0.091208 0
0.270930 0
0.479674 0
0.415659 0
0.085232 0
