0.382541 0
0.245453 0
0.357656 0
0.144792 0
0.130445 0
0.299433 0
0.142963 0
0.152493 0
0.211233 0
0.265883 0
0.350107 0
0.104452 0
0.098890 0
0.246713 0
0.218859 0
0.309941 0
0.033296 0
0.156899 0
0.163690 0
0.261992 0
0.334833 0
0.158256 0
0.152655 0
0.200577 0
0.172735 0
0.147135 0
0.311680 0
0.102118 0
0.630165 0
0.158575 0
0.637542 0
0.298649 0
0.181962 0
0.333239 0
0.543006 0
0.046550 0
0.045997 0
0.286739 0
0.332410 0
0.156404 0
0.142067 0
0.151664 0
0.522663 0
0.222387 0
0.183873 0
0.185203 0
0.011606 0
