0.241826 0
0.044015 0
0.071740 0
0.030996 0
0.082870 0
0.076354 0
0.054438 0
0.095327 0
0.067923 0
0.094561 0
0.127247 0
0.643411 0
0.117811 0
0.159165 0
0.058574 0
0.111356 0
0.017060 0
0.095461 0
0.034242 0
0.293817 0
0.069713 0
0.190491 0
0.102223 0
0.151720 0
0.054712 0
0.095798 0
0.168357 0
0.141249 0
0.398597 0
0.037263 0
0.287819 0
0.104356 0
0.057389 0
0.291332 0
0.028268 0
0.037019 0
0.196760 0
0.567926 0
0.019353 0
0.067033 0
0.079608 0
0.243365 0
0.048536 0
0.074789 0
0.255468 0
0.114401 0
0.037091 0
0.083252 0
0.058769 0
0.034668 0
0.035359 0
0.300146 0
0.104982 0
0.088739 0
0.358414 0
0.068070 0
0.177974 0
0.289794 0
0.038090 0
0.082774 0
