0.076860 0
0.189603 0
0.048528 0
0.155671 0
0.064820 0
0.755795 0
0.295986 0
0.011580 0
0.096863 0
0.076642 0
0.678493 0
0.163312 0
0.060143 0
0.072082 0
0.026919 0
0.138710 0
0.308413 0
0.011297 0
0.265526 0
0.075205 0
0.119324 0
0.172433 0
0.104021 0
0.417115 0
0.060666 0
0.454645 0
0.033990 0
0.377177 0
0.170438 0
0.159114 0
0.138297 0
0.146472 0
0.250516 0
0.030785 0
0.091531 0
0.076948 0
0.025808 0
0.021677 0
0.219028 0
0.067758 0
0.020857 0
0.270774 0
0.036477 0
0.070216 0
0.032242 0
0.162457 0
0.151262 0
0.114195 0
0.103701 0
0.039247 0
0.123742 0
0.095960 0
0.130394 0
0.230356 0
0.015613 0
0.250959 0
0.092707 0
0.021115 0
0.032440 0
0.129132 0
0.001164 0
0.139581 0
0.012735 0
0.193650 0
0.121604 0
0.021011 0
0.034326 0
0.021088 0
