0.564606 0
0.582762 0
0.178387 0
0.226782 0
0.352365 0
0.048174 0
0.197786 0
0.041221 0
0.316198 0
0.128205 0
0.194855 0
0.133172 0
0.163402 0
0.351380 0
0.201536 0
0.154562 0
0.118513 0
0.554366 0
0.394164 0
0.402453 0
0.121155 0
0.962928 0
0.162277 0
0.203925 0
0.643117 0
0.264448 0
0.131051 0
0.448803 0
0.204211 0
1.287261 0
0.043650 0
0.364620 0
0.010631 0
0.467492 0
0.511267 0
0.404813 0
0.301209 0
0.112109 0
0.173619 0
0.148443 0
0.106839 0
0.108526 0
0.149885 0
0.460184 0
0.084372 0
0.222534 0
0.012411 0
0.268251 0
0.945645 0
0.299022 0
0.200146 0
0.271125 0
0.768254 0
0.551695 0
0.049032 0
0.113771 0
0.539965 0
0.121086 0
0.501068 0
0.241291 0
0.160227 0
0.190663 0
0.080620 0
0.124780 0
0.206355 0
0.634417 0
0.510796 0
0.358354 0
0.467084 0
0.433206 0
0.154980 0
0.011409 0
0.136535 0
0.405690 0
0.191725 0
0.235390 0
0.627727 0
0.757900 0
1.083935 0
0.324738 0
