0.186485 0
0.041161 0
0.047957 0
0.042480 0
0.226651 0
0.042881 0
0.047869 0
0.052126 0
0.057511 0
0.093694 0
0.071341 0
0.048982 0
0.106308 0
0.145891 0
0.120125 0
0.309484 0
0.047568 0
0.135767 0
0.036978 0
0.383457 0
0.052059 0
0.060731 0
0.134210 0
0.036212 0
0.198303 0
0.167005 0
0.039417 0
0.102085 0
0.051190 0
0.052695 0
0.140457 0
0.053368 0
0.181862 0
0.083106 0
0.082964 0
0.132627 0
0.335809 0
0.085206 0
0.120174 0
0.160109 0
0.137476 0
0.058449 0
0.205484 0
0.076759 0
0.091666 0
0.035213 0
0.282054 0
0.128880 0
0.082448 0
0.071506 0
0.041099 0
0.168121 0
0.159268 0
0.086608 0
0.077911 0
0.050820 0
0.060235 0
0.029209 0
0.261003 0
0.081920 0
0.058032 0
0.130697 0
0.405594 0
0.230500 0
0.142717 0
0.232103 0
0.369326 0
0.166161 0
0.059097 0
0.148092 0
0.071133 0
0.076135 0
0.325957 0
0.052221 0
0.222011 0
0.089653 0
0.046946 0
0.128948 0
