0.560343 0
0.099158 0
0.072184 0
0.092718 0
0.043280 0
0.153852 0
0.108855 0
0.414335 0
0.122539 0
0.130575 0
0.045884 0
0.080654 0
0.242849 0
0.111338 0
0.038886 0
0.217429 0
0.413024 0
0.009265 0
0.718768 0
0.126732 0
0.267770 0
0.117954 0
0.199867 0
0.094735 0
0.178598 0
0.119746 0
0.133468 0
0.095725 0
0.183333 0
0.231876 0
0.335796 0
0.307447 0
0.035647 0
0.390125 0
0.068384 0
0.422351 0
0.085523 0
0.136605 0
0.560773 0
0.177603 0
0.065765 0
0.098322 0
0.307484 0
0.075869 0
0.080997 0
0.175664 0
