0.209013 0
0.071945 0
0.053162 0
0.077850 0
0.117551 0
0.121406 0
0.082820 0
0.027936 0
0.113636 0
0.113877 0
0.089037 0
0.079390 0
0.078784 0
0.122669 0
0.087262 0
0.091180 0
0.038568 0
0.094432 0
0.139809 0
0.078046 0
0.090780 0
0.123587 0
0.143031 0
0.024364 0
0.106760 0
0.168880 0
0.139612 0
0.229667 0
0.041844 0
0.092255 0
0.096442 0
0.090006 0
0.091141 0
0.112635 0
0.102436 0
0.021031 0
0.030089 0
0.020543 0
0.090054 0
0.088089 0
0.114588 0
0.121586 0
0.022832 0
0.113456 0
0.072033 0
0.071175 0
0.227046 0
0.095413 0
0.084075 0
0.082732 0
0.045626 0
0.122252 0
0.109533 0
0.082248 0
0.136252 0
0.014868 0
0.068705 0
0.125780 0
0.090370 0
