0.607766 0
0.335447 0
0.947832 0
0.220734 0
0.027937 0
0.567252 0
0.261220 0
0.103741 0
0.228502 0
0.045268 0
0.157961 0
0.321904 0
0.070482 0
0.092147 0
0.047579 0
0.590004 0
0.445968 0
0.054817 0
0.201698 0
0.122034 0
0.065725 0
0.416335 0
0.401958 0
0.039912 0
0.036241 0
0.186577 0
0.098304 0
0.062727 0
0.100248 0
0.080841 0
0.332967 0
0.098357 0
0.346544 0
0.405405 0
0.302781 0
0.292149 0
0.024308 0
0.131405 0
0.054702 0
0.420469 0
0.134125 0
0.291549 0
0.087855 0
0.525853 0
0.020878 0
0.097609 0
0.393022 0
0.050474 0
0.071526 0
0.757916 0
0.754105 0
0.312126 0
0.130779 0
0.449330 0
0.240071 0
0.174215 0
0.053408 0
0.128114 0
0.121346 0
0.336304 0
0.385909 0
0.166356 0
0.247400 0
0.139611 0
0.090828 0
0.230751 0
0.429099 0
0.505165 0
0.024802 0
0.196278 0
0.069125 0
0.310202 0
0.079642 0
