0.069863 0
0.058066 0
0.078154 0
0.061135 0
0.114696 0
0.088163 0
0.044323 0
0.143585 0
0.026504 0
0.078084 0
0.018573 0
0.070345 0
0.098253 0
0.060086 0
0.057036 0
0.080514 0
0.064446 0
0.060683 0
0.088184 0
0.026418 0
0.012216 0
0.057708 0
0.071956 0
0.109348 0
0.060221 0
0.066029 0
0.015488 0
0.076488 0
0.125269 0
0.106255 0
0.107539 0
0.085729 0
0.096837 0
0.077709 0
0.089682 0
0.122910 0
0.023276 0
0.197001 0
0.199596 0
0.124160 0
0.128288 0
0.078258 0
0.070824 0
0.063720 0
0.045868 0
0.063811 0
0.068754 0
0.111383 0
0.016274 0
0.096786 0
0.099912 0
0.070074 0
0.081466 0
0.100930 0
