1.240287 0
0.575853 0
1.746220 0
0.634061 0
0.128254 0
1.455972 0
0.565936 0
0.333747 0
0.273259 0
0.912903 0
0.170106 0
0.219557 0
0.804267 0
0.621472 0
0.257029 0
0.146991 0
0.251801 0
0.039829 0
0.151634 0
0.229848 0
0.349967 0
1.408897 0
0.116226 0
0.190201 0
0.797656 0
0.516010 0
0.063748 0
0.907361 0
0.460645 0
0.278223 0
0.704747 0
0.079313 0
0.120114 0
0.078341 0
0.432623 0
0.151221 0
0.265674 0
0.117112 0
0.224911 0
0.190423 0
0.220316 0
0.362642 0
0.508619 0
1.468691 0
0.368531 0
0.413663 0
0.153739 0
0.070587 0
0.210395 0
0.247190 0
