0.180173 0
0.167897 0
0.262458 0
0.138739 0
0.152557 0
0.459062 0
0.095470 0
0.081387 0
0.057502 0
0.146653 0
0.056850 0
0.119782 0
0.052714 0
0.159930 0
0.109317 0
0.170472 0
0.106559 0
0.087235 0
0.086482 0
0.222045 0
0.088807 0
0.150731 0
0.119053 0
0.146897 0
0.066547 0
0.334846 0
0.299178 0
0.041961 0
0.036080 0
0.047077 0
0.273618 0
0.214862 0
0.096146 0
0.064960 0
0.325188 0
0.324872 0
0.129015 0
0.025025 0
0.076674 0
0.247795 0
0.091343 0
0.020600 0
0.045360 0
0.277158 0
0.184410 0
0.373144 0
0.067712 0
0.134908 0
0.100306 0
0.143542 0
0.104262 0
0.035965 0
0.112241 0
0.119435 0
0.172780 0
0.117450 0
0.024290 0
0.212560 0
0.215803 0
0.099477 0
0.095851 0
0.285864 0
0.153224 0
0.118073 0
0.089216 0
0.291605 0
0.305869 0
0.118225 0
0.135685 0
0.184492 0
0.088138 0
