0.613019 0
0.185100 0
0.531115 0
0.102704 0
0.280655 0
0.676363 0
0.400184 0
0.056816 0
0.563312 0
0.079873 0
0.130168 0
0.072579 0
0.018305 0
0.216072 0
0.126196 0
0.197319 0
0.069070 0
0.104634 0
0.043017 0
0.151119 0
0.197984 0
0.106442 0
0.057361 0
0.170198 0
0.056500 0
0.050539 0
0.035914 0
0.267819 0
0.286801 0
0.112800 0
0.104779 0
0.034642 0
0.222584 0
0.120354 0
0.047644 0
0.083473 0
0.023056 0
0.136769 0
0.426173 0
0.758183 0
0.029903 0
0.681295 0
0.009451 0
0.146574 0
0.027074 0
0.425998 0
0.191567 0
0.071556 0
0.266014 0
0.803225 0
0.253405 0
