0.185167 0
0.266408 0
0.144356 0
0.151791 0
0.209909 0
0.451816 0
0.462431 0
0.293027 0
0.407203 0
0.845618 0
0.046913 0
0.298563 0
0.147537 0
0.197969 0
0.448660 0
0.438708 0
0.181541 0
0.950122 0
0.117201 0
0.141611 0
0.173034 0
0.075395 0
0.484753 0
0.219611 0
0.261004 0
0.061800 0
0.247931 0
0.117827 0
0.547985 0
0.010078 0
0.273099 0
0.046545 0
0.118319 0
0.131276 0
0.316878 0
0.706621 0
1.123819 0
0.045441 0
0.037870 0
0.154803 0
0.077507 0
0.070060 0
0.046259 0
0.193258 0
0.752532 0
0.166360 0
0.385636 0
0.003400 0
0.257337 0
0.156549 0
0.182863 0
0.109561 0
0.089033 0
0.047809 0
0.208796 0
0.907280 0
0.413822 0
0.118537 0
0.122372 0
