0.095376 0
0.090888 0
0.080985 0
0.091003 0
0.083704 0
0.083081 0
0.101921 0
0.093207 0
0.084191 0
0.125508 0
0.123132 0
0.132518 0
0.087023 0
0.083184 0
0.080618 0
0.093171 0
0.087856 0
0.086052 0
0.096721 0
0.110664 0
0.081736 0
0.052759 0
0.094087 0
0.082195 0
0.100137 0
0.085332 0
0.081808 0
0.097319 0
0.101292 0
0.081275 0
0.082368 0
0.099152 0
0.081722 0
0.029820 0
0.088413 0
0.084228 0
0.123828 0
0.087234 0
0.080432 0
0.085100 0
0.058602 0
0.082431 0
0.125365 0
0.098669 0
0.046127 0
0.100921 0
0.084187 0
0.038744 0
0.081431 0
0.083555 0
0.088821 0
0.085149 0
0.089568 0
0.020967 0
0.083841 0
0.100345 0
0.081858 0
0.081333 0
0.084544 0
0.087281 0
0.087365 0
0.082757 0
0.093289 0
0.100280 0
0.086794 0
0.030724 0
0.081118 0
0.088857 0
0.093138 0
0.080310 0
0.082457 0
0.079719 0
0.014200 0
0.083841 0
0.083472 0
0.124448 0
0.085217 0
0.085715 0
0.082655 0
0.096420 0
0.081978 0
