0.216937 0
0.042326 0
0.346813 0
0.180298 0
0.148959 0
0.179301 0
0.117492 0
0.107626 0
0.342676 0
0.155271 0
0.170563 0
0.238745 0
0.018977 0
0.026619 0
0.178587 0
0.016248 0
0.544855 0
0.476508 0
0.089555 0
0.409532 0
0.065235 0
0.308361 0
0.374645 0
0.068009 0
0.014874 0
0.435522 0
0.044918 0
0.051409 0
0.451799 0
0.267319 0
0.029174 0
0.203440 0
0.137259 0
0.185975 0
0.241700 0
0.357258 0
0.443941 0
0.041894 0
0.074770 0
0.688449 0
0.389082 0
0.131081 0
0.127004 0
0.388825 0
0.109263 0
0.209873 0
0.182698 0
0.587964 0
0.442267 0
0.055320 0
0.322297 0
0.117817 0
0.114002 0
0.179051 0
0.401414 0
0.073043 0
0.008478 0
0.086053 0
0.237005 0
0.257125 0
0.067288 0
0.192027 0
0.108275 0
0.097614 0
