0.174690 0
0.074213 0
0.185475 0
0.050693 0
0.156289 0
0.188450 0
0.071376 0
0.074458 0
0.114646 0
0.445042 0
0.093437 0
0.116851 0
0.146995 0
0.244013 0
0.266819 0
0.221869 0
0.144025 0
0.147019 0
0.123350 0
0.107424 0
0.107306 0
0.382710 0
0.062913 0
0.054209 0
0.182506 0
0.612363 0
0.553820 0
0.474011 0
0.163245 0
0.275036 0
0.111773 0
0.064545 0
0.198750 0
0.276590 0
0.124219 0
0.055382 0
0.377029 0
0.026862 0
0.457459 0
0.277270 0
0.034395 0
0.210232 0
0.133828 0
0.151034 0
0.170243 0
0.138376 0
0.423150 0
0.061491 0
0.150285 0
0.250139 0
0.896289 0
0.815393 0
0.423382 0
0.967116 0
0.194146 0
0.165812 0
0.010785 0
0.151943 0
0.516775 0
0.405462 0
0.125531 0
0.382538 0
0.260171 0
0.206254 0
0.317457 0
0.059252 0
0.073587 0
0.221528 0
0.020994 0
0.136792 0
0.216279 0
0.263079 0
0.427846 0
0.165603 0
0.084290 0
0.012779 0
0.568461 0
0.584723 0
0.161887 0
0.268597 0
0.192867 0
