0.391428 0
0.418373 0
0.546191 0
0.562731 0
0.099377 0
0.177417 0
0.138839 0
0.070172 0
0.574961 0
0.260874 0
0.053458 0
0.036793 0
0.250706 0
0.217635 0
0.127218 0
0.102031 0
0.026365 0
0.170225 0
0.023630 0
0.066748 0
0.178203 0
0.520775 0
0.090501 0
0.386565 0
0.117359 0
0.128931 0
0.228345 0
0.157597 0
0.075243 0
0.332152 0
0.086320 0
0.088387 0
0.095936 0
0.103817 0
0.032539 0
0.196038 0
0.160575 0
0.252514 0
0.192900 0
0.250376 0
0.193726 0
0.061682 0
0.265178 0
0.039558 0
0.095627 0
0.074418 0
0.139202 0
0.122192 0
0.433269 0
0.039604 0
0.229301 0
0.749889 0
0.341275 0
0.136829 0
0.049304 0
0.134090 0
0.376367 0
0.238376 0
0.114636 0
0.151750 0
0.229924 0
