0.100964 0
0.128490 0
0.100291 0
0.101439 0
0.103902 0
0.098720 0
0.060391 0
0.135610 0
0.111087 0
0.086826 0
0.117956 0
0.104475 0
0.099221 0
0.079806 0
0.098706 0
0.098678 0
0.105429 0
0.138473 0
0.099195 0
0.099283 0
0.107499 0
0.098926 0
0.098798 0
0.101272 0
0.099464 0
0.098700 0
0.106121 0
0.121445 0
0.100741 0
0.099012 0
0.103626 0
0.024163 0
0.099386 0
0.100515 0
0.090242 0
0.102420 0
0.101369 0
0.105915 0
0.104089 0
0.081008 0
0.100960 0
0.099797 0
0.101444 0
0.106863 0
0.098667 0
0.103714 0
0.100771 0
0.040715 0
0.100892 0
0.105541 0
0.099017 0
0.099019 0
0.106283 0
0.119676 0
0.101316 0
0.108166 0
0.114087 0
0.099997 0
0.100736 0
0.100608 0
0.026421 0
0.113018 0
0.099121 0
0.099824 0
0.095282 0
