0.311591 0
0.647528 0
0.316440 0
0.101830 0
0.972477 0
0.175507 0
0.139904 0
0.345469 0
0.160885 0
0.315724 0
0.061383 0
0.136176 0
0.371824 0
0.405667 0
0.130367 0
0.169126 0
0.228932 0
0.834961 0
0.341070 0
0.370935 0
0.024587 0
0.455668 0
0.155678 0
0.901733 0
0.140921 0
0.593251 0
0.099780 0
0.551722 0
0.139358 0
0.119412 0
0.410578 0
0.598539 0
0.148888 0
0.384103 0
0.085404 0
0.259885 0
0.260881 0
0.181493 0
0.201185 0
0.138642 0
0.130478 0
0.261017 0
0.184033 0
0.451509 0
0.183068 0
0.198610 0
0.467600 0
0.057193 0
0.089064 0
0.154299 0
0.298757 0
1.080385 0
0.348648 0
0.286431 0
0.089788 0
0.031233 0
0.523650 0
0.440660 0
0.166759 0
0.145290 0
0.158669 0
0.231340 0
0.382881 0
0.288924 0
0.656349 0
0.133201 0
0.413425 0
0.223542 0
