0.222498 0
0.280790 0
0.279444 0
0.146134 0
0.119898 0
0.050108 0
0.109598 0
0.268945 0
0.207012 0
0.077576 0
0.107817 0
0.146036 0
0.121437 0
0.113798 0
0.162891 0
0.120107 0
0.111248 0
0.134146 0
0.141278 0
0.114118 0
0.122739 0
0.129674 0
0.025717 0
0.125922 0
0.111120 0
0.080370 0
0.127477 0
0.094452 0
0.170661 0
0.097795 0
0.142714 0
0.039328 0
0.253671 0
0.117393 0
0.176483 0
0.149739 0
0.111515 0
0.130123 0
0.095378 0
0.237505 0
0.100652 0
0.191242 0
0.041524 0
0.123253 0
0.024407 0
0.139772 0
0.150996 0
0.083855 0
0.131389 0
0.127121 0
0.088295 0
0.140575 0
0.226682 0
0.155087 0
0.120603 0
0.156338 0
0.108548 0
0.183575 0
0.111199 0
0.105403 0
0.123616 0
0.162438 0
0.199850 0
0.138304 0
0.200322 0
0.330045 0
0.123225 0
0.105982 0
0.109383 0
0.136769 0
