0.090023 0
0.162943 0
0.210408 0
0.209722 0
0.836429 0
0.071199 0
0.900804 0
0.637744 0
0.300205 0
0.117152 0
0.010200 0
0.748953 0
0.125933 0
0.161970 0
0.733939 0
0.025173 0
0.387574 0
0.346967 0
0.128441 0
0.408395 0
0.075296 0
0.351812 0
0.312110 0
1.004623 0
0.392415 0
0.186565 0
0.017219 0
0.877370 0
0.758580 0
0.242714 0
0.181238 0
0.034177 0
0.181434 0
0.214994 0
0.305479 0
0.303161 0
0.103326 0
0.097937 0
0.017156 0
0.100661 0
0.389719 0
0.342496 0
0.686482 0
0.139131 0
0.292568 0
0.044207 0
