0.026100 0
0.455756 0
0.057912 0
0.017512 0
0.038977 0
0.058839 0
0.028559 0
0.142124 0
0.021081 0
0.039586 0
0.058111 0
0.037941 0
0.070282 0
0.045854 0
0.037655 0
0.014471 0
0.100099 0
0.108485 0
0.317895 0
0.069806 0
0.017714 0
0.062370 0
0.318817 0
0.089542 0
0.235328 0
0.076331 0
0.026144 0
0.085205 0
0.128423 0
0.152774 0
0.032061 0
0.014659 0
0.100489 0
0.089456 0
0.128699 0
0.049203 0
0.062093 0
0.134687 0
0.048120 0
0.219575 0
0.056599 0
0.045197 0
0.242065 0
0.011655 0
0.231516 0
0.294532 0
0.071935 0
0.006823 0
0.078816 0
0.018624 0
0.133000 0
0.046005 0
0.214407 0
0.032031 0
0.009245 0
0.213325 0
0.286989 0
0.054634 0
0.097205 0
0.084257 0
0.114469 0
0.014893 0
0.053851 0
0.035753 0
0.061533 0
0.021061 0
