0.286269 0
0.277567 0
0.364564 0
0.246400 0
0.282119 0
0.401269 0
0.136682 0
0.187602 0
0.117068 0
0.157327 0
0.110892 0
0.131325 0
0.139349 0
0.146374 0
0.109288 0
0.125604 0
0.211781 0
0.178834 0
0.127043 0
0.054276 0
0.165444 0
0.186345 0
0.097360 0
0.246804 0
0.213526 0
0.110415 0
0.124974 0
0.019983 0
0.248822 0
0.121995 0
0.108242 0
0.033785 0
0.154195 0
0.291382 0
0.306825 0
0.246057 0
0.194089 0
0.055749 0
0.173100 0
0.206054 0
0.266658 0
0.086398 0
0.123183 0
0.280444 0
0.199340 0
0.184517 0
0.136543 0
0.201820 0
0.057780 0
0.399674 0
0.216297 0
0.213218 0
0.015346 0
0.189555 0
0.231919 0
0.288856 0
0.212826 0
0.134876 0
0.262491 0
0.290307 0
0.178110 0
0.111063 0
0.174612 0
0.094266 0
0.141166 0
0.052572 0
0.017530 0
