0.200182 0
0.210156 0
0.224474 0
0.101630 0
0.149095 0
0.266055 0
0.084023 0
0.069637 0
0.062805 0
0.037229 0
0.152098 0
0.029472 0
0.037741 0
0.159371 0
0.199434 0
0.055631 0
0.130678 0
0.166392 0
0.034320 0
0.108898 0
0.268337 0
0.031474 0
0.051689 0
0.168871 0
0.064195 0
0.203042 0
0.024011 0
0.154465 0
0.062333 0
0.044662 0
0.153521 0
0.131957 0
0.040163 0
0.057784 0
0.198721 0
0.007979 0
0.023965 0
0.040331 0
0.111287 0
0.095944 0
0.020643 0
0.020411 0
0.097284 0
0.113327 0
0.076596 0
0.031775 0
0.074801 0
0.397443 0
0.048436 0
0.269268 0
0.125509 0
0.037300 0
0.187216 0
0.037833 0
0.210953 0
0.061742 0
0.023204 0
0.133017 0
0.091870 0
0.171738 0
0.216309 0
0.051543 0
0.048882 0
0.020688 0
0.065659 0
0.150700 0
0.309830 0
0.212312 0
0.109338 0
0.512968 0
0.101718 0
0.087431 0
0.143643 0
0.040492 0
0.324490 0
0.075121 0
0.121907 0
0.083644 0
0.332375 0
0.166328 0
