0.183942 0
0.119102 0
0.127359 0
0.166391 0
0.093119 0
0.141209 0
0.275111 0
0.084784 0
0.164065 0
0.043158 0
0.145943 0
0.095258 0
0.094798 0
0.339080 0
0.086756 0
0.120600 0
0.182816 0
0.093829 0
0.085085 0
0.108780 0
0.112577 0
0.178045 0
0.019560 0
0.150142 0
0.106968 0
0.419556 0
0.319241 0
0.251621 0
0.108337 0
0.125147 0
0.102679 0
0.183337 0
0.185224 0
0.275381 0
0.100060 0
0.155641 0
0.098009 0
0.207271 0
0.109877 0
0.267658 0
0.013912 0
0.073420 0
0.086610 0
0.108338 0
0.153390 0
0.130807 0
0.021769 0
0.239204 0
0.185339 0
0.137695 0
0.076809 0
0.100782 0
0.030494 0
0.083876 0
0.080219 0
0.095384 0
0.181432 0
0.109415 0
0.012780 0
0.326807 0
0.099570 0
0.080677 0
0.022379 0
0.228489 0
0.115856 0
0.117714 0
0.074811 0
0.128967 0
0.304513 0
0.125151 0
0.094084 0
0.174794 0
0.225913 0
0.334761 0
0.161912 0
0.234406 0
0.129683 0
0.120254 0
0.303378 0
0.101884 0
0.207058 0
0.098193 0
0.130396 0
0.293420 0
0.096236 0
