0.355894 0
1.390701 0
0.095494 0
0.519392 0
1.753878 0
0.398008 0
0.120030 0
0.392411 0
0.490955 0
0.433105 0
0.014647 0
0.066672 0
0.733702 0
0.735032 0
0.184119 0
0.580346 0
0.804778 0
0.084922 0
0.649131 0
0.184473 0
0.025811 0
0.205568 0
0.015824 0
0.206739 0
0.918733 0
0.130776 0
0.486776 0
0.420851 0
0.305448 0
0.842436 0
0.205059 0
0.532422 0
0.158488 0
1.369674 0
0.216807 0
0.048849 0
0.141707 0
0.072698 0
0.332911 0
0.156527 0
0.157466 0
0.052225 0
0.049858 0
0.232074 0
2.766581 0
0.878587 0
