0.726314 0
0.229674 0
0.171073 0
0.188218 0
0.272678 0
0.137041 0
0.092557 0
0.680757 0
0.265133 0
0.197342 0
0.062834 0
0.076053 0
0.287522 0
0.081310 0
0.178076 0
0.549027 0
0.063396 0
0.258530 0
0.476421 0
0.072327 0
0.399258 0
0.071076 0
0.258800 0
0.181247 0
0.074767 0
0.066586 0
0.090425 0
0.149178 0
0.091648 0
0.063130 0
0.248833 0
0.088073 0
0.176295 0
0.120227 0
0.182613 0
0.241651 0
0.177457 0
0.171068 0
0.113298 0
0.030213 0
0.402477 0
0.142245 0
0.386571 0
0.133314 0
0.217710 0
0.111895 0
1.256718 0
0.282805 0
0.047356 0
0.178941 0
0.813747 0
0.179487 0
0.214248 0
0.329437 0
0.078095 0
0.427916 0
0.356976 0
0.078816 0
0.890846 0
0.014849 0
0.416910 0
0.530843 0
0.172755 0
0.053864 0
0.066906 0
0.007696 0
0.665465 0
0.213848 0
0.241512 0
0.112575 0
