0.394354 0
0.037291 0
0.290430 0
0.200832 0
0.170412 0
0.109980 0
0.067302 0
0.707697 0
0.056971 0
0.126326 0
0.067526 0
0.132246 0
0.147621 0
0.299564 0
0.058316 0
0.008697 0
0.162060 0
0.073041 0
0.565779 0
0.078934 0
0.029618 0
0.014890 0
0.292071 0
0.230870 0
0.039978 0
0.144017 0
0.032804 0
0.076603 0
0.261623 0
0.046021 0
0.209691 0
0.108690 0
0.050112 0
0.270729 0
0.021715 0
0.997703 0
0.111327 0
0.192790 0
0.040104 0
0.163393 0
0.059358 0
0.146092 0
0.064047 0
0.194159 0
0.167669 0
1.171591 0
0.599298 0
0.009419 0
0.052209 0
0.154913 0
0.864985 0
0.162723 0
0.054250 0
0.401971 0
0.109597 0
0.361589 0
0.109210 0
0.263409 0
0.573994 0
0.151078 0
0.063069 0
