0.190078 0
0.104797 0
0.145872 0
0.148388 0
0.165153 0
0.173396 0
0.054414 0
0.314340 0
0.040245 0
0.480968 0
0.072941 0
0.125117 0
0.040570 0
0.215697 0
1.614667 0
0.266352 0
0.114190 0
0.107109 0
0.090210 0
0.178670 0
0.279228 0
0.745393 0
0.044295 0
0.178651 0
0.235468 0
0.197236 0
0.172836 0
0.199522 0
0.276908 0
0.075900 0
0.099903 0
0.087092 0
0.156350 0
0.075594 0
0.474071 0
0.030288 0
0.082341 0
0.106933 0
0.243577 0
0.100948 0
0.016899 0
0.185999 0
0.204665 0
0.322121 0
0.155636 0
0.695793 0
0.085016 0
0.156985 0
0.110577 0
0.138817 0
0.417426 0
0.158517 0
0.078809 0
0.182954 0
0.333060 0
0.105148 0
0.037069 0
0.006480 0
0.070112 0
0.188238 0
0.063608 0
0.144824 0
0.143701 0
0.223258 0
0.183630 0
0.140245 0
0.142364 0
0.039358 0
0.095883 0
0.143564 0
0.383123 0
0.241679 0
0.121851 0
0.072202 0
0.283688 0
0.084041 0
0.310662 0
0.275780 0
0.065211 0
0.127967 0
0.423582 0
0.220063 0
0.080660 0
