0.482454 0
0.319853 0
0.197068 0
0.070128 0
0.076409 0
0.068532 0
0.093621 0
0.248988 0
0.150607 0
0.101434 0
0.105647 0
0.055507 0
0.034714 0
0.022567 0
0.331515 0
0.068902 0
0.091912 0
0.166285 0
0.117717 0
0.170367 0
0.075035 0
0.179165 0
0.061800 0
0.066983 0
0.284235 0
0.105912 0
0.062349 0
0.141555 0
0.403130 0
0.097654 0
0.053468 0
0.182094 0
0.180209 0
0.048158 0
0.125603 0
0.097473 0
0.098721 0
0.068052 0
0.178428 0
0.082471 0
0.063504 0
0.091132 0
0.024551 0
0.143113 0
0.236968 0
0.297819 0
0.085025 0
0.096633 0
0.022947 0
0.076478 0
0.313312 0
0.077333 0
0.175888 0
0.239280 0
0.197869 0
0.317406 0
0.202173 0
0.252799 0
0.087491 0
0.008411 0
0.079346 0
0.087255 0
0.059999 0
0.109099 0
0.100514 0
0.249324 0
0.259601 0
