0.150975 0
0.193974 0
0.082569 0
0.118972 0
0.639219 0
0.340038 0
0.032274 0
0.497023 0
0.709633 0
0.086563 0
0.053391 0
0.102259 0
0.236680 0
0.109137 0
0.299748 0
0.126272 0
0.253351 0
0.097251 0
0.093641 0
0.434653 0
0.283777 0
0.070383 0
0.053172 0
0.252078 0
0.189793 0
0.318802 0
0.390102 0
0.506913 0
0.486483 0
0.333137 0
0.666835 0
0.051583 0
0.230093 0
0.259091 0
0.261359 0
0.088228 0
0.214243 0
0.088708 0
0.179810 0
1.023764 0
0.258868 0
0.264584 0
0.983528 0
0.580692 0
0.287213 0
0.233225 0
0.088714 0
0.032066 0
0.057109 0
0.089776 0
0.339451 0
0.195419 0
0.138799 0
0.286591 0
0.113813 0
0.197659 0
0.065245 0
0.594525 0
0.005594 0
0.166571 0
0.135152 0
0.051139 0
0.402387 0
0.098393 0
0.094291 0
0.075753 0
0.122469 0
0.004836 0
0.553861 0
