0.454126 0
0.063128 0
0.079245 0
0.340962 0
0.153852 0
0.220888 0
0.157933 0
0.187198 0
0.233807 0
0.653089 0
0.092565 0
0.453371 0
0.050013 0
0.055905 0
0.062786 0
0.244646 0
0.202937 0
0.070751 0
0.012313 0
0.270993 0
0.255377 0
0.037771 0
0.029383 0
0.044351 0
0.315439 0
0.074279 0
0.336394 0
0.055708 0
0.090959 0
0.398220 0
0.065612 0
0.030559 0
0.339737 0
0.026116 0
0.178927 0
0.277471 0
0.119593 0
0.036307 0
0.045703 0
0.054862 0
0.037178 0
0.125015 0
0.058256 0
0.074163 0
0.029084 0
0.876918 0
0.062365 0
0.103824 0
0.109997 0
0.577780 0
0.492409 0
0.180342 0
0.298478 0
0.321421 0
0.033425 0
0.125164 0
0.034350 0
0.509728 0
0.394094 0
0.261302 0
0.077067 0
0.190296 0
0.009224 0
0.124144 0
0.057834 0
0.552255 0
0.091165 0
