0.546027 0
0.161852 0
0.233123 0
0.115752 0
0.361381 0
0.042825 0
0.376241 0
0.251486 0
0.341108 0
0.097202 0
0.111223 0
0.146440 0
0.289977 0
0.151289 0
0.175568 0
0.376494 0
0.104743 0
0.204468 0
0.471672 0
0.192557 0
0.467169 0
0.079238 0
0.051368 0
0.115421 0
0.139838 0
0.429769 0
0.231602 0
0.122787 0
0.227478 0
0.103962 0
0.082595 0
0.049781 0
0.147001 0
0.117928 0
0.130807 0
0.075275 0
0.147425 0
0.055565 0
0.111399 0
0.439122 0
0.054161 0
0.771393 0
0.195739 0
0.144161 0
0.054229 0
0.028249 0
0.462383 0
0.228720 0
0.104358 0
0.083066 0
0.320874 0
0.102575 0
0.060963 0
0.071040 0
0.278205 0
0.112394 0
0.488655 0
0.253663 0
0.127966 0
0.158548 0
0.191751 0
0.140925 0
0.274540 0
0.122396 0
0.072630 0
0.178596 0
0.052855 0
