0.096528 0
0.180781 0
0.115371 0
0.147893 0
0.109106 0
0.106622 0
0.189197 0
0.154256 0
0.144220 0
0.364709 0
0.218533 0
0.039189 0
0.104600 0
0.078932 0
0.098840 0
0.171984 0
0.095459 0
0.100017 0
0.090356 0
0.110150 0
0.139238 0
0.031027 0
0.110321 0
0.387515 0
0.130247 0
0.054145 0
0.126731 0
0.108740 0
0.094475 0
0.027402 0
0.048332 0
0.097627 0
0.123902 0
0.041115 0
0.099992 0
0.209473 0
0.097379 0
0.072912 0
0.121448 0
0.077975 0
0.135419 0
0.144527 0
0.003473 0
0.140880 0
0.087317 0
0.012321 0
0.034259 0
0.095549 0
0.157118 0
0.098508 0
0.108844 0
0.112731 0
0.101482 0
0.096169 0
0.115142 0
0.125284 0
0.120584 0
0.152087 0
0.104526 0
0.108823 0
0.182385 0
0.132358 0
0.116021 0
0.111421 0
0.132895 0
