0.029721 0
0.059432 0
0.045084 0
0.042233 0
0.046482 0
0.042471 0
0.034393 0
0.048845 0
0.052448 0
0.058339 0
0.050603 0
0.037832 0
0.020204 0
0.045857 0
0.064123 0
0.047525 0
0.032585 0
0.065662 0
0.086309 0
0.068670 0
0.034047 0
0.042608 0
0.052267 0
0.033053 0
0.025886 0
0.049780 0
0.040967 0
0.039123 0
0.037054 0
0.060711 0
0.078169 0
0.038480 0
0.042181 0
0.027697 0
0.058407 0
0.055129 0
0.037132 0
0.062765 0
0.086505 0
0.140841 0
0.026940 0
0.035917 0
0.047774 0
0.036834 0
0.073077 0
0.048623 0
0.116485 0
