0.200200 0
0.116368 0
0.143358 0
0.387422 0
0.089068 0
0.220810 0
0.234395 0
0.167276 0
0.382424 0
0.088162 0
0.159374 0
0.085513 0
0.150212 0
0.287490 0
0.093635 0
0.203881 0
0.207740 0
0.039699 0
0.087126 0
0.163957 0
0.038674 0
0.163678 0
0.101651 0
0.136056 0
0.035029 0
0.086213 0
0.214493 0
0.173105 0
0.084254 0
0.098726 0
0.092624 0
0.105392 0
0.116735 0
0.025231 0
0.245504 0
0.180006 0
0.151014 0
0.282678 0
0.226717 0
0.100898 0
0.106709 0
0.027245 0
0.075809 0
0.179124 0
0.102941 0
0.084501 0
0.146039 0
0.183561 0
0.168761 0
0.134674 0
0.229723 0
0.230523 0
0.299030 0
0.100407 0
0.190938 0
0.085364 0
0.125878 0
0.089481 0
0.438148 0
0.325806 0
0.247571 0
0.060816 0
0.091231 0
0.143606 0
