0.213182 0
0.175770 0
0.113283 0
0.235916 0
0.452410 0
0.190039 0
0.419043 0
0.345137 0
0.159895 0
0.254638 0
0.451081 0
0.098529 0
0.441751 0
0.083821 0
0.691881 0
0.433566 0
0.086449 0
0.058222 0
0.062512 0
0.220482 0
0.537888 0
0.153171 0
0.265108 0
0.076040 0
0.667506 0
0.178461 0
0.424372 0
0.048893 0
0.323648 0
0.157309 0
0.551819 0
0.100718 0
0.339164 0
0.106682 0
0.203602 0
0.421232 0
0.161166 0
0.155879 0
0.433857 0
0.102390 0
0.308037 0
0.142732 0
0.130860 0
0.118782 0
0.314805 0
0.274102 0
0.076901 0
0.181661 0
0.742101 0
0.398749 0
0.460512 0
0.119369 0
0.937158 0
0.251239 0
0.167044 0
0.128330 0
0.181073 0
0.307326 0
0.124788 0
0.037823 0
0.822085 0
0.306589 0
0.148911 0
0.096918 0
0.126058 0
0.640473 0
0.017735 0
0.267098 0
0.556596 0
0.093757 0
0.433765 0
0.257266 0
0.370523 0
0.063733 0
0.147096 0
