0.467283 0
0.041996 0
0.098070 0
0.044294 0
0.069992 0
0.149609 0
0.019610 0
0.212858 0
0.039658 0
0.249626 0
0.049401 0
0.126250 0
0.042740 0
0.058112 0
0.125781 0
0.037919 0
0.134634 0
0.086953 0
0.030902 0
0.214877 0
0.016254 0
0.022446 0
0.029522 0
0.012376 0
0.079277 0
0.500515 0
0.034718 0
0.228967 0
0.054212 0
0.079706 0
0.151501 0
0.354046 0
0.012811 0
0.149804 0
0.212889 0
0.063833 0
0.045598 0
0.025049 0
0.301148 0
0.258193 0
0.179113 0
0.338876 0
0.060711 0
0.091264 0
0.023563 0
0.135787 0
0.094955 0
0.049544 0
0.242221 0
0.014810 0
0.250854 0
0.067696 0
0.129906 0
0.052595 0
0.016880 0
0.013307 0
0.022695 0
0.082521 0
0.092587 0
0.053054 0
0.184981 0
0.028221 0
0.168459 0
0.014253 0
0.426763 0
0.074796 0
0.014152 0
0.309924 0
0.267997 0
0.232120 0
0.072601 0
