0.128970 0
0.048030 0
0.441297 0
0.163984 0
0.132692 0
0.279743 0
0.069304 0
0.134671 0
0.196305 0
0.079871 0
0.291218 0
0.109807 0
0.327466 0
0.231646 0
0.106703 0
0.666093 0
0.079849 0
0.445856 0
0.144437 0
0.187309 0
0.147370 0
0.183158 0
0.244081 0
0.200002 0
0.175960 0
0.146361 0
0.082912 0
0.160137 0
0.137322 0
0.293676 0
0.068556 0
0.155822 0
0.086859 0
0.012520 0
0.246326 0
0.055164 0
0.304871 0
0.347781 0
0.126804 0
0.251035 0
0.048815 0
0.073772 0
0.354189 0
0.269588 0
0.035869 0
0.152148 0
0.207533 0
0.287813 0
0.492278 0
0.105290 0
0.227791 0
0.115692 0
0.090906 0
0.101735 0
0.084840 0
0.014108 0
0.027362 0
0.428142 0
0.320494 0
0.255488 0
0.123598 0
0.562229 0
0.040015 0
0.182444 0
0.209678 0
0.140803 0
0.056868 0
0.129207 0
0.089711 0
0.086286 0
0.175211 0
0.402745 0
0.060942 0
0.381955 0
0.338820 0
0.180256 0
