0.267274 0
0.464173 0
0.049587 0
0.337834 0
0.502991 0
0.064354 0
0.049649 0
0.140920 0
0.205384 0
0.114274 0
0.078252 0
0.194035 0
0.036641 0
0.165450 0
0.185109 0
0.131935 0
0.731642 0
0.275482 0
0.367063 0
0.041892 0
0.190737 0
0.034641 0
0.231244 0
0.658118 0
0.081741 0
0.716333 0
0.716402 0
0.076783 0
0.173523 0
0.482060 0
0.515461 0
0.177497 0
0.014757 0
0.028219 0
0.134695 0
0.031042 0
0.029734 0
0.121796 0
0.437554 0
0.292721 0
0.286568 0
0.016603 0
0.441438 0
0.208199 0
0.355389 0
0.243046 0
0.525415 0
0.040964 0
0.087218 0
