0.263414 0
0.204849 0
0.124429 0
0.107801 0
0.200966 0
0.211465 0
0.044402 0
0.048823 0
0.051879 0
0.240939 0
0.113351 0
0.080868 0
0.069111 0
0.659070 0
0.174314 0
0.091824 0
0.044353 0
0.053467 0
0.032034 0
0.056800 0
0.068831 0
0.130709 0
0.159683 0
0.064371 0
0.220625 0
0.129070 0
0.046121 0
0.060060 0
0.077055 0
0.038412 0
0.090433 0
0.147768 0
0.087962 0
0.066400 0
0.025581 0
0.050384 0
0.106143 0
0.059112 0
0.158601 0
0.058779 0
0.452226 0
0.182439 0
0.122849 0
0.124927 0
0.120248 0
0.190731 0
0.358932 0
0.095718 0
0.127131 0
0.030635 0
0.286865 0
0.073396 0
0.432026 0
0.143455 0
0.197355 0
0.120096 0
0.213823 0
0.060144 0
0.442324 0
0.114458 0
0.056350 0
0.070715 0
0.086693 0
0.308762 0
0.075531 0
0.062495 0
0.151994 0
0.002104 0
0.128042 0
0.242241 0
0.199562 0
0.475990 0
0.007322 0
0.116797 0
0.001167 0
0.080713 0
0.119552 0
0.015815 0
0.128814 0
0.174507 0
0.037015 0
0.045620 0
0.132770 0
0.245837 0
