0.043117 0
0.108675 0
0.033354 0
0.138177 0
0.051821 0
0.027441 0
0.105348 0
0.020850 0
0.097897 0
0.186495 0
0.102177 0
0.037271 0
0.167138 0
0.041109 0
0.025086 0
0.098492 0
0.116408 0
0.092342 0
0.163968 0
0.063764 0
0.188114 0
0.126744 0
0.058976 0
0.092903 0
0.087746 0
0.163681 0
0.036964 0
0.040112 0
0.023420 0
0.040798 0
0.059130 0
0.147465 0
0.045700 0
0.048177 0
0.231512 0
0.096337 0
0.075562 0
0.038589 0
0.138461 0
0.031234 0
0.054866 0
0.033227 0
0.033071 0
0.133187 0
0.039994 0
0.089173 0
0.094606 0
0.168605 0
0.069610 0
0.046055 0
0.019458 0
0.065831 0
0.420314 0
