0.648568 0
0.408114 0
0.299445 0
0.082404 0
0.420348 0
0.185509 0
0.240388 0
0.124491 0
0.138528 0
0.485592 0
0.234246 0
0.232750 0
0.066805 0
0.570854 0
0.490536 0
0.257164 0
0.245209 0
0.345206 0
0.355244 0
0.029135 0
0.264949 0
0.116794 0
0.150757 0
0.105417 0
0.589268 0
0.128188 0
0.101375 0
0.134008 0
0.111043 0
0.077643 0
0.036056 0
0.678142 0
0.036163 0
0.305930 0
0.065922 0
0.153180 0
0.165736 0
0.086286 0
0.453869 0
0.200737 0
0.117679 0
0.237115 0
0.136835 0
0.104829 0
0.272249 0
0.042084 0
0.318715 0
0.259624 0
0.144873 0
0.085492 0
0.250331 0
0.337825 0
0.149887 0
0.220694 0
0.324810 0
0.810113 0
0.058615 0
0.085477 0
0.117986 0
0.126461 0
0.480891 0
0.497244 0
0.056342 0
0.030244 0
0.250566 0
0.286998 0
0.480357 0
0.633065 0
0.168395 0
0.373812 0
0.275281 0
0.096015 0
0.064564 0
0.089721 0
0.203715 0
