0.231936 0
0.480187 0
0.079119 0
0.432627 0
0.264326 0
0.370003 0
0.063115 0
0.082937 0
0.259160 0
0.276017 0
0.046774 0
0.076100 0
0.227294 0
0.179484 0
0.149923 0
0.053776 0
0.189194 0
0.235672 0
0.077553 0
0.143545 0
0.166826 0
0.192305 0
0.373680 0
0.446480 0
0.119793 0
0.098003 0
0.233055 0
0.188986 0
0.181321 0
0.096437 0
0.154387 0
0.272618 0
0.091872 0
0.447807 0
0.114517 0
0.047829 0
0.037134 0
0.174223 0
0.494588 0
0.270698 0
0.054590 0
0.006660 0
0.198448 0
0.414344 0
0.638107 0
0.295473 0
0.075648 0
0.129595 0
0.452999 0
0.060345 0
0.309717 0
0.758884 0
0.080512 0
0.043633 0
0.092245 0
0.089774 0
0.009526 0
0.408336 0
0.077003 0
0.481120 0
0.243056 0
0.098989 0
0.176203 0
0.280241 0
0.127314 0
0.434601 0
0.051566 0
0.124846 0
0.083135 0
0.112286 0
0.065811 0
0.192540 0
0.379829 0
0.084837 0
0.436699 0
0.075414 0
0.037427 0
0.133604 0
0.176927 0
0.120333 0
0.085072 0
0.090048 0
