0.097054 0
0.139654 0
0.075455 0
0.088733 0
0.063847 0
0.248237 0
0.238477 0
0.197953 0
0.085541 0
0.208761 0
0.138265 0
0.173642 0
0.148384 0
0.177609 0
0.134253 0
0.073125 0
0.067525 0
0.080116 0
0.151785 0
0.093493 0
0.086139 0
0.136487 0
0.057433 0
0.123829 0
0.108471 0
0.294953 0
0.204117 0
0.085153 0
0.382767 0
0.095249 0
0.122200 0
0.240106 0
0.145128 0
0.075531 0
0.136304 0
0.118690 0
0.147062 0
0.099316 0
0.105307 0
0.054267 0
0.003967 0
0.121452 0
0.297313 0
0.029977 0
0.084969 0
0.096040 0
0.130213 0
0.013344 0
0.106510 0
0.024085 0
0.095783 0
0.240861 0
