0.160634 0
0.055962 0
0.132647 0
0.069033 0
0.075733 0
0.674820 0
0.385761 0
0.359353 0
0.138465 0
0.051676 0
0.017251 0
0.060029 0
0.441587 0
0.356462 0
0.292577 0
0.027226 0
0.248909 0
0.933061 0
0.113574 0
0.022286 0
0.213032 0
0.062967 0
0.139100 0
0.341525 0
0.169923 0
0.058598 0
0.067875 0
0.031732 0
0.058829 0
0.275290 0
0.183909 0
0.114341 0
0.840004 0
0.064165 0
0.144507 0
0.361167 0
0.209244 0
0.145356 0
0.074608 0
0.219958 0
0.523614 0
0.058325 0
0.288562 0
0.046753 0
0.313908 0
0.241670 0
0.136383 0
0.017740 0
0.212322 0
0.115891 0
0.229387 0
0.241075 0
0.025103 0
0.373781 0
0.444513 0
0.196406 0
0.090366 0
0.531533 0
0.137698 0
