0.277885 0
0.260601 0
0.078755 0
0.878624 0
0.173834 0
0.516934 0
0.256367 0
0.102904 0
0.063566 0
0.092315 0
0.082062 0
0.345694 0
0.126727 0
0.133655 0
0.081153 0
0.038686 0
0.182925 0
0.193582 0
0.177593 0
0.535252 0
0.072943 0
0.195037 0
0.218577 0
0.453598 0
0.137497 0
0.231441 0
0.053932 0
0.431815 0
0.219890 0
0.205053 0
0.467920 0
0.251516 0
0.360524 0
0.142671 0
0.629206 0
0.241258 0
0.123432 0
0.060046 0
0.491428 0
0.700156 0
0.045107 0
0.770518 0
0.047574 0
0.098609 0
0.042073 0
0.666253 0
0.012760 0
0.238910 0
0.037595 0
0.265537 0
