0.493967 0
0.109285 0
0.097537 0
0.043651 0
0.073571 0
0.148542 0
0.155474 0
0.095347 0
0.257237 0
0.116922 0
0.212543 0
0.380203 0
0.118189 0
0.242433 0
0.099294 0
0.225551 0
0.106586 0
0.192165 0
0.186536 0
0.070346 0
0.118106 0
0.174287 0
0.212022 0
0.053866 0
0.257689 0
0.132120 0
0.035405 0
0.063599 0
0.446064 0
0.215631 0
0.038327 0
0.038201 0
0.304119 0
0.044148 0
0.119062 0
0.097688 0
0.323499 0
0.032601 0
0.192192 0
0.232201 0
0.008935 0
0.407100 0
0.173214 0
0.097606 0
0.251922 0
0.235647 0
