0.071705 0
0.112825 0
0.206801 0
0.118497 0
0.075134 0
0.073187 0
0.069740 0
0.071592 0
0.065586 0
0.064731 0
0.089481 0
0.078321 0
0.171002 0
0.059042 0
0.101816 0
0.091683 0
0.129735 0
0.074268 0
0.141002 0
0.130613 0
0.079009 0
0.204377 0
0.018637 0
0.213847 0
0.167630 0
0.081697 0
0.121689 0
0.289441 0
0.108089 0
0.201044 0
0.082944 0
0.110047 0
0.184496 0
0.071093 0
0.113502 0
0.081575 0
0.109149 0
0.095751 0
0.100472 0
0.172553 0
0.118231 0
0.057786 0
0.050232 0
0.099729 0
0.040155 0
0.233752 0
0.084601 0
0.071649 0
0.085149 0
0.093271 0
0.111279 0
0.086298 0
0.144929 0
0.117793 0
0.135469 0
0.074939 0
0.148607 0
0.075776 0
0.061496 0
0.102353 0
0.152579 0
0.087912 0
0.058882 0
0.082156 0
0.069339 0
0.118722 0
0.105768 0
0.172036 0
0.076875 0
0.078247 0
0.093699 0
0.114490 0
0.070660 0
0.090555 0
0.042480 0
0.081307 0
0.073339 0
0.117069 0
0.197174 0
0.125596 0
0.156608 0
0.176388 0
0.080517 0
0.050640 0
0.104856 0
0.065971 0
0.095711 0
0.070220 0
0.089662 0
0.074936 0
