0.122505 0
0.048133 0
0.099345 0
0.129359 0
0.053561 0
0.359707 0
0.322448 0
0.577446 0
0.068797 0
1.015432 0
0.066930 0
0.462034 0
0.393183 0
0.061759 0
0.085976 0
0.062294 0
0.298807 0
0.352147 0
0.032214 0
0.159321 0
0.508730 0
1.078503 0
0.689465 0
0.048738 0
0.132586 0
0.197690 0
0.019200 0
0.068575 0
0.531242 0
0.222167 0
0.450097 0
0.364458 0
0.377613 0
0.076793 0
0.078828 0
0.120253 0
0.033365 0
0.151135 0
0.459108 0
0.072101 0
0.030891 0
0.113936 0
0.169022 0
0.150194 0
0.288062 0
0.325840 0
0.210130 0
0.355691 0
0.186352 0
0.025761 0
0.375541 0
0.608013 0
0.277393 0
