0.904783 0
0.121815 0
0.349235 0
0.021803 0
0.275186 0
0.184309 0
0.117453 0
0.252753 0
0.061013 0
0.281886 0
0.450407 0
0.186312 0
0.223189 0
0.346528 0
0.467243 0
0.125495 0
0.162532 0
0.336917 0
0.174081 0
0.244184 0
0.739012 0
0.056840 0
0.220576 0
0.129652 0
0.158723 0
0.212782 0
0.019804 0
0.098586 0
0.148266 0
0.024098 0
0.772475 0
0.035336 0
0.456756 0
0.027418 0
0.108265 0
0.165604 0
0.051242 0
0.175040 0
0.195369 0
0.255343 0
0.175215 0
0.024028 0
0.026019 0
0.153542 0
0.153101 0
0.049340 0
0.019482 0
0.160435 0
0.158701 0
0.095986 0
0.135187 0
0.010079 0
0.289197 0
0.089380 0
0.110589 0
0.044719 0
0.125361 0
0.035666 0
0.036013 0
0.096060 0
0.091451 0
0.115768 0
0.042810 0
