0.184957 0
0.027662 0
0.143923 0
0.083804 0
0.175742 0
0.046299 0
0.418142 0
0.394898 0
0.284383 0
0.098138 0
0.208288 0
0.156136 0
0.109075 0
0.578649 0
0.098184 0
0.081336 0
0.173955 0
0.054621 0
0.197045 0
0.135174 0
0.182762 0
0.256305 0
0.068833 0
0.098684 0
0.109106 0
0.345807 0
0.091246 0
0.441476 0
0.311077 0
0.006372 0
0.097132 0
0.106111 0
0.044650 0
0.106423 0
0.067953 0
0.058115 0
0.094786 0
0.178476 0
0.007581 0
0.046304 0
0.147509 0
0.070962 0
0.123098 0
0.358656 0
0.043148 0
0.090822 0
