0.305925 0
0.223500 0
0.260994 0
0.270772 0
0.248757 0
0.188246 0
0.087023 0
0.243018 0
0.087130 0
0.547976 0
0.106690 0
0.143107 0
0.225744 0
0.276702 0
0.167312 0
0.096690 0
0.407443 0
0.151460 0
0.194063 0
0.318763 0
0.354458 0
0.216332 0
0.291224 0
0.311190 0
0.088280 0
0.203622 0
0.040701 0
0.250414 0
0.175948 0
0.058088 0
0.121731 0
0.093865 0
0.086756 0
0.139374 0
0.154057 0
0.231182 0
0.118438 0
0.138420 0
0.165945 0
0.283654 0
0.109997 0
0.165901 0
0.011935 0
0.082919 0
0.161568 0
0.336997 0
0.121557 0
0.090205 0
0.143903 0
0.191539 0
0.096614 0
0.164278 0
0.105223 0
0.188715 0
