0.109503 0
0.130700 0
0.195939 0
0.041368 0
0.057553 0
0.120034 0
0.131418 0
0.129582 0
0.236029 0
0.225473 0
0.146628 0
0.038062 0
0.170616 0
0.122291 0
0.092132 0
0.107617 0
0.077554 0
0.212455 0
0.075070 0
0.192355 0
0.185110 0
0.110680 0
0.187342 0
0.032076 0
0.096677 0
0.026394 0
0.072561 0
0.053751 0
0.026090 0
0.086845 0
0.536997 0
0.321371 0
0.024505 0
0.031361 0
0.104507 0
0.037873 0
0.356654 0
0.087408 0
0.151475 0
0.162821 0
0.065920 0
0.087559 0
0.306809 0
0.352005 0
0.135423 0
0.051884 0
0.139942 0
0.143914 0
0.116785 0
0.091628 0
0.029491 0
0.059892 0
0.122004 0
0.129508 0
0.047708 0
0.089698 0
0.165875 0
0.067180 0
0.076669 0
0.224381 0
0.560146 0
