0.300930 0
0.118902 0
0.106360 0
0.099996 0
0.415092 0
0.200828 0
0.096601 0
0.223393 0
0.233671 0
0.812804 0
0.379408 0
0.197408 0
0.175887 0
0.117587 0
0.234734 0
0.488755 0
0.212452 0
0.262724 0
0.079139 0
0.130792 0
0.071372 0
0.343640 0
0.021810 0
0.181416 0
0.218306 0
0.618491 0
0.246846 0
0.822310 0
0.950830 0
0.329367 0
0.243074 0
0.110946 0
0.403030 0
0.203917 0
0.245741 0
0.077285 0
0.196165 0
0.243369 0
0.779320 0
0.292471 0
0.382918 0
0.307874 0
0.616094 0
0.116265 0
0.082958 0
0.142074 0
0.466758 0
0.138376 0
0.271417 0
1.147473 0
0.431460 0
0.481092 0
0.185940 0
0.091258 0
0.281864 0
0.366731 0
