0.131810 0
0.049098 0
0.145477 0
0.069655 0
0.044376 0
0.469890 0
0.411757 0
0.285152 0
0.104622 0
0.157149 0
0.034194 0
0.133519 0
0.180697 0
0.443255 0
0.134563 0
0.148043 0
0.468214 0
0.655150 0
0.387402 0
0.180937 0
0.428798 0
0.176959 0
0.031975 0
0.463686 0
0.072356 0
0.365691 0
0.271109 0
0.021742 0
0.023601 0
0.108888 0
0.013200 0
0.067884 0
0.007748 0
0.077738 0
0.166711 0
0.088353 0
0.022160 0
0.093359 0
0.071790 0
0.022927 0
0.115968 0
0.086152 0
0.094986 0
0.061924 0
0.411101 0
0.334160 0
0.118713 0
0.031767 0
0.116572 0
0.517983 0
0.335770 0
0.160340 0
0.216169 0
0.421908 0
0.233998 0
0.071524 0
0.140789 0
0.194344 0
0.153875 0
0.079524 0
0.051971 0
0.211901 0
0.121070 0
0.117877 0
0.071372 0
0.241834 0
0.204395 0
0.031878 0
0.465395 0
0.121746 0
0.222837 0
0.140173 0
