0.477227 0
0.125689 0
0.228838 0
0.154209 0
0.152311 0
0.213348 0
0.109627 0
0.038610 0
0.301644 0
0.473471 0
0.038470 0
0.117084 0
0.316764 0
0.170983 0
0.150222 0
0.237573 0
0.275744 0
0.309998 0
0.357433 0
0.195289 0
0.023334 0
0.507926 0
0.325292 0
0.295077 0
0.473836 0
0.259616 0
0.278698 0
0.629615 0
0.052200 0
0.668342 0
0.228555 0
0.102167 0
0.142557 0
1.636791 0
0.229324 0
0.174387 0
0.528650 0
0.154630 0
0.015879 0
0.236379 0
0.184417 0
0.333811 0
0.123308 0
0.483389 0
0.383391 0
0.567976 0
0.331748 0
0.103196 0
0.169616 0
0.295013 0
0.257895 0
0.134017 0
0.154549 0
0.174570 0
0.317401 0
0.123387 0
0.404836 0
0.150277 0
0.128055 0
0.101948 0
