0.522363 0
0.147730 0
0.386673 0
0.216565 0
0.417710 0
0.201907 0
0.328698 0
0.123660 0
0.094087 0
0.126101 0
0.110962 0
0.308451 0
0.172334 0
0.283887 0
0.018186 0
0.054436 0
0.025407 0
0.215673 0
0.024326 0
0.515903 0
0.134332 0
0.291125 0
0.112673 0
0.147623 0
0.015268 0
0.327287 0
0.017297 0
0.056123 0
0.116070 0
0.017072 0
0.164012 0
0.258409 0
0.022997 0
0.193179 0
0.857405 0
0.038064 0
0.281629 0
0.344312 0
0.049083 0
0.208422 0
0.440839 0
0.222345 0
0.060360 0
0.345817 0
0.269245 0
0.153067 0
0.110344 0
0.573038 0
0.195614 0
0.108409 0
0.354317 0
0.216702 0
0.071113 0
0.373377 0
0.303771 0
0.265953 0
