0.268369 0
0.286771 0
0.051568 0
0.170789 0
0.399094 0
0.086587 0
0.365122 0
0.131958 0
0.212751 0
0.824688 0
0.108942 0
0.563277 0
0.257583 0
0.290237 0
0.174727 0
0.502306 0
0.352900 0
0.227808 0
0.168780 0
0.101063 0
0.152852 0
0.300895 0
0.031947 0
0.116810 0
0.494547 0
0.424815 0
0.447275 0
0.113698 0
0.314878 0
0.040493 0
0.927217 0
0.605594 0
0.106863 0
0.095359 0
0.149870 0
0.076253 0
0.064716 0
0.306677 0
0.183349 0
0.137904 0
0.078091 0
0.558583 0
0.807328 0
0.266877 0
0.061429 0
0.070117 0
0.084854 0
0.095559 0
0.072482 0
0.253968 0
0.184598 0
