0.195220 0
0.209169 0
0.146713 0
0.053758 0
0.130612 0
0.026121 0
0.064228 0
0.901358 0
0.131238 0
0.186166 0
0.051860 0
0.086943 0
0.025709 0
0.174184 0
0.254592 0
0.061474 0
0.163415 0
0.113974 0
0.155187 0
0.114042 0
0.456888 0
0.022596 0
0.200193 0
0.159530 0
0.092351 0
0.065977 0
0.326974 0
0.236145 0
0.099837 0
0.484952 0
0.028871 0
0.007744 0
0.170812 0
0.070091 0
0.611213 0
0.052986 0
0.156426 0
0.078692 0
0.187279 0
0.276471 0
0.318948 0
0.256901 0
0.066222 0
0.176997 0
0.015611 0
0.091857 0
0.288226 0
0.607832 0
0.208337 0
0.223501 0
0.234607 0
0.325476 0
0.220434 0
0.013637 0
0.041779 0
0.174623 0
0.068132 0
0.130893 0
0.168458 0
0.491358 0
0.403630 0
0.012811 0
0.138572 0
0.148095 0
0.211098 0
0.637713 0
0.390610 0
0.338716 0
0.300913 0
0.174166 0
0.174349 0
0.165771 0
0.471322 0
0.418563 0
0.172583 0
0.022819 0
0.171675 0
0.427236 0
0.303504 0
0.180987 0
0.474827 0
0.226121 0
