0.484709 0
0.468008 0
0.142548 0
0.398662 0
0.061385 0
0.688525 0
0.430773 0
0.182791 0
0.413007 0
0.428480 0
0.486380 0
1.080866 0
0.150088 0
0.037933 0
0.881749 0
0.173640 0
0.333606 0
0.178011 0
0.130196 0
0.403240 0
0.052604 0
0.324349 0
0.190384 0
0.215105 0
0.122091 0
0.064837 0
0.847849 0
0.103808 0
0.086396 0
1.284717 0
0.095565 0
0.462084 0
0.410418 0
0.038659 0
0.191594 0
0.060355 0
0.133371 0
0.085606 0
0.235246 0
0.143686 0
0.175963 0
0.299216 0
0.452806 0
0.498421 0
0.296903 0
0.223307 0
0.550600 0
0.084949 0
0.233178 0
0.051038 0
0.241464 0
0.305473 0
0.139058 0
