0.028140 0
0.040077 0
0.042914 0
0.128135 0
0.091723 0
0.033034 0
0.030169 0
0.026009 0
0.178447 0
0.125045 0
0.038827 0
0.102308 0
0.028242 0
0.152406 0
0.176001 0
0.222513 0
0.043370 0
0.205021 0
0.031371 0
0.154095 0
0.109391 0
0.063546 0
0.155127 0
0.075022 0
0.034293 0
0.496246 0
0.013567 0
0.102894 0
0.114697 0
0.169688 0
0.067238 0
0.083527 0
0.259625 0
0.191658 0
0.171091 0
0.061337 0
0.038651 0
0.143348 0
0.144857 0
0.133278 0
0.101655 0
0.138760 0
0.207672 0
0.057087 0
0.151055 0
0.052277 0
0.046226 0
0.074385 0
0.037096 0
0.070377 0
0.054163 0
0.168668 0
0.066769 0
0.156402 0
0.205792 0
0.026975 0
0.021981 0
