0.143132 0
0.216886 0
0.347749 0
0.423903 0
0.207763 0
0.265656 0
0.081915 0
0.091039 0
0.318098 0
0.320874 0
0.351034 0
0.223576 0
0.523288 0
0.206857 0
0.158090 0
0.217394 0
0.102087 0
0.073845 0
0.663290 0
0.138471 0
0.325591 0
0.331255 0
0.093376 0
0.206667 0
0.422907 0
0.417600 0
0.097193 0
0.169756 0
0.019544 0
0.032729 0
0.132679 0
0.324453 0
0.038674 0
0.076160 0
0.104225 0
0.530924 0
0.181267 0
0.202848 0
0.695288 0
0.184884 0
0.057245 0
0.125159 0
0.049688 0
0.158597 0
0.425205 0
0.332734 0
0.365549 0
0.079694 0
0.096841 0
0.623119 0
0.083680 0
0.086383 0
0.365140 0
0.421544 0
0.310290 0
0.079963 0
0.076126 0
0.154033 0
0.173943 0
0.090548 0
0.016053 0
0.227235 0
0.386466 0
0.007320 0
0.240937 0
0.227094 0
0.102523 0
0.601427 0
0.350908 0
