0.090778 0
0.060437 0
0.172099 0
0.038990 0
0.382233 0
0.177621 0
0.365948 0
0.015443 0
0.315806 0
0.234843 0
0.164448 0
0.177119 0
0.062031 0
0.123515 0
0.027483 0
0.188231 0
0.327727 0
0.354414 0
0.118273 0
0.046183 0
0.240043 0
0.195809 0
0.221105 0
0.276797 0
0.019681 0
0.005076 0
0.196191 0
0.009633 0
0.024151 0
0.218284 0
0.116159 0
0.126330 0
0.170153 0
0.076797 0
0.039760 0
0.012135 0
0.179028 0
0.132027 0
0.068157 0
0.172402 0
0.155691 0
0.035281 0
0.175319 0
0.249041 0
0.131246 0
0.343007 0
0.165681 0
0.082324 0
0.186763 0
0.404765 0
0.051718 0
0.036723 0
0.268478 0
0.031504 0
0.078890 0
0.255389 0
0.208337 0
0.043932 0
0.117501 0
0.094749 0
0.236997 0
0.247368 0
0.302603 0
0.113743 0
0.084552 0
