0.160376 0
0.230383 0
0.040398 0
0.232446 0
0.085871 0
0.075725 0
0.131023 0
1.401720 0
0.072918 0
0.175748 0
0.303339 0
0.413424 0
0.690779 0
0.227213 0
0.065089 0
0.074491 0
0.079326 0
0.124516 0
0.236949 0
0.202652 0
0.179857 0
0.155088 0
1.412829 0
0.393193 0
0.584364 0
0.289076 0
0.088960 0
0.165379 0
0.080454 0
0.158758 0
0.367914 0
0.111515 0
0.305238 0
0.241969 0
0.559095 0
0.168616 0
0.325036 0
0.720262 0
0.183954 0
0.135943 0
0.540114 0
0.165503 0
0.128408 0
1.552324 0
0.424876 0
0.160833 0
0.134878 0
0.152794 0
0.130126 0
0.101184 0
0.296675 0
