0.361466 0
0.152894 0
0.116637 0
0.033942 0
0.202495 0
0.253240 0
0.092938 0
0.374742 0
0.210988 0
0.111978 0
0.264868 0
0.118353 0
0.073552 0
0.370053 0
0.291589 0
0.199162 0
0.106886 0
0.126669 0
0.151342 0
0.194699 0
0.116518 0
0.064173 0
0.284888 0
0.015828 0
0.151489 0
0.086551 0
0.373579 0
0.193454 0
0.170122 0
0.067908 0
0.110199 0
0.447489 0
0.129214 0
0.092216 0
0.139474 0
0.255454 0
0.071193 0
0.099615 0
0.094400 0
0.278995 0
0.166562 0
0.277476 0
0.073304 0
0.084300 0
0.029907 0
0.076466 0
0.083142 0
0.073151 0
0.005951 0
0.092502 0
0.132598 0
0.145115 0
0.059586 0
0.174942 0
0.081392 0
0.088411 0
