0.113703 0
0.121510 0
0.116122 0
0.106510 0
0.104590 0
0.105148 0
0.106359 0
0.115562 0
0.107090 0
0.084417 0
0.114991 0
0.117471 0
0.118632 0
0.051871 0
0.106282 0
0.106576 0
0.111969 0
0.105196 0
0.111006 0
0.043951 0
0.107168 0
0.104984 0
0.104414 0
0.106451 0
0.106885 0
0.111699 0
0.108909 0
0.067841 0
0.115177 0
0.107702 0
0.138692 0
0.104103 0
0.034647 0
0.106060 0
0.105369 0
0.112801 0
0.105308 0
0.124050 0
0.053014 0
0.111180 0
0.075085 0
0.109731 0
0.105286 0
0.112400 0
0.108214 0
0.124017 0
0.106730 0
0.118801 0
0.085772 0
0.107634 0
0.108294 0
0.049959 0
0.115114 0
0.105434 0
0.121209 0
0.115359 0
0.041648 0
0.107340 0
0.106920 0
0.106819 0
0.052501 0
0.105417 0
0.123133 0
