0.225958 0
0.196485 0
0.188703 0
0.229158 0
0.111717 0
0.571059 0
0.113474 0
0.634659 0
0.062700 0
0.380141 0
0.571246 0
0.182576 0
0.497256 0
0.255638 0
0.389443 0
0.097667 0
0.107892 0
0.113167 0
0.089007 0
0.173058 0
0.805727 0
0.359957 0
0.058841 0
0.718630 0
0.512165 0
0.222290 0
0.022828 0
0.129835 0
0.224201 0
0.074072 0
0.355274 0
0.164731 0
0.510134 0
0.154954 0
0.409509 0
0.110729 0
0.356115 0
0.050306 0
0.336275 0
0.309582 0
0.225441 0
0.115726 0
0.067744 0
0.116913 0
0.267507 0
0.257304 0
0.007686 0
0.322031 0
0.823136 0
0.181405 0
0.788985 0
1.061379 0
0.384223 0
0.174513 0
0.056197 0
0.084384 0
0.025915 0
0.006703 0
0.686799 0
0.462561 0
0.011680 0
0.104214 0
0.470565 0
0.321770 0
0.129027 0
0.322466 0
0.393503 0
