0.352184 0
0.369496 0
0.109568 0
0.138344 0
0.131313 0
0.283440 0
0.047627 0
0.435837 0
0.120543 0
0.026696 0
0.067224 0
0.346246 0
0.332754 0
0.824928 0
0.687686 0
1.410731 0
0.341832 0
0.194839 0
0.392670 0
0.327138 0
0.189916 0
0.235557 0
0.187139 0
0.858116 0
0.277426 0
0.827900 0
1.072256 0
0.349424 0
0.634399 0
0.362818 0
0.465719 0
0.551155 0
0.036663 0
0.079413 0
0.018710 0
0.699823 0
0.316749 0
0.009013 0
0.026756 0
0.057008 0
0.812460 0
0.364184 0
0.486980 0
0.161820 0
0.030796 0
0.038766 0
0.269353 0
0.735526 0
0.706485 0
