0.190241 0
0.200676 0
0.726463 0
0.699858 0
0.272223 0
0.734503 0
0.032981 0
0.080638 0
0.059420 0
0.306125 0
0.565654 0
0.031179 0
0.530690 0
0.025079 0
0.198024 0
0.235488 0
0.087356 0
0.779423 0
0.093413 0
0.107981 0
0.194574 0
0.456900 0
0.466432 0
0.413712 0
0.111756 0
0.908336 0
0.397957 0
0.042903 0
0.064281 0
0.053768 0
0.127791 0
0.087154 0
0.204114 0
0.295824 0
0.119007 0
0.257281 0
0.043606 0
0.440938 0
0.168073 0
0.192914 0
0.098256 0
0.292846 0
0.119960 0
0.502970 0
0.133084 0
0.158039 0
0.241147 0
0.081642 0
0.038799 0
0.143681 0
0.686025 0
0.094524 0
0.164157 0
0.149314 0
0.115077 0
0.479308 0
0.038547 0
0.198254 0
