0.084798 0
0.261028 0
0.325221 0
0.343586 0
0.587526 0
0.151701 0
0.147134 0
0.028699 0
0.138689 0
0.251742 0
0.229399 0
0.266494 0
0.131863 0
0.076061 0
0.093049 0
0.054225 0
0.086704 0
0.777535 0
0.112599 0
0.159031 0
0.146325 0
0.033050 0
0.083254 0
0.194516 0
0.440807 0
0.060241 0
0.097095 0
0.705784 0
0.271137 0
0.054021 0
0.281553 0
0.114210 0
0.149270 0
0.259076 0
0.087261 0
0.028475 0
0.318305 0
0.276408 0
0.225030 0
0.071828 0
0.223603 0
0.354072 0
0.440662 0
0.091413 0
0.002099 0
0.069586 0
0.033037 0
0.712516 0
0.182707 0
0.096001 0
0.158609 0
0.054031 0
0.035554 0
0.333678 0
0.379028 0
0.054320 0
0.105629 0
0.252548 0
0.229037 0
0.030990 0
0.511881 0
0.162515 0
