0.138197 0
0.136435 0
0.136331 0
0.131797 0
0.138697 0
0.134147 0
0.131836 0
0.161269 0
0.154135 0
0.144028 0
0.135669 0
0.133519 0
0.043747 0
0.159430 0
0.068738 0
0.049080 0
0.135218 0
0.074226 0
0.136979 0
0.132676 0
0.160733 0
0.129783 0
0.146057 0
0.133822 0
0.157518 0
0.064676 0
0.153763 0
0.131809 0
0.149943 0
0.136258 0
0.156881 0
0.137179 0
0.132966 0
0.092178 0
0.130572 0
0.130358 0
0.144572 0
0.010748 0
0.132745 0
0.143373 0
0.139499 0
0.045404 0
0.134112 0
0.129476 0
0.150814 0
0.141316 0
0.150431 0
0.139489 0
0.120750 0
0.141787 0
0.146479 0
0.015229 0
0.135402 0
0.005777 0
0.140688 0
0.135252 0
0.136492 0
0.131174 0
