0.095817 0
0.154778 0
0.097533 0
0.073236 0
0.266621 0
0.185102 0
0.107878 0
0.179653 0
0.058856 0
0.029714 0
0.107695 0
0.197186 0
0.112289 0
0.098154 0
0.133419 0
0.197958 0
0.144529 0
0.151400 0
0.120050 0
0.014463 0
0.091968 0
0.266693 0
0.073518 0
0.064345 0
0.131756 0
0.275346 0
0.258061 0
0.233714 0
0.101616 0
0.104786 0
0.086713 0
0.087215 0
0.123677 0
0.128816 0
0.102683 0
0.150853 0
0.116642 0
0.060183 0
0.226808 0
0.020567 0
0.189179 0
0.023484 0
0.161127 0
0.119104 0
0.131313 0
0.102518 0
0.146239 0
0.003425 0
0.172168 0
0.102327 0
0.109606 0
0.149034 0
0.016593 0
0.127046 0
0.128660 0
0.106105 0
0.090790 0
0.109944 0
0.094361 0
0.158133 0
0.093784 0
0.015107 0
0.317233 0
0.121213 0
