0.405723 0
0.115920 0
0.271930 0
0.099321 0
0.203500 0
0.042847 0
0.226267 0
0.081933 0
0.120780 0
0.236092 0
0.022101 0
0.222440 0
0.408030 0
0.048471 0
0.088554 0
0.159625 0
0.062825 0
0.101377 0
0.071112 0
0.116018 0
0.402662 0
0.057601 0
0.075041 0
0.030099 0
0.130440 0
0.223298 0
0.099352 0
0.135706 0
0.078919 0
0.709600 0
0.242765 0
0.040792 0
0.221846 0
0.064383 0
0.194045 0
0.087555 0
0.267758 0
0.258052 0
0.030482 0
0.090580 0
0.221289 0
0.095169 0
0.181102 0
0.093150 0
0.063504 0
0.474104 0
