0.108752 0
0.194796 0
0.514381 0
0.187531 0
0.302463 0
0.400424 0
0.111495 0
0.242743 0
0.083531 0
0.166647 0
0.223839 0
0.472888 0
0.161458 0
0.324267 0
0.174815 0
0.111546 0
0.147741 0
0.280352 0
0.123331 0
0.022734 0
0.117428 0
0.299571 0
0.150189 0
0.096506 0
0.276542 0
0.268147 0
0.144584 0
0.170528 0
0.030070 0
0.203654 0
0.032656 0
0.005322 0
0.108972 0
0.154554 0
0.321761 0
0.217381 0
0.252509 0
0.189581 0
0.126911 0
0.127318 0
0.264513 0
0.163415 0
0.348978 0
0.756705 0
0.114347 0
0.470698 0
0.247750 0
0.731471 0
0.118543 0
0.257259 0
0.151903 0
0.531202 0
0.123945 0
0.061233 0
0.202079 0
