0.314973 0
0.212382 0
0.149316 0
0.187269 0
0.642814 0
0.107279 0
0.059205 0
0.627215 0
0.026115 0
0.086973 0
0.140686 0
0.245296 0
0.031294 0
0.162944 0
0.148748 0
0.096583 0
0.182077 0
0.303538 0
0.102871 0
0.284311 0
0.277904 0
0.009169 0
0.209443 0
0.166076 0
0.162786 0
0.326581 0
0.143632 0
0.083275 0
0.186394 0
0.184364 0
0.381240 0
0.633405 0
0.224323 0
0.079170 0
0.047066 0
0.153237 0
0.329434 0
0.046704 0
0.306170 0
0.203426 0
0.236491 0
0.304161 0
0.003255 0
0.136297 0
0.317106 0
0.320334 0
0.148691 0
0.077778 0
0.102600 0
0.143293 0
0.154322 0
0.214762 0
0.521518 0
0.550231 0
0.227176 0
0.111219 0
0.471341 0
0.074789 0
0.122990 0
