0.431315 0
0.090559 0
0.210342 0
0.068764 0
0.524702 0
0.030174 0
0.018119 0
0.036920 0
0.018714 0
0.089858 0
0.038004 0
0.130455 0
0.371344 0
0.046946 0
0.486398 0
0.227715 0
0.307316 0
0.201552 0
0.035355 0
0.062237 0
0.039899 0
0.093688 0
0.168998 0
0.588373 0
0.450368 0
0.090874 0
0.157308 0
0.006270 0
0.110590 0
0.044402 0
0.275804 0
0.155400 0
0.217399 0
0.081897 0
0.260556 0
0.053351 0
0.146590 0
0.128136 0
0.059245 0
0.248751 0
0.006315 0
0.267871 0
0.154799 0
0.066214 0
0.145721 0
0.025047 0
0.260960 0
0.111966 0
1.102037 0
0.075479 0
0.335183 0
0.062735 0
0.610470 0
0.122310 0
