0.136836 0
0.111611 0
0.087558 0
0.183072 0
0.251363 0
0.145252 0
0.096402 0
0.045429 0
0.120520 0
0.123139 0
0.352453 0
0.374176 0
0.123753 0
0.283691 0
0.102735 0
0.127091 0
0.122775 0
0.190250 0
0.259082 0
0.292814 0
0.235017 0
0.521952 0
0.111742 0
0.123236 0
0.094282 0
0.506008 0
0.453858 0
0.188871 0
0.262870 0
0.121981 0
0.019015 0
0.103879 0
0.218069 0
0.073924 0
0.466599 0
0.106937 0
0.189656 0
0.292703 0
0.273646 0
0.088925 0
0.112847 0
0.431478 0
0.054805 0
0.271291 0
0.151533 0
0.158603 0
0.190564 0
0.255925 0
0.101262 0
0.759265 0
0.377183 0
0.096703 0
0.037629 0
0.138334 0
0.144775 0
0.223698 0
0.045081 0
0.106430 0
0.096681 0
0.091299 0
0.308669 0
0.331334 0
0.240960 0
0.023078 0
0.225918 0
0.317756 0
0.096043 0
0.176198 0
0.040049 0
0.173976 0
0.333906 0
0.160486 0
0.019528 0
0.136103 0
0.312882 0
0.135247 0
0.118951 0
0.177565 0
0.180797 0
0.067776 0
0.034091 0
0.263231 0
0.154272 0
0.097858 0
0.021667 0
