0.418662 0
0.110622 0
0.084078 0
0.264714 0
0.250941 0
0.239313 0
0.363550 0
0.184761 0
0.143476 0
0.076514 0
0.306166 0
0.135134 0
0.124722 0
0.095395 0
0.136822 0
0.140115 0
0.060217 0
0.339526 0
0.101657 0
0.044971 0
0.567190 0
0.088846 0
0.308530 0
1.885853 0
0.115960 0
0.226443 0
0.106685 0
0.141935 0
0.255389 0
0.150930 0
0.181325 0
0.258555 0
0.277298 0
0.230743 0
0.260444 0
0.167883 0
0.148937 0
0.009316 0
0.198143 0
0.120346 0
0.250435 0
0.032851 0
0.092561 0
0.079230 0
0.094506 0
0.214987 0
0.165117 0
0.226620 0
0.168736 0
0.099249 0
0.291135 0
0.171531 0
0.410084 0
0.170544 0
0.125500 0
0.268201 0
0.148851 0
0.357992 0
0.565843 0
0.235879 0
0.170875 0
0.538545 0
0.115741 0
0.139431 0
0.516118 0
0.004824 0
