0.119075 0
0.226025 0
0.262958 0
0.075786 0
0.161763 0
0.119579 0
0.235477 0
0.067284 0
0.172382 0
0.449166 0
0.020942 0
0.172240 0
0.098738 0
0.076407 0
0.015389 0
0.043486 0
0.063946 0
0.014152 0
0.021905 0
0.506214 0
0.067863 0
0.007752 0
0.095677 0
0.625223 0
0.040209 0
0.119497 0
0.431437 0
0.079665 0
0.019131 0
0.315513 0
0.134624 0
0.247726 0
0.132484 0
0.214711 0
0.093423 0
0.064664 0
0.014441 0
0.256290 0
0.047220 0
0.163845 0
0.124541 0
0.237524 0
0.036921 0
0.128879 0
0.040988 0
0.266002 0
0.028031 0
0.009839 0
0.186991 0
