0.758377 0
0.274687 0
0.110563 0
0.081185 0
0.167407 0
0.109044 0
0.064487 0
0.168190 0
0.084873 0
0.734181 0
0.336883 0
0.185689 0
0.210555 0
0.200462 0
0.271169 0
0.074272 0
0.109936 0
0.033646 0
0.153890 0
0.064532 0
0.068971 0
0.025232 0
0.314790 0
0.413538 0
0.145187 0
0.049077 0
0.068308 0
0.248121 0
0.099111 0
0.098155 0
0.084328 0
0.212681 0
0.822906 0
0.062290 0
0.377256 0
0.594721 0
0.123281 0
0.857667 0
0.228202 0
0.177324 0
0.354779 0
0.063018 0
0.069018 0
0.214201 0
0.013718 0
0.203766 0
0.106471 0
0.081251 0
0.213399 0
0.438759 0
0.252183 0
0.109258 0
0.165960 0
0.155709 0
0.205365 0
0.068595 0
0.459354 0
0.193516 0
0.252917 0
0.047283 0
0.127468 0
0.141733 0
0.146973 0
0.463434 0
0.123760 0
0.240677 0
0.067796 0
0.227913 0
0.388759 0
0.374299 0
0.119500 0
0.581892 0
0.216045 0
0.047960 0
0.218627 0
0.002399 0
0.047574 0
0.113675 0
0.123808 0
0.483801 0
0.317577 0
0.409362 0
0.100366 0
0.029179 0
0.308036 0
0.260682 0
0.207850 0
0.120947 0
0.049933 0
0.164438 0
0.314552 0
0.063232 0
0.112449 0
0.118604 0
0.199977 0
0.102980 0
0.157202 0
0.090395 0
0.191213 0
