0.168272 0
0.514512 0
0.197889 0
0.113373 0
0.170405 0
0.257340 0
0.150176 0
0.242772 0
0.091436 0
0.376428 0
0.339292 0
0.082549 0
0.107038 0
0.552515 0
0.164302 0
0.143113 0
0.211762 0
0.399897 0
0.168090 0
0.426046 0
0.163001 0
0.041909 0
0.323423 0
0.390217 0
0.142624 0
0.209629 0
0.477946 0
0.067959 0
0.122128 0
0.408027 0
0.087859 0
0.133766 0
0.495367 0
0.080255 0
0.386351 0
0.373684 0
0.175475 0
0.224144 0
0.067658 0
0.089747 0
0.079127 0
0.107457 0
0.715943 0
0.119063 0
0.187100 0
0.600047 0
0.235001 0
0.031885 0
0.101624 0
