0.350196 0
0.345442 0
0.088381 0
0.038030 0
0.149225 0
0.273564 0
0.249096 0
0.371969 0
0.120131 0
0.217108 0
0.092158 0
0.085856 0
0.061903 0
0.193522 0
0.186128 0
0.168779 0
1.911509 0
0.640158 0
0.120856 0
0.450373 0
0.283665 0
0.242362 0
0.056351 0
0.188949 0
0.422540 0
0.348801 0
0.180707 0
0.058541 0
0.162238 0
0.022509 0
0.126022 0
0.140257 0
0.116138 0
0.274318 0
0.125572 0
0.011069 0
0.119786 0
0.412756 0
0.230532 0
0.002329 0
0.254430 0
1.056637 0
0.040434 0
0.225392 0
0.212962 0
0.180895 0
