0.096878 0
0.050384 0
0.054441 0
0.040573 0
0.138665 0
0.093625 0
0.057039 0
0.133488 0
0.080360 0
0.130268 0
0.038053 0
0.119745 0
0.060724 0
0.018562 0
0.055442 0
0.022136 0
0.043318 0
0.043968 0
0.119848 0
0.179317 0
0.038217 0
0.017897 0
0.040078 0
0.022929 0
0.048457 0
0.062361 0
0.028903 0
0.009561 0
0.037379 0
0.031850 0
0.034929 0
0.034800 0
0.053138 0
0.031678 0
0.049563 0
0.014977 0
0.087452 0
0.099046 0
0.130068 0
0.041530 0
0.054992 0
0.066042 0
0.040915 0
0.051485 0
0.035738 0
0.036265 0
0.082403 0
0.025342 0
0.059104 0
0.177978 0
0.066687 0
0.031145 0
0.034398 0
0.035891 0
0.073204 0
