0.102998 0
0.049603 0
0.086974 0
0.106596 0
0.154105 0
1.067179 0
0.156392 0
0.093536 0
0.630656 0
0.215387 0
0.032603 0
0.065902 0
0.270187 0
0.182472 0
0.149936 0
0.074499 0
0.043650 0
0.314863 0
0.689944 0
0.267592 0
0.067912 0
0.138954 0
0.081153 0
0.127172 0
0.333850 0
0.012782 0
0.125686 0
0.133511 0
0.019989 0
0.010569 0
0.154359 0
0.116367 0
0.023958 0
0.044158 0
0.483456 0
0.135535 0
0.179574 0
0.059343 0
0.102965 0
0.076320 0
0.529304 0
0.041365 0
0.023853 0
0.313769 0
0.246983 0
0.203106 0
0.389682 0
0.336665 0
0.082175 0
0.146166 0
0.228411 0
0.821990 0
0.204637 0
0.015398 0
0.467173 0
0.392929 0
0.016547 0
