0.214556 0
0.583547 0
0.137473 0
0.533921 0
0.114890 0
0.152192 0
0.179942 0
0.211432 0
0.372815 0
0.132266 0
0.069929 0
0.171408 0
0.172907 0
0.776023 0
0.088173 0
0.176039 0
0.043123 0
0.522610 0
0.103266 0
0.050768 0
0.129929 0
0.057627 0
0.106284 0
0.089033 0
0.113646 0
0.462037 0
0.213581 0
0.913980 0
0.023737 0
0.045133 0
0.229607 0
0.269757 0
0.451411 0
0.287919 0
0.110911 0
0.130966 0
0.252500 0
0.327399 0
0.134316 0
0.085522 0
0.507717 0
0.069428 0
0.376842 0
0.499794 0
0.018618 0
0.096325 0
0.188582 0
0.309846 0
0.303839 0
0.076581 0
0.096718 0
0.160663 0
0.655369 0
0.231183 0
0.084619 0
0.245383 0
0.047830 0
0.014278 0
0.207285 0
0.154310 0
0.215685 0
0.162507 0
0.389682 0
0.308366 0
0.021727 0
0.022430 0
0.079096 0
0.258312 0
0.249051 0
0.305386 0
0.704637 0
0.216113 0
0.542301 0
0.106922 0
0.167257 0
0.331679 0
0.284932 0
0.206217 0
0.162360 0
0.195724 0
0.452575 0
