0.403901 0
0.346096 0
0.588645 0
0.133933 0
0.198454 0
0.493189 0
0.192139 0
0.072957 0
0.290084 0
0.264921 0
0.112555 0
0.023199 0
0.090144 0
0.287884 0
0.367170 0
0.183211 0
0.018447 0
0.095658 0
0.167080 0
0.099814 0
0.075639 0
0.154999 0
0.173446 0
0.239117 0
0.382093 0
0.184114 0
0.152451 0
0.077980 0
0.078055 0
0.554279 0
0.265063 0
0.183391 0
0.313479 0
0.202594 0
0.771198 0
0.194023 0
0.041213 0
0.244237 0
0.065205 0
0.161740 0
0.304357 0
0.078978 0
0.584563 0
0.211312 0
0.049890 0
0.651239 0
0.765521 0
0.275829 0
0.069334 0
0.940979 0
0.200649 0
0.355662 0
0.063154 0
0.517319 0
0.173426 0
0.125560 0
0.313453 0
0.270509 0
0.116463 0
0.101144 0
0.281028 0
0.365907 0
0.142132 0
0.159167 0
0.351739 0
0.398119 0
0.028220 0
0.092993 0
0.379602 0
0.276554 0
0.102057 0
0.218599 0
0.100011 0
0.302740 0
