1.545706 0
0.306506 0
0.781903 0
0.488392 0
1.900499 0
0.236954 0
0.083503 0
1.331122 0
0.086910 0
0.037880 0
0.199389 0
0.069450 0
0.737709 0
0.142276 0
0.163666 0
1.039227 0
0.102062 0
0.856305 0
0.096543 0
2.583218 0
1.425587 0
0.397720 0
0.658549 0
0.602364 0
1.344268 0
0.262090 0
0.060320 0
1.311881 0
0.055172 0
0.033487 0
2.355966 0
0.879584 0
0.706063 0
0.189759 0
0.616562 0
1.466502 0
0.549800 0
0.328761 0
0.879074 0
0.138936 0
1.303544 0
1.123271 0
0.220038 0
0.306249 0
0.160002 0
1.406580 0
1.720235 0
