0.274162 0
0.150074 0
0.216343 0
0.224247 0
0.137664 0
0.129572 0
0.123121 0
0.195983 0
0.561562 0
0.249568 0
0.035373 0
0.125297 0
0.076645 0
0.156370 0
0.125770 0
0.125426 0
0.068466 0
0.116910 0
0.234219 0
0.040201 0
0.181275 0
0.299283 0
0.124247 0
0.133550 0
0.266536 0
0.388180 0
0.140000 0
0.191501 0
0.134339 0
0.180010 0
0.409692 0
0.153484 0
0.199586 0
0.276436 0
0.549731 0
0.021185 0
0.190567 0
0.139461 0
0.226577 0
0.181824 0
0.302134 0
0.136170 0
0.110278 0
0.493606 0
0.012843 0
0.311149 0
0.104793 0
0.194882 0
0.160393 0
0.041836 0
0.084193 0
0.098179 0
0.198593 0
0.112288 0
0.237466 0
0.670393 0
0.030967 0
0.177444 0
0.086262 0
0.122956 0
0.052906 0
0.415246 0
0.105036 0
0.071794 0
0.112380 0
