0.255630 0
0.312332 0
0.088605 0
0.316558 0
0.111449 0
0.538148 0
0.452401 0
0.053443 0
0.501029 0
0.161728 0
0.106100 0
0.167057 0
0.052089 0
0.124783 0
0.564953 0
0.318186 0
0.070678 0
0.013182 0
0.076175 0
0.341031 0
0.105662 0
0.471102 0
0.037562 0
0.022492 0
1.369022 0
0.238649 0
0.184124 0
1.191751 0
0.092167 0
0.055576 0
0.810353 0
0.060135 0
0.166795 0
0.038653 0
0.588509 0
0.286849 0
0.053804 0
0.238749 0
0.208975 0
0.119252 0
0.349892 0
0.255945 0
0.556823 0
0.405241 0
0.150492 0
0.170885 0
0.165517 0
0.235901 0
0.060558 0
0.957071 0
0.154369 0
0.117917 0
0.262971 0
0.006108 0
0.113138 0
0.012738 0
0.123692 0
0.128630 0
0.201152 0
0.221949 0
0.319418 0
0.144924 0
0.559421 0
0.046407 0
0.103971 0
0.138408 0
0.204313 0
0.096336 0
