0.602635 0
0.299953 0
0.700368 0
0.475940 0
0.041010 0
0.058736 0
0.159083 0
0.473887 0
0.390122 0
0.859681 0
0.157160 0
0.883061 0
0.092677 0
0.144988 0
0.288353 0
0.105275 0
0.388170 0
0.084131 0
0.146951 0
0.012927 0
0.048284 0
0.057362 0
0.437926 0
0.866389 0
0.052016 0
0.040313 0
0.301371 0
0.680059 0
0.144260 0
0.211902 0
0.045308 0
0.146198 0
0.133616 0
0.035671 0
0.241654 0
0.201830 0
0.130133 0
0.710547 0
0.131032 0
0.266846 0
0.488092 0
0.044807 0
0.077161 0
0.983586 0
0.108529 0
0.451320 0
0.187659 0
0.151805 0
0.090257 0
