0.266707 0
0.259745 0
0.569777 0
0.343107 0
0.503396 0
0.749850 0
0.124993 0
0.589729 0
0.099637 0
0.139786 0
0.139256 0
0.033318 0
0.335887 0
0.192478 0
0.142215 0
0.118046 0
0.142637 0
0.365905 0
0.482598 0
0.032116 0
0.179794 0
0.563704 0
0.115733 0
0.360660 0
0.534818 0
0.377745 0
0.109687 0
0.290233 0
1.107913 0
0.903159 0
0.135273 0
1.102700 0
0.256781 0
0.204925 0
0.484701 0
0.396852 0
0.100474 0
0.146189 0
0.999205 0
0.211491 0
0.093413 0
0.826999 0
0.262382 0
0.172193 0
0.002840 0
0.183884 0
0.030859 0
0.477634 0
