0.310731 0
0.226807 0
0.305087 0
0.187867 0
0.055831 0
0.298869 0
0.113087 0
0.364032 0
0.123028 0
0.459564 0
0.072568 0
0.182623 0
0.214650 0
0.083574 0
0.049167 0
0.154937 0
0.203845 0
0.294793 0
0.103137 0
0.120913 0
0.218262 0
0.189560 0
0.017259 0
0.199035 0
0.422556 0
0.192442 0
0.206910 0
0.234203 0
0.084996 0
0.062051 0
0.099810 0
0.161506 0
0.308221 0
0.126058 0
0.465576 0
0.158770 0
0.397894 0
0.058486 0
0.161251 0
0.272175 0
0.370011 0
0.227172 0
0.126762 0
0.372116 0
0.018964 0
0.078838 0
0.358370 0
0.174473 0
0.662249 0
0.224697 0
0.072956 0
0.074913 0
0.507405 0
0.036023 0
0.056197 0
0.002418 0
0.078709 0
0.171476 0
0.150840 0
0.279424 0
0.037189 0
0.201201 0
0.094550 0
0.015849 0
0.138182 0
0.156450 0
0.068936 0
