0.128587 0
0.119496 0
0.130582 0
0.068733 0
0.101320 0
0.153174 0
0.128655 0
0.145132 0
0.153066 0
0.092777 0
0.133937 0
0.159450 0
0.162305 0
0.051793 0
0.139646 0
0.090780 0
0.052758 0
0.128964 0
0.141039 0
0.140200 0
0.183105 0
0.135987 0
0.172434 0
0.170242 0
0.149400 0
0.132027 0
0.101207 0
0.143498 0
0.014813 0
0.155324 0
0.147372 0
0.129488 0
0.036448 0
0.149352 0
0.024464 0
0.134205 0
0.166124 0
0.078236 0
0.132594 0
0.008289 0
0.141277 0
0.146697 0
0.131542 0
0.137785 0
0.036984 0
0.165305 0
0.090198 0
0.188911 0
0.146681 0
0.145430 0
0.037772 0
0.169715 0
0.155409 0
0.123457 0
0.049735 0
0.166551 0
0.164065 0
0.133943 0
0.197035 0
0.148240 0
0.146031 0
0.135455 0
