0.830609 0
1.028846 0
0.488222 0
0.728771 0
0.127513 0
0.694287 0
0.154776 0
0.617782 0
0.285966 0
0.125788 0
1.073274 0
0.666408 0
1.029159 0
0.384907 0
0.061153 0
0.373788 0
1.126058 0
0.053056 0
0.380852 0
0.143754 0
0.092201 0
0.018282 0
0.652719 0
0.015681 0
0.126150 0
0.055683 0
0.545920 0
0.028925 0
0.058578 0
0.175916 0
0.427676 0
0.804895 0
0.710283 0
0.665971 0
0.074140 0
0.283317 0
0.360856 0
0.516572 0
0.142118 0
0.302005 0
0.100990 0
0.093472 0
0.086201 0
0.212975 0
0.253636 0
0.611879 0
0.007235 0
0.062722 0
0.089533 0
0.042854 0
0.245490 0
0.001136 0
0.011400 0
0.376934 0
0.028462 0
0.098898 0
0.310932 0
