0.282711 0
0.157084 0
0.399347 0
0.124182 0
0.119818 0
0.240220 0
0.099880 0
0.148970 0
0.124407 0
0.167242 0
0.370462 0
0.124063 0
0.361469 0
0.160258 0
0.114980 0
0.185419 0
0.094292 0
0.126473 0
0.341076 0
0.324771 0
0.239184 0
0.372602 0
0.422389 0
0.096838 0
0.375896 0
0.413371 0
0.228292 0
0.132841 0
0.178246 0
0.197752 0
0.104523 0
0.120020 0
0.687338 0
0.154896 0
0.037029 0
0.170873 0
0.255375 0
0.265203 0
0.066168 0
0.170502 0
0.376447 0
0.166782 0
0.141433 0
0.427197 0
0.129601 0
0.112365 0
0.366618 0
0.232323 0
0.013779 0
0.083612 0
0.084125 0
0.196022 0
0.442167 0
0.100829 0
0.193241 0
0.483424 0
0.106047 0
0.129126 0
0.186355 0
0.158651 0
0.149222 0
0.142638 0
0.161917 0
0.201946 0
0.094694 0
0.129516 0
0.115005 0
0.315345 0
0.574325 0
0.167763 0
0.102805 0
0.548246 0
0.066192 0
0.590703 0
0.160247 0
0.328157 0
0.283373 0
0.265726 0
