0.132697 0
0.083414 0
0.165322 0
0.099583 0
0.081166 0
0.454779 0
0.052316 0
0.575537 0
0.196321 0
0.095646 0
0.892112 0
0.036933 0
0.140280 0
0.333394 0
0.488278 0
0.158768 0
0.135475 0
0.282451 0
1.011573 0
0.190093 0
0.168479 0
0.384904 0
0.226407 0
0.146190 0
0.237387 0
0.576659 0
0.138634 0
0.230473 0
0.519891 0
0.222948 0
0.792488 0
0.393713 0
0.483565 0
0.197704 0
0.268646 0
0.963710 0
0.245037 0
0.101981 0
0.887200 0
0.897992 0
0.147645 0
0.008055 0
0.052690 0
0.431368 0
0.476675 0
0.336035 0
0.298083 0
0.562353 0
0.399138 0
