0.121900 0
0.106351 0
0.084270 0
0.094647 0
0.145675 0
0.082390 0
0.114939 0
0.139537 0
0.066461 0
0.104017 0
0.092013 0
0.082880 0
0.060645 0
0.098181 0
0.084287 0
0.128248 0
0.275500 0
0.081138 0
0.087129 0
0.091509 0
0.165880 0
0.181316 0
0.173263 0
0.118724 0
0.130845 0
0.090364 0
0.058481 0
0.007328 0
0.164951 0
0.098627 0
0.078706 0
0.176294 0
0.091901 0
0.128327 0
0.063724 0
0.069490 0
0.106819 0
0.027802 0
0.056836 0
0.118166 0
0.307306 0
0.115948 0
0.031286 0
0.162875 0
0.211039 0
0.075747 0
0.133495 0
0.012457 0
