0.155189 0
0.437506 0
0.183889 0
0.117393 0
0.100324 0
0.099839 0
0.184204 0
0.217254 0
0.099971 0
0.123566 0
0.100794 0
0.316297 0
0.233509 0
0.155136 0
0.289859 0
0.426210 0
0.290619 0
0.189266 0
0.072047 0
0.730904 0
0.131720 0
0.325456 0
0.025276 0
0.155365 0
0.636578 0
0.018129 0
0.103453 0
0.286365 0
0.133779 0
0.097603 0
0.101979 0
0.130579 0
0.082013 0
0.501806 0
0.101145 0
0.114897 0
0.054506 0
0.107662 0
0.163310 0
0.145685 0
0.259207 0
0.270732 0
0.148360 0
0.057148 0
0.158881 0
0.137055 0
0.250491 0
0.018228 0
0.025374 0
0.016226 0
0.227811 0
0.145254 0
0.178040 0
0.239502 0
0.252178 0
