0.192655 0
0.180399 0
0.173263 0
0.203146 0
0.523216 0
0.186675 0
0.177566 0
0.373811 0
0.218069 0
0.203094 0
0.862102 0
0.127694 0
0.159701 0
0.187913 0
0.216946 0
0.281422 0
0.114575 0
0.147223 0
0.050491 0
0.474391 0
0.168206 0
0.150370 0
0.041399 0
0.216040 0
0.423269 0
0.037681 0
0.092056 0
0.031100 0
0.508157 0
0.536554 0
0.294533 0
0.196105 0
0.252579 0
0.150094 0
0.113936 0
0.233296 0
0.178819 0
0.195543 0
0.596824 0
0.295491 0
0.180555 0
0.139153 0
0.284779 0
0.011236 0
0.152016 0
0.449160 0
0.054059 0
0.617334 0
0.018184 0
0.063525 0
0.186428 0
