0.235590 0
0.138348 0
0.124569 0
0.140727 0
0.140832 0
0.069852 0
0.229954 0
0.105726 0
0.553694 0
0.032517 0
0.208537 0
0.201991 0
0.265798 0
0.081813 0
0.022356 0
0.170964 0
0.335293 0
0.146640 0
0.065057 0
0.127241 0
0.216400 0
0.275186 0
0.126901 0
0.198222 0
0.190302 0
0.340333 0
0.146521 0
0.123810 0
0.070270 0
0.044735 0
0.128815 0
0.184880 0
0.636838 0
0.414147 0
0.227042 0
0.171245 0
0.248977 0
0.230953 0
0.189965 0
0.168875 0
0.163482 0
0.146179 0
0.137516 0
0.166814 0
0.270045 0
0.062243 0
0.279835 0
0.275996 0
0.141327 0
