0.119461 0
0.211446 0
0.252112 0
0.217169 0
0.194145 0
0.047626 0
0.110487 0
0.402664 0
0.297649 0
0.151172 0
0.197032 0
0.221185 0
0.095966 0
0.170806 0
0.397843 0
0.337525 0
0.154508 0
0.254348 0
0.331742 0
0.378310 0
0.318020 0
0.155479 0
0.229910 0
0.196742 0
0.488293 0
0.218675 0
0.205881 0
0.339166 0
0.168936 0
0.252029 0
0.390339 0
0.156524 0
0.526679 0
0.082571 0
0.189714 0
0.373706 0
0.863760 0
0.316558 0
0.317438 0
0.391183 0
0.262888 0
0.369100 0
0.163099 0
0.851790 0
0.177147 0
0.126479 0
0.241535 0
0.123303 0
0.276959 0
0.084985 0
0.147239 0
0.179086 0
0.285173 0
0.003662 0
0.166442 0
0.169314 0
0.019211 0
0.118798 0
0.306695 0
0.528505 0
