0.646915 0
0.070914 0
0.119251 0
0.195157 0
0.281124 0
0.144338 0
0.271695 0
0.044424 0
0.315614 0
0.019322 0
0.227672 0
0.106283 0
0.156761 0
0.088725 0
0.091320 0
0.140972 0
0.253678 0
0.113573 0
0.152478 0
0.093036 0
0.133448 0
0.112143 0
0.084359 0
0.264880 0
0.566988 0
0.136863 0
0.156234 0
0.094196 0
0.105519 0
0.079399 0
0.013762 0
0.090666 0
0.277420 0
0.127101 0
0.230854 0
0.206204 0
0.100457 0
0.489613 0
0.119597 0
0.176637 0
0.182861 0
0.048670 0
0.229915 0
0.055974 0
0.242577 0
0.105959 0
0.123880 0
0.062912 0
0.109629 0
0.059400 0
0.055240 0
0.147574 0
0.098647 0
0.060070 0
0.196859 0
