0.247414 0
0.332275 0
0.150114 0
0.170259 0
0.075829 0
0.201980 0
0.208620 0
0.176213 0
0.026926 0
0.170506 0
0.244360 0
0.190735 0
0.243471 0
0.355994 0
0.489541 0
0.063622 0
0.182918 0
0.095298 0
0.090228 0
0.245984 0
0.147812 0
0.287927 0
0.249006 0
0.422600 0
0.017230 0
0.229922 0
0.142454 0
0.384369 0
0.299923 0
0.272067 0
0.103566 0
0.076063 0
0.195561 0
0.138422 0
0.171051 0
0.150544 0
0.277181 0
0.025979 0
0.193799 0
0.179407 0
0.149976 0
0.174841 0
0.227686 0
0.014911 0
0.255918 0
0.013644 0
