0.233165 0
0.118674 0
0.074755 0
0.057143 0
0.023330 0
0.072038 0
0.096692 0
0.118494 0
0.056794 0
0.101949 0
0.102549 0
0.331966 0
0.120988 0
0.123412 0
0.146440 0
0.110508 0
0.204118 0
0.071112 0
0.053639 0
0.145054 0
0.043523 0
0.085817 0
0.123922 0
0.234288 0
0.245016 0
0.010084 0
0.100126 0
0.149148 0
0.130563 0
0.111805 0
0.438350 0
0.049622 0
0.089670 0
0.186709 0
0.058202 0
0.116123 0
0.221012 0
0.088856 0
0.366834 0
0.079580 0
0.387852 0
0.121231 0
0.103437 0
0.058340 0
0.063650 0
0.141916 0
0.124822 0
0.102441 0
0.161913 0
0.130131 0
0.176129 0
0.164978 0
0.095260 0
0.089013 0
0.138295 0
0.265965 0
0.024644 0
0.403850 0
0.104450 0
0.119971 0
0.057552 0
0.092649 0
0.425243 0
0.063535 0
0.060081 0
0.071423 0
0.236557 0
0.057307 0
0.061130 0
0.277445 0
