0.119102 0
0.151154 0
0.115976 0
0.118008 0
0.116091 0
0.204461 0
0.190308 0
0.106667 0
0.166404 0
0.158832 0
0.117485 0
0.046697 0
0.042883 0
0.112219 0
0.184539 0
0.025361 0
0.015440 0
0.124090 0
0.160468 0
0.107419 0
0.105002 0
0.135838 0
0.136720 0
0.171468 0
0.107985 0
0.151661 0
0.105940 0
0.075003 0
0.113338 0
0.148718 0
0.127334 0
0.034260 0
0.127167 0
0.129961 0
0.066989 0
0.006068 0
0.103455 0
0.107558 0
0.030780 0
0.126312 0
0.135936 0
0.120192 0
0.151398 0
0.118028 0
0.005889 0
0.013337 0
0.005665 0
0.038331 0
