0.341696 0
0.295470 0
0.590563 0
0.461587 0
0.065687 0
0.607330 0
0.333664 0
0.298938 0
0.193418 0
0.197955 0
1.266692 0
0.508427 0
0.647373 0
0.368486 0
0.124421 0
0.572840 0
0.668849 0
0.169297 0
0.128850 0
0.480467 0
0.466285 0
0.564457 0
0.605235 0
0.036147 0
0.579894 0
0.254782 0
0.499584 0
0.066966 0
0.066029 0
0.106576 0
0.276018 0
0.260171 0
0.392656 0
0.029653 0
0.198531 0
0.448451 0
0.631312 0
0.755996 0
0.266088 0
0.253194 0
0.678776 0
0.429329 0
0.378133 0
0.246494 0
0.136141 0
0.236004 0
0.203429 0
0.068106 0
0.131479 0
0.341347 0
0.168796 0
0.199962 0
0.118058 0
0.084225 0
0.170966 0
0.216434 0
0.437726 0
0.144971 0
0.199604 0
0.244641 0
0.185220 0
0.462437 0
0.232644 0
0.607212 0
0.080594 0
0.234984 0
