0.314564 0
0.397838 0
0.190792 0
0.122660 0
0.090497 0
0.452862 0
0.140553 0
0.129866 0
0.361254 0
0.168521 0
0.094406 0
0.109238 0
0.353473 0
0.417744 0
0.086625 0
0.054078 0
0.032964 0
0.147071 0
0.163711 0
0.210866 0
0.527318 0
0.105761 0
0.139472 0
0.238391 0
0.033040 0
0.495602 0
0.122223 0
0.442141 0
0.064924 0
0.149874 0
0.386538 0
0.133449 0
0.169052 0
0.232295 0
0.182291 0
0.457348 0
0.025719 0
0.174140 0
0.265542 0
0.196600 0
0.165241 0
0.086698 0
0.335385 0
0.094173 0
0.317920 0
0.102319 0
0.124115 0
0.340813 0
0.080901 0
0.238499 0
0.003733 0
0.095586 0
0.487938 0
0.070499 0
0.247136 0
0.192398 0
0.100673 0
0.029630 0
0.121803 0
0.061331 0
0.063035 0
0.197739 0
0.297803 0
