0.346181 0
0.137011 0
0.212497 0
0.577719 0
0.179046 0
0.296097 0
0.128345 0
0.536379 0
0.926286 0
0.124383 0
0.207523 0
0.186202 0
0.039060 0
0.274578 0
0.662665 0
0.183081 0
0.263789 0
1.198426 0
0.146815 0
0.189165 0
0.265944 0
0.143923 0
0.199406 0
0.174633 0
0.486215 0
1.320044 0
0.344631 0
0.141324 0
0.079204 0
0.255929 0
0.236881 0
0.093699 0
0.325569 0
0.690976 0
0.165174 0
0.280363 0
0.173947 0
0.151673 0
0.102376 0
0.091864 0
0.133231 0
0.320809 0
0.233993 0
0.265135 0
0.024344 0
0.062025 0
0.092017 0
0.344935 0
0.228816 0
0.543107 0
