0.316567 0
0.707338 0
0.074498 0
0.126015 0
0.383041 0
0.217155 0
0.142571 0
0.024711 0
0.077194 0
0.049744 0
0.050960 0
0.187130 0
0.553096 0
0.674164 0
0.319179 0
0.416697 0
0.342506 0
0.540015 0
0.112741 0
0.347195 0
0.188212 0
0.145751 0
0.502182 0
0.409300 0
0.302803 0
0.172363 0
0.055990 0
0.183273 0
0.069528 0
0.147266 0
0.134664 0
0.438272 0
0.171695 0
0.657158 0
0.109670 0
0.091112 0
0.230950 0
0.560833 0
0.066586 0
0.619557 0
0.233168 0
0.080311 0
0.095244 0
0.389906 0
0.393737 0
0.184380 0
0.483852 0
