0.087063 0
0.089169 0
0.093278 0
0.092487 0
0.087674 0
0.087057 0
0.101536 0
0.098416 0
0.088744 0
0.093862 0
0.116561 0
0.128760 0
0.091690 0
0.086558 0
0.037298 0
0.091463 0
0.090272 0
0.101281 0
0.097571 0
0.098864 0
0.092779 0
0.096719 0
0.098855 0
0.087626 0
0.093664 0
0.093015 0
0.088398 0
0.090344 0
0.090928 0
0.098399 0
0.087187 0
0.097882 0
0.092249 0
0.095202 0
0.094357 0
0.088088 0
0.041365 0
0.064520 0
0.095509 0
0.118381 0
0.090534 0
0.093939 0
0.095221 0
0.087484 0
0.111408 0
0.087499 0
0.088693 0
0.139672 0
0.092733 0
0.101008 0
0.092018 0
0.104345 0
0.086569 0
0.103120 0
0.055277 0
0.093848 0
0.101542 0
0.104002 0
0.087508 0
0.089870 0
0.000934 0
0.044640 0
0.134778 0
0.087425 0
0.093510 0
0.098893 0
0.095517 0
0.089168 0
0.004440 0
0.088180 0
