0.084101 0
0.084619 0
0.085256 0
0.084315 0
0.089466 0
0.065240 0
0.088483 0
0.086680 0
0.079033 0
0.088071 0
0.091917 0
0.051321 0
0.083329 0
0.087084 0
0.115808 0
0.088716 0
0.084614 0
0.085137 0
0.091448 0
0.102876 0
0.087698 0
0.083735 0
0.097188 0
0.088338 0
0.086093 0
0.086082 0
0.085527 0
0.094452 0
0.090787 0
0.101192 0
0.077086 0
0.086140 0
0.086242 0
0.057578 0
0.009356 0
0.086534 0
0.087895 0
0.084766 0
0.094629 0
0.089479 0
0.069730 0
0.084004 0
0.085372 0
0.093582 0
0.099311 0
0.093679 0
0.088712 0
0.085003 0
0.089371 0
0.087125 0
0.085459 0
0.087235 0
0.085457 0
0.104305 0
0.065065 0
0.084298 0
0.083557 0
0.083630 0
0.100066 0
0.088402 0
0.089131 0
0.067350 0
0.089803 0
0.084145 0
0.052548 0
0.084628 0
0.075037 0
0.059996 0
0.083865 0
