0.518852 0
0.151910 0
0.093490 0
0.089333 0
0.237756 0
0.259582 0
0.236176 0
0.199811 0
0.294049 0
0.344782 0
0.037617 0
0.375264 0
0.109155 0
0.118061 0
0.091822 0
0.452352 0
0.100361 0
0.244609 0
0.168661 0
0.184835 0
0.017021 0
0.165223 0
0.078989 0
0.092909 0
0.211845 0
0.056633 0
0.126053 0
0.103926 0
0.569918 0
0.148283 0
0.066028 0
0.165157 0
0.052482 0
0.039620 0
0.247101 0
0.506384 0
0.456968 0
0.101773 0
0.161378 0
0.310917 0
0.028326 0
0.133055 0
0.070716 0
0.277267 0
0.505689 0
0.279823 0
0.073194 0
0.238553 0
0.113279 0
0.056924 0
0.127451 0
0.286880 0
0.590828 0
0.158373 0
0.448870 0
0.247148 0
0.090108 0
0.040485 0
0.150244 0
0.286414 0
0.221302 0
0.198833 0
0.001000 0
0.187431 0
0.222668 0
0.527050 0
0.125121 0
0.145174 0
0.309728 0
