0.292440 0
0.203470 0
0.360173 0
0.771486 0
0.247588 0
0.275073 0
0.150697 0
0.117058 0
0.020377 0
0.118966 0
0.224224 0
0.217457 0
0.867659 0
0.218741 0
0.311499 0
0.464599 0
0.217063 0
0.523727 0
0.250409 0
0.259297 0
0.116495 0
0.065717 0
0.380457 0
0.145964 0
0.158561 0
0.026962 0
0.042531 0
0.126350 0
0.196016 0
0.161397 0
0.275395 0
0.004246 0
0.306685 0
0.176120 0
0.132380 0
0.145715 0
0.311119 0
0.142751 0
0.357784 0
0.112873 0
0.796600 0
0.058436 0
0.128677 0
0.174969 0
0.333541 0
0.489150 0
0.051197 0
0.123665 0
0.140287 0
0.430688 0
0.527212 0
0.395258 0
0.142408 0
