0.215646 0
0.033519 0
0.048191 0
0.045411 0
0.161186 0
0.079537 0
0.022928 0
0.115620 0
0.047957 0
0.704526 0
0.066558 0
0.037360 0
0.032864 0
0.079482 0
0.060421 0
0.050572 0
0.041432 0
0.031488 0
0.025934 0
0.018732 0
0.355547 0
0.056076 0
0.029038 0
0.115254 0
0.053361 0
0.030399 0
0.078993 0
0.220071 0
0.089789 0
0.267326 0
0.134120 0
0.033143 0
0.060812 0
0.095214 0
0.087200 0
0.050125 0
0.177315 0
0.058287 0
0.053036 0
0.132469 0
0.073219 0
0.047051 0
0.255587 0
0.050135 0
0.048319 0
0.032357 0
0.036337 0
0.075537 0
0.007167 0
0.052842 0
0.129654 0
0.023199 0
0.059639 0
0.323262 0
0.045042 0
0.104466 0
0.039526 0
0.019243 0
0.096198 0
0.055102 0
0.019815 0
0.018928 0
