0.486825 0
0.222009 0
0.146306 0
0.178255 0
0.117415 0
0.168881 0
0.140198 0
0.669383 0
0.089998 0
0.048948 0
0.324077 0
0.056786 0
0.140928 0
0.459474 0
0.062498 0
0.192012 0
0.206040 0
0.434949 0
0.228579 0
0.061994 0
0.355548 0
0.140197 0
0.376575 0
0.225817 0
0.249685 0
0.157410 0
0.059909 0
0.196599 0
0.167294 0
0.295298 0
0.047448 0
0.055487 0
0.131220 0
0.163987 0
0.052765 0
0.141578 0
0.358788 0
0.201187 0
0.146105 0
0.409904 0
0.092947 0
0.066983 0
0.463897 0
0.175477 0
0.416314 0
0.219455 0
0.175113 0
0.212186 0
0.112204 0
0.275382 0
0.158798 0
0.051390 0
0.004994 0
0.259707 0
0.197924 0
0.096234 0
0.025376 0
0.156937 0
0.083555 0
0.338265 0
0.445303 0
0.230191 0
0.125671 0
0.229437 0
0.320463 0
0.265520 0
0.202841 0
0.260753 0
0.094729 0
0.017696 0
0.005046 0
0.210401 0
0.186419 0
0.065089 0
0.214611 0
0.106067 0
