0.036355 0
0.212465 0
0.039255 0
0.070541 0
0.045834 0
0.071118 0
0.022978 0
0.064276 0
0.064431 0
0.029658 0
0.034413 0
0.028170 0
0.105909 0
0.027766 0
0.131422 0
0.085256 0
0.048112 0
0.038780 0
0.085250 0
0.043660 0
0.005569 0
0.122298 0
0.034526 0
0.096029 0
0.026543 0
0.069530 0
0.038434 0
0.093070 0
0.241673 0
0.043163 0
0.056834 0
0.061627 0
0.035816 0
0.051196 0
0.051965 0
0.124882 0
0.129744 0
0.077260 0
0.063837 0
0.126251 0
0.094030 0
0.180440 0
0.061712 0
0.150541 0
0.051492 0
0.068015 0
0.043594 0
0.040074 0
0.097133 0
0.104923 0
0.072068 0
0.086508 0
0.030677 0
