0.614124 0
0.162587 0
0.085804 0
0.309013 0
0.100931 0
0.058350 0
0.037527 0
0.065534 0
0.108914 0
0.481237 0
0.139362 0
0.305473 0
0.115385 0
0.129702 0
0.291442 0
0.180519 0
0.097883 0
0.438934 0
0.405101 0
0.041241 0
0.541750 0
0.074590 0
0.034412 0
0.220501 0
0.207665 0
0.149637 0
0.063140 0
0.180839 0
0.124767 0
0.286814 0
0.111996 0
0.438279 0
0.251909 0
0.288592 0
0.208342 0
0.136843 0
0.077958 0
0.048764 0
0.367617 0
0.074217 0
0.267991 0
0.088683 0
0.224802 0
0.259129 0
0.099721 0
0.343743 0
0.134917 0
0.125137 0
0.198402 0
0.033948 0
0.082820 0
0.011545 0
0.062852 0
0.282007 0
0.180640 0
0.112051 0
0.061156 0
0.683089 0
0.078628 0
0.486928 0
0.250648 0
0.209069 0
0.291972 0
