0.463407 0
0.359740 0
1.024730 0
0.551648 0
0.250295 0
0.238357 0
0.494176 0
0.245651 0
0.203640 0
0.020708 0
0.411937 0
0.082405 0
0.446962 0
0.083017 0
0.061617 0
0.560295 0
0.402958 0
0.011285 0
0.357056 0
0.047233 0
0.096088 0
0.200918 0
0.049293 0
0.139273 0
0.400434 0
0.129060 0
0.398223 0
0.131569 0
0.784186 0
0.109399 0
0.008551 0
0.210339 0
0.294808 0
0.129884 0
0.301458 0
0.311884 0
0.404368 0
0.081778 0
0.320321 0
0.157507 0
0.604532 0
0.282442 0
0.173978 0
0.214370 0
0.198710 0
0.050993 0
0.019456 0
0.151647 0
0.266242 0
0.092572 0
0.136754 0
0.527593 0
0.331416 0
