0.562087 0
0.101284 0
0.216077 0
0.089427 0
0.276171 0
0.150962 0
0.062588 0
0.038273 0
0.023136 0
0.111376 0
0.195064 0
0.080749 0
0.012759 0
0.048942 0
0.037280 0
0.014865 0
0.107740 0
0.078381 0
0.070030 0
0.051081 0
0.078616 0
0.085819 0
0.068896 0
0.141579 0
0.092365 0
0.040939 0
0.185727 0
0.175412 0
0.168083 0
0.043113 0
0.064824 0
0.053000 0
0.268909 0
0.046820 0
0.058858 0
0.320301 0
0.077048 0
0.187021 0
0.128110 0
0.162234 0
0.060911 0
0.096511 0
0.328032 0
0.066361 0
0.043424 0
0.082987 0
0.036632 0
0.100430 0
0.149155 0
0.055578 0
0.039540 0
0.047148 0
0.191363 0
0.282548 0
0.145195 0
0.269316 0
0.156171 0
0.044881 0
0.113126 0
0.106145 0
0.064170 0
0.072548 0
0.123866 0
0.241593 0
0.082804 0
0.059403 0
0.362000 0
0.266618 0
0.045120 0
0.079194 0
