0.149168 0
0.106032 0
0.128685 0
1.022309 0
0.255324 0
0.059247 0
0.182005 0
0.310925 0
0.294873 0
0.319907 0
0.230356 0
0.090587 0
0.261490 0
0.564630 0
0.171142 0
0.696046 0
0.073216 0
0.389064 0
0.431377 0
0.332901 0
0.131417 0
0.414564 0
0.288850 0
0.378697 0
0.638208 0
0.012751 0
0.159033 0
0.035979 0
0.819538 0
0.472011 0
0.159908 0
0.880571 0
0.297204 0
0.205752 0
0.752030 0
0.265904 0
0.623665 0
0.228984 0
0.213670 0
0.244684 0
0.082665 0
0.604377 0
0.198525 0
0.021589 0
0.007643 0
0.152034 0
0.160228 0
0.074413 0
0.013807 0
0.176783 0
0.068166 0
0.081988 0
0.206019 0
0.110615 0
0.012406 0
