0.768465 0
0.567912 0
0.467826 0
0.156271 0
0.145098 0
0.592805 0
0.407419 0
0.098977 0
0.445789 0
0.031126 0
0.538921 0
0.525918 0
0.368258 0
0.080430 0
0.162396 0
0.510942 0
0.054182 0
0.088125 0
0.328780 0
2.079995 0
0.317575 0
0.590575 0
0.240189 0
0.224945 0
0.130236 0
0.055505 0
0.808026 0
0.594540 0
0.519130 0
0.335064 0
0.333605 0
0.511216 0
0.290415 0
0.293211 0
0.679990 0
0.064129 0
0.383847 0
1.027468 0
1.626348 0
1.415050 0
0.063374 0
0.331128 0
0.613690 0
0.829032 0
0.350328 0
0.177505 0
2.190303 0
