0.071193 0
0.093267 0
0.176637 0
0.127115 0
0.054019 0
0.082295 0
0.056439 0
0.117220 0
0.243193 0
0.189701 0
0.070828 0
0.044577 0
0.131641 0
0.201808 0
0.070511 0
0.102032 0
0.210907 0
0.279675 0
0.212739 0
0.120707 0
0.112960 0
0.227428 0
0.224681 0
0.061563 0
0.148720 0
0.079480 0
0.086839 0
0.148536 0
0.039815 0
0.156862 0
0.076500 0
0.085599 0
0.157891 0
0.117792 0
0.097860 0
0.085728 0
0.008421 0
0.109247 0
0.044480 0
0.283767 0
0.106059 0
0.182898 0
0.064500 0
0.163347 0
0.061072 0
0.066431 0
0.118845 0
0.092117 0
0.084465 0
0.096314 0
