0.182564 0
0.126009 0
0.103247 0
0.151243 0
0.347827 0
0.178015 0
0.164926 0
0.102451 0
0.226985 0
0.178389 0
0.330195 0
0.171216 0
0.149633 0
0.074746 0
0.053813 0
0.161178 0
0.105807 0
0.174995 0
0.304713 0
0.318330 0
0.132317 0
0.259465 0
0.314911 0
0.076495 0
0.105700 0
0.149170 0
0.089466 0
0.186038 0
0.115999 0
0.241932 0
0.114720 0
0.122854 0
0.202060 0
0.124889 0
0.124222 0
0.278208 0
0.140359 0
0.190236 0
0.306075 0
0.058008 0
0.093659 0
0.481442 0
0.142469 0
0.355662 0
0.080900 0
0.320472 0
0.412870 0
