0.538920 0
0.260035 0
0.105480 0
0.201675 0
0.087335 0
0.073098 0
0.529544 0
0.075414 0
0.128965 0
0.315396 0
0.062027 0
0.196371 0
0.039287 0
0.135230 0
0.124346 0
0.089232 0
0.071673 0
0.115090 0
0.588240 0
0.279217 0
0.134296 0
0.128755 0
0.050411 0
0.369703 0
0.019164 0
0.267707 0
0.157441 0
0.163579 0
0.247460 0
0.914111 0
0.191122 0
0.168873 0
0.003732 0
0.110440 0
0.284767 0
0.081129 0
0.139220 0
0.117988 0
0.162724 0
0.101485 0
0.099987 0
0.070544 0
0.126598 0
0.229959 0
0.050153 0
0.143585 0
0.047768 0
0.158967 0
0.329733 0
0.222790 0
0.489825 0
0.089441 0
1.133177 0
0.163278 0
0.591463 0
0.225903 0
0.282178 0
0.145590 0
0.244266 0
0.729893 0
0.093749 0
0.135662 0
0.171798 0
0.146113 0
0.246596 0
0.055552 0
0.136361 0
