0.079171 0
0.085687 0
0.080020 0
0.075959 0
0.092332 0
0.074206 0
0.092367 0
0.080609 0
0.047855 0
0.087261 0
0.076204 0
0.141220 0
0.085803 0
0.080121 0
0.110558 0
0.076756 0
0.089559 0
0.076418 0
0.104052 0
0.075435 0
0.045400 0
0.091049 0
0.085368 0
0.087534 0
0.076248 0
0.079589 0
0.077354 0
0.025072 0
0.075709 0
0.088223 0
0.122327 0
0.089535 0
0.075004 0
0.089208 0
0.118280 0
0.074486 0
0.093089 0
0.078789 0
0.127306 0
0.069678 0
0.029855 0
0.083367 0
0.078331 0
0.085994 0
0.017437 0
0.076291 0
0.092862 0
0.006746 0
0.079152 0
0.085955 0
0.078507 0
0.085845 0
0.078103 0
0.068915 0
0.051458 0
0.075511 0
0.089870 0
0.076219 0
0.091491 0
0.074753 0
0.080528 0
0.088782 0
0.039358 0
0.090795 0
0.074946 0
0.083358 0
0.089594 0
0.074773 0
0.073778 0
0.074336 0
0.089264 0
0.077877 0
0.078188 0
0.086473 0
0.088472 0
0.039440 0
0.093563 0
0.076300 0
0.074459 0
0.074571 0
0.078365 0
0.027047 0
0.100258 0
0.082303 0
0.088194 0
0.074107 0
0.079692 0
0.077017 0
0.081700 0
0.092152 0
0.075692 0
0.091489 0
0.082771 0
