0.205060 0
0.087756 0
0.219020 0
0.297966 0
0.344164 0
0.120607 0
0.121495 0
0.302086 0
0.223909 0
0.144547 0
0.230006 0
0.046177 0
0.129831 0
0.082405 0
0.196151 0
0.465995 0
0.249589 0
0.122688 0
0.220251 0
0.228161 0
0.041075 0
0.363904 0
0.183749 0
0.092588 0
0.713405 0
0.387590 0
0.077146 0
0.018127 0
0.166444 0
0.132388 0
0.092729 0
0.115712 0
0.554746 0
0.103276 0
0.392441 0
0.468272 0
0.058074 0
0.254478 0
0.059182 0
0.207128 0
0.376422 0
0.556859 0
0.291807 0
0.264845 0
0.244274 0
0.107299 0
0.486716 0
0.030153 0
0.214828 0
0.433626 0
0.682858 0
0.143613 0
