0.144224 0
0.113552 0
0.276031 0
0.119033 0
0.162464 0
0.344292 0
0.355588 0
0.199202 0
0.245185 0
0.412468 0
0.164536 0
0.249550 0
0.186761 0
0.059096 0
0.225493 0
0.105818 0
0.438712 0
0.149248 0
0.184161 0
0.213246 0
0.153633 0
0.160821 0
0.306574 0
0.163592 0
0.324350 0
0.023129 0
0.138301 0
0.189729 0
0.109053 0
0.155817 0
0.038068 0
0.172460 0
0.239304 0
0.072152 0
0.146255 0
0.286131 0
0.446222 0
0.193978 0
0.138271 0
0.171600 0
0.508488 0
0.026175 0
0.527819 0
0.415793 0
0.168314 0
0.196374 0
0.043718 0
0.234954 0
0.220816 0
0.295962 0
0.234046 0
0.218459 0
0.000307 0
0.166043 0
