0.417102 0
0.383926 0
0.422101 0
0.064684 0
0.198164 0
0.282397 0
0.249522 0
0.072248 0
0.143975 0
0.324505 0
0.323388 0
0.190281 0
0.375532 0
0.642256 0
0.249277 0
0.592637 0
0.227084 0
0.531209 0
0.301201 0
0.087162 0
0.243700 0
0.170000 0
0.557970 0
0.365689 0
0.230215 0
0.297862 0
0.092180 0
0.150783 0
0.025413 0
2.071656 0
0.242190 0
0.304937 0
0.224253 0
0.432504 0
0.883550 0
0.274363 0
0.141120 0
0.404100 0
0.766524 0
0.391644 0
0.381337 0
0.014653 0
0.323725 0
0.072089 0
0.377030 0
0.420825 0
0.300899 0
0.526551 0
0.104482 0
0.044376 0
0.055015 0
0.042721 0
0.204872 0
0.492979 0
0.463399 0
