0.138746 0
0.122998 0
0.121561 0
0.103140 0
0.276031 0
0.207125 0
0.245232 0
0.242814 0
0.317622 0
0.288668 0
0.234704 0
0.273581 0
0.082551 0
0.120119 0
0.069136 0
0.225118 0
0.128209 0
0.146998 0
0.149715 0
0.087147 0
0.161890 0
0.445386 0
0.184520 0
0.126523 0
0.054882 0
0.143003 0
0.240118 0
0.060481 0
0.099918 0
0.168749 0
0.186797 0
0.120047 0
0.276766 0
0.098774 0
0.148593 0
0.240273 0
0.080703 0
0.286326 0
0.167977 0
0.459455 0
0.027316 0
0.052286 0
0.204905 0
0.370450 0
0.280796 0
0.127955 0
0.379878 0
0.345979 0
0.205789 0
0.196377 0
0.056486 0
