0.103665 0
0.216151 0
0.074033 0
0.204154 0
0.329477 0
0.239837 0
0.153049 0
0.153018 0
0.111713 0
0.206842 0
0.379880 0
0.104832 0
0.067400 0
0.112901 0
0.094795 0
0.151897 0
0.409619 0
0.028666 0
0.093611 0
0.090150 0
0.081064 0
0.175131 0
0.185498 0
0.109946 0
0.209858 0
0.111106 0
0.248362 0
0.296179 0
0.319120 0
0.083903 0
0.200036 0
0.134082 0
0.146398 0
0.018343 0
0.365219 0
0.491498 0
0.329427 0
0.268802 0
0.339741 0
0.083453 0
0.339825 0
0.191132 0
0.157222 0
0.093004 0
0.101953 0
0.072868 0
0.107347 0
0.135324 0
0.142039 0
0.083063 0
0.492100 0
0.407725 0
0.118618 0
0.082452 0
0.369068 0
0.194351 0
0.156753 0
0.592176 0
0.122087 0
0.380180 0
0.235639 0
0.463714 0
0.049611 0
0.071158 0
0.335866 0
0.083210 0
0.058239 0
0.095755 0
0.070318 0
0.119126 0
0.131125 0
0.106813 0
0.108092 0
0.336229 0
0.254909 0
0.040826 0
0.040799 0
0.042939 0
0.630846 0
0.138016 0
0.142414 0
0.098321 0
0.150350 0
0.095871 0
0.240107 0
0.073708 0
