0.143588 0
0.109268 0
0.119769 0
0.359336 0
0.142466 0
0.097277 0
0.151349 0
0.130202 0
0.118068 0
0.105141 0
0.112772 0
0.082936 0
0.068727 0
0.032632 0
0.274543 0
0.102317 0
0.027370 0
0.179154 0
0.098768 0
0.100868 0
0.134930 0
0.098639 0
0.145519 0
0.054405 0
0.101380 0
0.347792 0
0.096144 0
0.148935 0
0.011835 0
0.249420 0
0.122207 0
0.160332 0
0.173917 0
0.125135 0
0.152962 0
0.121801 0
0.100304 0
0.093121 0
0.010107 0
0.229692 0
0.163993 0
0.262670 0
0.036840 0
0.197466 0
0.209508 0
0.093739 0
0.058141 0
0.107188 0
0.163151 0
0.061679 0
0.111629 0
0.115033 0
0.259592 0
0.109878 0
0.191063 0
0.102274 0
0.106870 0
0.153707 0
0.138138 0
0.114926 0
0.145495 0
0.097080 0
0.123545 0
0.057023 0
0.103984 0
0.008427 0
0.115803 0
0.040723 0
0.106928 0
0.123556 0
0.164822 0
0.070345 0
0.107234 0
0.102928 0
0.033713 0
0.096742 0
0.289077 0
0.136866 0
0.121902 0
