0.866378 0
0.731564 0
0.060579 0
0.519832 0
0.299111 0
0.060689 0
0.087179 0
0.132963 0
0.238219 0
0.109345 0
0.107559 0
0.227316 0
0.238693 0
0.166686 0
0.134742 0
0.055273 0
0.242594 0
0.056682 0
0.022910 0
0.051159 0
0.256833 0
0.119120 0
0.207775 0
0.014051 0
0.067889 0
0.024060 0
0.126261 0
0.210576 0
0.163917 0
0.111311 0
0.054267 0
0.593355 0
0.147942 0
0.097574 0
0.293109 0
0.078076 0
0.320101 0
0.624770 0
0.219348 0
0.051690 0
0.189538 0
0.230136 0
0.360350 0
0.110933 0
0.521464 0
0.218242 0
0.361543 0
0.058442 0
0.458819 0
0.115724 0
0.654656 0
0.077980 0
0.080636 0
0.107472 0
0.275278 0
0.244516 0
0.231287 0
0.058298 0
0.209107 0
0.173153 0
0.314104 0
0.435841 0
0.097370 0
0.363207 0
0.082948 0
0.201431 0
0.095164 0
0.044248 0
0.068563 0
0.156622 0
0.037190 0
0.174296 0
0.244168 0
0.136030 0
0.102315 0
0.148220 0
0.191917 0
0.497707 0
0.375366 0
0.047928 0
0.030571 0
0.501328 0
0.023398 0
