0.292882 0
0.293729 0
0.229170 0
0.222292 0
0.482341 0
0.390152 0
0.216928 0
0.163083 0
0.161269 0
0.096221 0
0.386981 0
0.044569 0
1.247906 0
0.114807 0
0.041689 0
0.176883 0
0.074714 0
0.256252 0
0.171178 0
0.105153 0
0.211332 0
0.093390 0
0.195018 0
0.121322 0
0.517920 0
0.146754 0
0.290084 0
0.110225 0
0.255915 0
0.098339 0
0.144582 0
0.007687 0
0.104877 0
0.500211 0
0.208585 0
0.458931 0
0.582273 0
0.109006 0
0.099309 0
0.163093 0
0.639240 0
0.221548 0
0.813838 0
0.098155 0
0.232458 0
0.113156 0
0.268535 0
0.125491 0
0.056297 0
0.242592 0
0.182488 0
0.415982 0
0.150431 0
0.619895 0
0.384476 0
0.458352 0
0.024921 0
0.374862 0
0.191004 0
0.163422 0
0.018000 0
0.258926 0
0.114548 0
0.526468 0
0.545244 0
0.099537 0
0.030177 0
0.233205 0
0.105592 0
0.252688 0
0.272750 0
0.161672 0
0.281637 0
0.519097 0
0.578691 0
0.169672 0
