0.212825 0
0.215924 0
0.160983 0
0.341076 0
0.146269 0
0.139201 0
0.285057 0
0.225105 0
0.197944 0
0.076905 0
0.247859 0
0.112019 0
0.061921 0
0.031978 0
0.151184 0
0.108462 0
0.325455 0
0.085369 0
0.771446 0
0.192826 0
0.253064 0
0.155832 0
0.508282 0
0.159134 0
0.343190 0
0.329931 0
0.164312 0
0.218205 0
0.273272 0
1.034173 0
0.020349 0
0.129176 0
0.161757 0
0.124947 0
0.097688 0
0.056942 0
0.496806 0
0.126775 0
0.208521 0
0.033936 0
0.517580 0
0.190637 0
0.176558 0
0.224191 0
0.314805 0
0.247207 0
0.398991 0
0.280730 0
0.269516 0
0.267013 0
0.111997 0
0.246612 0
0.594264 0
0.396912 0
0.043664 0
