0.070472 0
0.082015 0
0.091346 0
0.093435 0
0.069653 0
0.070007 0
0.089152 0
0.070188 0
0.066368 0
0.073760 0
0.105388 0
0.111637 0
0.066952 0
0.078405 0
0.066322 0
0.070075 0
0.076878 0
0.083760 0
0.067271 0
0.072853 0
0.088736 0
0.070608 0
0.072127 0
0.102487 0
0.068285 0
0.104834 0
0.104345 0
0.071299 0
0.077848 0
0.072098 0
0.066736 0
0.069184 0
0.069917 0
0.095257 0
0.070671 0
0.065806 0
0.079083 0
0.071165 0
0.082476 0
0.068333 0
0.068682 0
0.073143 0
0.100397 0
0.073984 0
0.091431 0
0.149403 0
0.077258 0
0.040805 0
0.079882 0
0.079343 0
0.066987 0
0.112302 0
0.035092 0
0.073493 0
0.068409 0
0.049300 0
0.097893 0
0.076811 0
0.075713 0
0.037910 0
0.020216 0
0.066449 0
0.005246 0
0.062069 0
0.077795 0
0.072818 0
0.080597 0
0.042773 0
0.075993 0
0.014798 0
0.067903 0
0.104837 0
0.072942 0
0.094441 0
0.069828 0
0.082399 0
0.093969 0
0.063487 0
0.068559 0
0.002398 0
0.068739 0
