0.067952 0
0.313900 0
0.087697 0
0.129995 0
0.070246 0
0.250141 0
0.125932 0
0.131501 0
0.121178 0
0.183559 0
0.245565 0
0.429993 0
0.292623 0
0.059451 0
0.323662 0
0.227936 0
0.173113 0
0.026898 0
0.274968 0
0.368207 0
0.209404 0
0.176845 0
0.133639 0
0.292884 0
0.277892 0
0.090371 0
0.222831 0
0.049378 0
0.215814 0
0.101139 0
0.221645 0
0.139041 0
0.340663 0
0.478063 0
0.081523 0
0.008813 0
0.064629 0
0.243680 0
0.062813 0
0.083478 0
0.060712 0
0.132599 0
0.310929 0
0.295089 0
0.065537 0
0.079536 0
0.279847 0
0.055864 0
0.112406 0
0.384271 0
0.017897 0
0.393601 0
0.193583 0
0.197451 0
0.267190 0
0.152304 0
0.060385 0
0.020637 0
