0.509263 0
0.306192 0
0.185453 0
0.232934 0
0.125558 0
0.306532 0
0.271121 0
0.252622 0
0.125420 0
0.505446 0
0.128100 0
0.205043 0
0.379112 0
0.533512 0
0.118568 0
0.099693 0
0.116645 0
0.293372 0
0.485875 0
0.286082 0
0.252295 0
0.137854 0
0.161657 0
0.036562 0
0.369188 0
0.651134 0
0.233228 0
0.183317 0
0.321481 0
0.007901 0
0.616112 0
0.165823 0
0.504237 0
0.073169 0
0.178548 0
0.435853 0
0.049239 0
0.103102 0
0.990795 0
0.178318 0
0.265799 0
0.534423 0
0.423429 0
0.102620 0
0.178585 0
0.021059 0
0.638443 0
0.736740 0
0.151461 0
0.059435 0
0.231739 0
0.239817 0
0.099674 0
0.198013 0
0.280092 0
0.099617 0
0.074705 0
0.129708 0
0.293977 0
0.057538 0
0.235530 0
0.234951 0
0.104651 0
0.602275 0
0.201974 0
0.096353 0
0.515786 0
0.126018 0
0.085458 0
0.228687 0
0.010693 0
0.101174 0
0.262135 0
0.421813 0
