0.133232 0
0.203091 0
0.331684 0
0.272626 0
0.541849 0
0.332142 0
0.175602 0
0.488485 0
0.129456 0
0.379429 0
0.283186 0
0.173705 0
0.206341 0
0.093219 0
0.253947 0
0.335920 0
0.175022 0
0.289480 0
0.212650 0
0.156260 0
0.251447 0
0.287159 0
0.230688 0
0.020119 0
0.137837 0
0.481968 0
0.284344 0
0.208110 0
0.281332 0
0.455512 0
0.155329 0
0.258148 0
0.070527 0
0.150745 0
0.074975 0
0.176479 0
0.026109 0
0.124678 0
0.621146 0
0.177171 0
0.196342 0
0.249083 0
0.343197 0
0.193512 0
0.420355 0
0.729995 0
0.132487 0
0.009414 0
1.446566 0
0.010292 0
0.135660 0
0.439670 0
0.062279 0
0.464811 0
0.106977 0
0.317569 0
0.683644 0
