0.543847 0
0.168194 0
0.228055 0
0.608789 0
0.639555 0
0.048367 0
0.173895 0
0.883115 0
0.084508 0
0.227241 0
0.024573 0
0.039836 0
0.120455 0
0.129212 0
0.010036 0
0.123455 0
0.047371 0
0.214389 0
0.222862 0
0.065218 0
0.082670 0
0.653424 0
0.605491 0
0.257307 0
0.086919 0
0.031920 0
0.044372 0
0.494327 0
0.048854 0
0.302306 0
0.142421 0
0.348456 0
0.129508 0
0.211623 0
1.048960 0
0.094146 0
0.065218 0
0.011325 0
0.570358 0
0.363083 0
0.490306 0
0.386272 0
0.301768 0
0.161153 0
0.237789 0
0.224445 0
0.286537 0
0.024513 0
0.277236 0
0.125841 0
0.420739 0
0.028049 0
0.168159 0
0.034214 0
0.149882 0
0.200786 0
0.827819 0
