0.286960 0
0.556860 0
0.126604 0
0.102419 0
0.254490 0
0.429524 0
0.203650 0
0.216678 0
0.145564 0
0.162933 0
0.082575 0
0.160201 0
0.299211 0
0.109306 0
0.221544 0
0.047412 0
0.131920 0
0.400886 0
0.214672 0
0.280476 0
0.106050 0
0.176912 0
0.198517 0
0.287035 0
0.504162 0
0.248763 0
0.051891 0
0.754733 0
0.119950 0
0.019564 0
0.181923 0
0.174340 0
0.047769 0
0.249682 0
0.132299 0
0.281037 0
0.182917 0
0.265889 0
0.361335 0
0.099724 0
0.134887 0
0.230199 0
0.162477 0
0.145977 0
0.328726 0
0.039049 0
0.280752 0
0.580504 0
0.043876 0
0.283633 0
0.052496 0
0.495294 0
0.406815 0
0.145481 0
0.033856 0
0.342895 0
0.475889 0
0.121089 0
0.217136 0
0.271774 0
