0.199188 0
0.104698 0
0.053991 0
0.092072 0
0.206930 0
0.037087 0
0.091882 0
0.463736 0
0.136300 0
0.063796 0
0.605726 0
0.144998 0
0.474684 0
0.471871 0
0.156358 0
0.169414 0
0.191143 0
0.120011 0
0.063514 0
0.062095 0
0.033210 0
0.030825 0
0.445884 0
0.094830 0
0.052946 0
0.072765 0
0.150002 0
0.102496 0
0.140868 0
0.140151 0
0.456290 0
0.053441 0
0.008096 0
0.202989 0
0.057577 0
0.196969 0
0.049540 0
0.021132 0
0.053239 0
0.100079 0
0.303637 0
0.187708 0
0.018072 0
0.110308 0
0.287289 0
0.103859 0
0.255016 0
0.196715 0
0.222715 0
0.267355 0
0.119460 0
0.034292 0
0.117391 0
0.254002 0
0.056203 0
0.035574 0
0.196429 0
0.078682 0
0.103252 0
0.065779 0
0.118191 0
0.216497 0
0.137312 0
