0.254482 0
0.151073 0
0.469997 0
0.108464 0
0.219309 0
0.169803 0
0.500169 0
0.149570 0
0.069740 0
0.037735 0
0.100303 0
0.087850 0
0.229109 0
0.165598 0
0.302327 0
0.045218 0
0.061504 0
0.147599 0
0.110521 0
0.548653 0
0.135098 0
0.079691 0
0.022179 0
0.338451 0
0.112457 0
0.174419 0
0.190969 0
0.073549 0
0.130408 0
0.324428 0
0.154597 0
0.290906 0
0.030369 0
0.323051 0
0.129148 0
0.064402 0
0.021062 0
0.020682 0
0.001904 0
0.060180 0
0.341038 0
0.124802 0
0.111189 0
0.089182 0
0.292968 0
0.302577 0
0.025173 0
0.207495 0
