0.303438 0
0.160304 0
0.160903 0
0.085236 0
0.124047 0
0.104664 0
0.035397 0
0.051773 0
0.844131 0
0.072875 0
0.406000 0
0.629849 0
0.220397 0
0.023141 0
0.091298 0
0.102276 0
0.099945 0
0.221046 0
0.286042 0
0.351200 0
0.954906 0
0.255025 0
0.120080 0
0.177342 0
0.189262 0
0.058779 0
0.279537 0
0.313935 0
0.137291 0
0.107424 0
0.112333 0
0.164916 0
0.217076 0
0.123129 0
0.087719 0
0.524303 0
0.125662 0
0.272216 0
0.012484 0
0.077660 0
0.213217 0
0.048574 0
0.332070 0
0.421684 0
1.205955 0
0.396374 0
0.152408 0
0.012656 0
