0.931955 0
0.316253 0
0.238698 0
0.130479 0
0.277303 0
0.240669 0
0.498451 0
0.200753 0
0.162422 0
0.533131 0
0.038224 0
0.307136 0
0.075908 0
0.927739 0
0.155253 0
0.129461 0
1.098563 0
0.696856 0
0.892062 0
0.351701 0
0.113250 0
0.525167 0
0.260407 0
0.787005 0
0.224630 0
0.176225 0
0.242464 0
0.260798 0
0.141146 0
0.544578 0
0.051330 0
0.418333 0
0.159766 0
0.549799 0
0.515298 0
0.337767 0
0.365790 0
0.271504 0
0.102895 0
0.150624 0
0.309705 0
0.159173 0
0.732292 0
0.392675 0
0.430033 0
0.154445 0
0.149095 0
0.099114 0
0.779090 0
0.592498 0
0.113024 0
0.401473 0
0.626689 0
0.227842 0
0.853828 0
0.029739 0
