0.064545 0
0.070306 0
0.050704 0
0.063211 0
0.059256 0
0.126796 0
0.066179 0
0.059174 0
0.196730 0
0.076706 0
0.123869 0
0.120254 0
0.120042 0
0.124488 0
0.067036 0
0.135760 0
0.155427 0
0.082604 0
0.083791 0
0.200216 0
0.108152 0
0.103499 0
0.051465 0
0.152273 0
0.025136 0
0.224591 0
0.079907 0
0.087440 0
0.085744 0
0.170211 0
0.017521 0
0.051443 0
0.064146 0
0.065312 0
0.093931 0
0.108006 0
0.072381 0
0.200162 0
0.298491 0
0.141219 0
0.034139 0
0.082528 0
0.108635 0
0.128735 0
0.116722 0
0.057238 0
0.058884 0
0.148053 0
0.105128 0
0.059087 0
0.324126 0
0.075251 0
0.048784 0
0.085528 0
0.054951 0
0.289550 0
0.053561 0
