0.325484 0
0.074194 0
0.392697 0
0.243569 0
0.091005 0
0.639451 0
0.292335 0
0.522142 0
0.040316 0
0.307460 0
0.059280 0
0.302207 0
0.089066 0
0.164776 0
0.313605 0
0.083701 0
0.062334 0
0.146523 0
0.184735 0
0.047895 0
0.277764 0
0.143869 0
0.120380 0
0.221591 0
0.156209 0
0.093178 0
0.037669 0
0.333964 0
0.177431 0
0.615647 0
0.331509 0
0.067149 0
0.071209 0
0.222643 0
0.082832 0
0.236490 0
0.082597 0
0.266388 0
0.173344 0
0.080414 0
0.135581 0
0.231951 0
0.256918 0
0.163993 0
0.178986 0
0.223017 0
0.431902 0
0.494899 0
0.663484 0
0.303210 0
0.237364 0
0.260085 0
0.195823 0
0.003749 0
0.011194 0
0.054588 0
0.110569 0
0.020531 0
0.211995 0
0.237581 0
0.285518 0
0.563989 0
0.226321 0
0.153423 0
0.193333 0
0.270502 0
0.014046 0
0.101789 0
0.409433 0
0.222003 0
0.133712 0
0.479156 0
