0.183471 0
0.064058 0
0.032581 0
0.040465 0
0.089537 0
0.068355 0
0.058413 0
0.025691 0
0.045028 0
0.188563 0
0.261687 0
0.072943 0
0.039859 0
0.291080 0
0.067982 0
0.099513 0
0.098253 0
0.137725 0
0.009481 0
0.044480 0
0.149687 0
0.082209 0
0.062890 0
0.054621 0
0.090174 0
0.130199 0
0.121156 0
0.074271 0
0.060703 0
0.045494 0
0.050094 0
0.049026 0
0.102912 0
0.030926 0
0.028882 0
0.041934 0
0.066118 0
0.067534 0
0.068986 0
0.024509 0
0.094716 0
0.315846 0
0.119344 0
0.041267 0
0.005081 0
0.014374 0
0.141654 0
0.046709 0
0.029458 0
0.040886 0
0.128603 0
0.118035 0
0.231109 0
0.033629 0
0.085291 0
0.061419 0
0.020594 0
0.006657 0
0.073750 0
0.052682 0
0.137449 0
