0.081956 0
0.074310 0
0.089708 0
0.085169 0
0.071777 0
0.077272 0
0.078590 0
0.073503 0
0.083929 0
0.086491 0
0.086248 0
0.073423 0
0.085539 0
0.081174 0
0.065594 0
0.078911 0
0.083814 0
0.074663 0
0.078287 0
0.091076 0
0.079521 0
0.075552 0
0.079731 0
0.024803 0
0.083126 0
0.080364 0
0.093041 0
0.077592 0
0.072648 0
0.071750 0
0.077980 0
0.087050 0
0.079303 0
0.056623 0
0.080759 0
0.093162 0
0.072280 0
0.093450 0
0.078098 0
0.076649 0
0.073319 0
0.078900 0
0.072562 0
0.077551 0
0.027725 0
0.075697 0
0.075157 0
0.075846 0
0.079311 0
0.073227 0
0.073316 0
0.008579 0
0.075054 0
0.028869 0
0.072621 0
0.081780 0
0.094497 0
0.085056 0
0.078517 0
0.071893 0
