0.098848 0
0.079226 0
0.124000 0
0.136188 0
0.104078 0
0.102745 0
0.113898 0
0.090428 0
0.055843 0
0.081889 0
0.080000 0
0.031912 0
0.100684 0
0.151887 0
0.192382 0
0.089623 0
0.033108 0
0.082119 0
0.095331 0
0.096347 0
0.089887 0
0.096192 0
0.118685 0
0.069132 0
0.091545 0
0.085302 0
0.082427 0
0.085135 0
0.098460 0
0.112645 0
0.153100 0
0.030305 0
0.132845 0
0.108077 0
0.083600 0
0.056837 0
0.114865 0
0.145551 0
0.079440 0
0.081944 0
0.178230 0
0.098122 0
0.025094 0
0.254509 0
0.123713 0
0.218133 0
0.067894 0
0.099713 0
0.021376 0
0.097090 0
0.087686 0
0.102381 0
0.118219 0
0.116863 0
0.095440 0
0.084352 0
0.102234 0
0.144363 0
0.147474 0
0.108620 0
0.084691 0
0.133646 0
0.085064 0
0.085079 0
0.091934 0
0.073807 0
0.058408 0
0.194183 0
0.138655 0
