0.130588 0
0.073935 0
0.127459 0
0.078348 0
0.078131 0
0.091385 0
0.075455 0
0.116257 0
0.091717 0
0.080809 0
0.083807 0
0.080974 0
0.102933 0
0.121737 0
0.111733 0
0.066305 0
0.081623 0
0.052036 0
0.091531 0
0.078441 0
0.075215 0
0.085872 0
0.086856 0
0.071119 0
0.081623 0
0.074752 0
0.087175 0
0.072625 0
0.073013 0
0.116252 0
0.070388 0
0.073535 0
0.140596 0
0.084773 0
0.073425 0
0.071895 0
0.090900 0
0.073464 0
0.083381 0
0.078406 0
0.081206 0
0.087041 0
0.071666 0
0.077178 0
0.033655 0
0.073761 0
0.012081 0
0.081981 0
0.073270 0
0.088162 0
0.104458 0
0.104632 0
0.089190 0
0.117909 0
0.018063 0
0.031584 0
0.006873 0
0.091664 0
0.070761 0
0.088824 0
