0.028946 0
0.030997 0
0.041518 0
0.115366 0
0.071394 0
0.019104 0
0.052572 0
0.027121 0
0.062632 0
0.021682 0
0.046711 0
0.028526 0
0.039909 0
0.078868 0
0.123585 0
0.053905 0
0.070519 0
0.045169 0
0.053829 0
0.078071 0
0.048163 0
0.077437 0
0.023046 0
0.063074 0
0.021921 0
0.079463 0
0.051466 0
0.053270 0
0.084849 0
0.030095 0
0.034290 0
0.063971 0
0.026602 0
0.071894 0
0.018514 0
0.020344 0
0.051781 0
0.052602 0
0.037538 0
0.106802 0
0.020942 0
0.041830 0
0.025735 0
0.036529 0
0.035038 0
0.051140 0
0.040630 0
0.048933 0
0.126030 0
0.069724 0
0.030082 0
0.060701 0
0.025549 0
0.019566 0
0.101030 0
