0.059690 0
0.116123 0
0.070189 0
0.074523 0
0.051199 0
0.051401 0
0.056768 0
0.054248 0
0.070389 0
0.096718 0
0.136716 0
0.061708 0
0.062153 0
0.140138 0
0.061067 0
0.079627 0
0.049420 0
0.015155 0
0.045170 0
0.046618 0
0.041220 0
0.076898 0
0.053627 0
0.056575 0
0.087265 0
0.099741 0
0.037152 0
0.040483 0
0.090920 0
0.045516 0
0.094886 0
0.064035 0
0.111372 0
0.059106 0
0.093138 0
0.091210 0
0.045351 0
0.043616 0
0.048444 0
0.075474 0
0.135340 0
0.104947 0
0.090620 0
0.052789 0
0.086718 0
0.049615 0
0.087877 0
0.041075 0
0.077281 0
0.010341 0
0.012971 0
0.055938 0
0.087655 0
0.046082 0
0.072401 0
0.042370 0
0.040076 0
0.060359 0
0.059472 0
0.052942 0
0.076276 0
0.090201 0
0.141737 0
0.068482 0
0.037914 0
0.049866 0
0.071957 0
0.065989 0
0.114078 0
0.128355 0
0.186395 0
0.043771 0
0.064280 0
