0.113267 0
0.249274 0
0.119468 0
0.372541 0
0.162925 0
0.091969 0
0.078221 0
0.664095 0
0.083727 0
0.089438 0
0.165288 0
0.176372 0
0.084959 0
0.138883 0
0.239407 0
0.155256 0
0.736394 0
0.169418 0
0.068148 0
0.151077 0
0.187441 0
0.337778 0
0.228781 0
0.141151 0
0.038506 0
0.171269 0
0.063138 0
0.650514 0
0.037587 0
0.030965 0
0.024990 0
0.222262 0
0.023775 0
0.416154 0
0.288930 0
0.414091 0
0.270966 0
0.117576 0
0.620380 0
0.381634 0
0.068384 0
0.498373 0
0.802029 0
0.185884 0
0.685119 0
0.266273 0
0.003743 0
0.030134 0
0.297798 0
0.066120 0
0.112472 0
0.288418 0
0.122410 0
0.175493 0
0.881771 0
0.364017 0
0.252594 0
0.040484 0
0.329973 0
0.008241 0
0.024217 0
0.034198 0
0.075274 0
0.305198 0
0.337802 0
1.026847 0
0.076747 0
0.466804 0
0.540567 0
0.168495 0
0.131571 0
0.669397 0
0.045130 0
