0.088299 0
0.145917 0
0.287620 0
0.056447 0
0.094822 0
0.133522 0
0.077031 0
0.211947 0
0.108679 0
0.135911 0
0.377789 0
0.118099 0
0.168056 0
0.070322 0
0.047254 0
0.187655 0
0.123149 0
0.033563 0
0.064362 0
0.047781 0
0.086505 0
0.075625 0
0.044890 0
0.228158 0
0.090918 0
0.046813 0
0.222635 0
0.072383 0
0.059314 0
0.072369 0
0.046917 0
0.155562 0
0.062868 0
0.178435 0
0.102459 0
0.057234 0
0.070748 0
0.182521 0
0.105124 0
0.087030 0
0.106943 0
0.096694 0
0.459193 0
0.126436 0
0.099083 0
0.191100 0
0.136174 0
0.057271 0
0.061228 0
0.093603 0
0.056102 0
0.256985 0
0.258377 0
0.120741 0
0.122795 0
0.081930 0
0.281855 0
0.232152 0
0.012611 0
0.073297 0
0.093805 0
0.131596 0
0.046451 0
0.223562 0
0.079621 0
0.089410 0
0.046360 0
0.063130 0
0.092565 0
