0.064088 0
0.092397 0
0.077678 0
0.058310 0
0.071733 0
0.145244 0
0.074008 0
0.088956 0
0.036571 0
0.091023 0
0.144184 0
0.168389 0
0.070019 0
0.084318 0
0.076374 0
0.136779 0
0.066313 0
0.030515 0
0.065736 0
0.089726 0
0.119875 0
0.100129 0
0.066843 0
0.075289 0
0.024843 0
0.118525 0
0.066891 0
0.086017 0
0.064416 0
0.081041 0
0.134116 0
0.166446 0
0.095694 0
0.064155 0
0.135903 0
0.121726 0
0.114868 0
0.032588 0
0.078531 0
0.075551 0
0.075071 0
0.091684 0
0.075349 0
0.038952 0
0.021820 0
0.062624 0
0.089027 0
0.097543 0
0.003026 0
0.068472 0
0.102329 0
0.063202 0
0.145557 0
0.064572 0
0.079343 0
0.131327 0
0.071227 0
0.063879 0
0.062013 0
0.124761 0
0.102861 0
0.106275 0
0.091361 0
0.079308 0
0.176327 0
0.036486 0
0.002754 0
0.085052 0
0.065012 0
0.099238 0
0.095499 0
0.138444 0
0.090531 0
0.103114 0
0.065727 0
0.061500 0
0.098602 0
0.076902 0
0.063129 0
0.105097 0
0.067454 0
0.116772 0
0.076860 0
