0.644529 0
0.421186 0
0.281916 0
0.129565 0
0.283609 0
0.116539 0
0.121040 0
1.224241 0
0.169708 0
0.072083 0
0.071049 0
0.938423 0
0.137061 0
0.369723 0
0.171116 0
0.291264 0
0.238279 0
0.064383 0
0.012660 0
0.238914 0
0.118114 0
0.260496 0
0.031974 0
0.275160 0
0.203718 0
0.572181 0
0.744415 0
0.254091 0
0.163283 0
0.087356 0
0.252977 0
0.735514 0
0.254230 0
0.362264 0
0.038440 0
0.241526 0
0.360137 0
0.053792 0
0.153725 0
0.080595 0
0.089834 0
0.209526 0
0.103161 0
0.129600 0
0.095063 0
0.249632 0
0.656593 0
0.179050 0
0.352456 0
0.582636 0
0.505918 0
0.198830 0
0.122252 0
0.309527 0
0.155859 0
0.307038 0
0.084894 0
0.030580 0
0.062404 0
