0.165543 0
0.350625 0
0.085935 0
0.114398 0
0.404103 0
0.086351 0
0.949396 0
0.110113 0
0.175320 0
0.134314 0
0.028779 0
0.494724 0
0.215724 0
0.224755 0
0.114481 0
0.505318 0
0.128807 0
0.101501 0
0.132862 0
0.144249 0
0.188984 0
0.292917 0
0.084605 0
0.116519 0
0.133006 0
0.310883 0
0.096231 0
0.085824 0
0.093288 0
0.109733 0
0.107249 0
0.045208 0
0.239259 0
0.109968 0
0.182536 0
0.108411 0
0.455235 0
0.149842 0
0.112973 0
0.024238 0
0.014993 0
0.164033 0
0.047335 0
0.111222 0
0.092977 0
0.129483 0
0.158072 0
0.195753 0
0.125333 0
0.153874 0
0.169870 0
0.112665 0
0.205734 0
0.418838 0
0.024961 0
0.021182 0
0.126818 0
0.089964 0
0.630350 0
0.078064 0
0.319381 0
0.203741 0
0.391426 0
0.144314 0
0.270195 0
0.152300 0
0.124381 0
0.005240 0
0.105153 0
0.123704 0
0.420468 0
0.122821 0
0.049825 0
0.138584 0
0.293456 0
