0.413594 0
0.117779 0
0.140770 0
0.234659 0
0.174869 0
0.468234 0
0.087934 0
0.358030 0
0.368115 0
0.066034 0
0.188389 0
0.267947 0
0.234591 0
0.107943 0
0.137065 0
0.235734 0
0.238590 0
0.059992 0
0.135698 0
0.108701 0
0.199000 0
0.597862 0
0.167435 0
0.026152 0
0.300245 0
0.152810 0
0.140120 0
0.123009 0
0.207175 0
0.060084 0
0.136712 0
0.216168 0
0.258335 0
0.147643 0
0.169630 0
0.105941 0
0.323909 0
0.104859 0
0.051574 0
0.243669 0
0.060234 0
0.123042 0
0.745189 0
0.374383 0
0.223224 0
0.296338 0
0.013157 0
0.095836 0
0.222191 0
0.309516 0
0.291492 0
0.043445 0
0.171343 0
0.270230 0
0.093868 0
0.167848 0
0.029011 0
0.127252 0
0.100167 0
0.291579 0
0.666343 0
0.119213 0
0.307292 0
0.124322 0
0.471759 0
0.222603 0
0.056197 0
0.987691 0
0.459848 0
0.356855 0
0.438398 0
0.198106 0
0.087514 0
0.170568 0
0.017972 0
0.365611 0
