0.095852 0
0.048065 0
0.062594 0
0.104767 0
0.095725 0
0.053635 0
0.034464 0
0.090814 0
0.032905 0
0.065811 0
0.169908 0
0.028065 0
0.119746 0
0.083853 0
0.066925 0
0.097224 0
0.116417 0
0.038941 0
0.044527 0
0.064962 0
0.105497 0
0.057338 0
0.047183 0
0.117763 0
0.028779 0
0.034802 0
0.011905 0
0.013056 0
0.027307 0
0.027245 0
0.034448 0
0.049412 0
0.028770 0
0.111548 0
0.045214 0
0.148680 0
0.033091 0
0.043274 0
0.025396 0
0.098022 0
0.157294 0
0.075123 0
0.060726 0
0.035992 0
0.077556 0
0.036794 0
0.112305 0
0.095607 0
0.029867 0
0.051853 0
0.078310 0
0.085129 0
0.080452 0
0.099390 0
0.026033 0
0.030018 0
0.045940 0
0.124659 0
0.076191 0
0.070354 0
0.272287 0
0.027254 0
0.057902 0
0.042349 0
0.124332 0
0.034997 0
0.102468 0
0.043131 0
0.026489 0
0.109137 0
0.054314 0
0.052363 0
0.067590 0
0.007756 0
0.071615 0
