0.331678 0
0.119626 0
0.150717 0
0.148648 0
0.152099 0
0.191959 0
0.098716 0
0.209257 0
0.219555 0
0.046822 0
0.138320 0
0.265710 0
0.167941 0
0.147911 0
0.037921 0
0.331557 0
0.099575 0
0.231720 0
0.189319 0
0.180473 0
0.091265 0
0.401349 0
0.416647 0
0.322971 0
0.102665 0
0.100770 0
0.023656 0
0.273113 0
0.489976 0
0.376579 0
0.202992 0
0.192954 0
0.188011 0
0.213504 0
0.162219 0
0.260146 0
0.387346 0
0.055997 0
0.051891 0
0.044851 0
0.104696 0
0.198873 0
0.096299 0
0.016739 0
0.308723 0
0.249005 0
0.100234 0
0.070206 0
0.354997 0
0.460067 0
0.020568 0
0.251301 0
0.193412 0
0.318725 0
0.260463 0
0.177129 0
0.122082 0
0.819428 0
0.111383 0
0.527716 0
0.101847 0
0.285640 0
0.291651 0
0.099826 0
0.401897 0
0.129341 0
0.140301 0
0.093832 0
0.224173 0
