0.055278 0
0.049649 0
0.098085 0
0.113538 0
0.204888 0
0.085380 0
0.188276 0
0.080106 0
0.141396 0
0.051823 0
0.751306 0
0.141665 0
0.193795 0
0.132347 0
0.056496 0
0.071094 0
0.050612 0
0.103691 0
0.099761 0
0.046226 0
0.120156 0
0.047302 0
0.042899 0
0.036781 0
0.408619 0
0.046922 0
0.065928 0
0.483455 0
0.053776 0
0.040284 0
0.271272 0
0.133260 0
0.090084 0
0.120105 0
0.116358 0
0.075380 0
0.062515 0
0.052983 0
0.055357 0
0.050758 0
0.146192 0
0.229611 0
0.115722 0
0.202624 0
0.338897 0
0.151281 0
0.124831 0
0.146740 0
0.154543 0
0.144101 0
0.078552 0
0.055930 0
0.114869 0
0.258278 0
0.177398 0
0.244268 0
0.122158 0
0.140353 0
0.208349 0
0.036774 0
0.099304 0
0.055184 0
0.058252 0
0.059487 0
0.126615 0
0.206749 0
0.109076 0
0.103007 0
