0.262586 0
0.159471 0
0.224720 0
0.249363 0
0.264566 0
1.124871 0
0.291507 0
0.633637 0
0.136315 0
0.024874 0
0.405559 0
0.667089 0
0.194219 0
0.096363 0
0.249865 0
0.370040 0
0.332042 0
0.196908 0
0.038146 0
0.208611 0
0.226326 0
0.206653 0
0.239758 0
0.165197 0
0.470530 0
0.014172 0
0.598301 0
0.071502 0
0.297875 0
0.041024 0
0.839568 0
0.465610 0
0.037720 0
0.384540 0
0.207415 0
0.183340 0
0.393953 0
0.625577 0
0.146759 0
0.027001 0
0.419484 0
0.346018 0
0.139533 0
0.374299 0
0.482885 0
0.192687 0
0.412800 0
0.321304 0
0.086652 0
0.099750 0
0.223623 0
0.774838 0
