0.056236 0
0.037996 0
0.089841 0
0.037175 0
0.258973 0
0.302130 0
0.148126 0
0.087911 0
0.021835 0
0.269720 0
0.087689 0
0.113063 0
0.232699 0
0.028138 0
0.058654 0
0.405408 0
0.083028 0
0.138395 0
0.072661 0
0.221559 0
0.022336 0
0.155144 0
0.111372 0
0.117082 0
0.104188 0
0.035732 0
0.019739 0
0.143608 0
0.192702 0
0.418719 0
0.083746 0
0.077997 0
0.150252 0
0.088629 0
0.104198 0
0.172451 0
0.046511 0
0.065890 0
0.153663 0
0.046712 0
0.105042 0
0.136720 0
0.023594 0
0.003429 0
0.028740 0
0.080782 0
0.133540 0
0.126911 0
0.051643 0
0.027463 0
0.015390 0
0.080551 0
0.015088 0
0.018046 0
0.046609 0
0.015171 0
0.032351 0
0.030529 0
0.020622 0
0.030773 0
0.030740 0
0.069361 0
0.027215 0
0.042156 0
