0.100101 0
0.093413 0
0.069311 0
0.084013 0
0.185616 0
0.073044 0
0.091913 0
0.070626 0
0.069839 0
0.072701 0
0.067115 0
0.066327 0
0.087130 0
0.100354 0
0.075830 0
0.079418 0
0.088225 0
0.063883 0
0.080268 0
0.067218 0
0.075382 0
0.083138 0
0.067425 0
0.079247 0
0.072143 0
0.082296 0
0.066937 0
0.083778 0
0.065528 0
0.056179 0
0.082987 0
0.146320 0
0.009074 0
0.066689 0
0.041396 0
0.074617 0
0.071263 0
0.077710 0
0.074726 0
0.065556 0
0.096190 0
0.075824 0
0.071338 0
0.074988 0
0.139827 0
0.038419 0
0.071283 0
0.066928 0
0.153372 0
0.106847 0
0.066514 0
0.076542 0
0.082213 0
0.142575 0
0.075605 0
0.078131 0
0.100457 0
0.066894 0
0.083259 0
0.077713 0
0.122093 0
0.077857 0
