0.097958 0
0.088018 0
0.106790 0
0.116288 0
0.086367 0
0.124418 0
0.083384 0
0.087853 0
0.180984 0
0.113305 0
0.097141 0
0.065314 0
0.096207 0
0.112910 0
0.158979 0
0.148552 0
0.083906 0
0.084607 0
0.125523 0
0.091945 0
0.086855 0
0.101885 0
0.090635 0
0.097689 0
0.085062 0
0.084385 0
0.090320 0
0.121973 0
0.135786 0
0.034140 0
0.115891 0
0.086478 0
0.083213 0
0.053976 0
0.135090 0
0.118327 0
0.091433 0
0.085297 0
0.082946 0
0.084582 0
0.097039 0
0.140816 0
0.094019 0
0.068082 0
0.083616 0
0.154721 0
0.123054 0
0.088762 0
0.086310 0
0.098895 0
0.140762 0
0.084481 0
0.124286 0
0.113539 0
0.083959 0
0.087148 0
0.086416 0
0.183992 0
0.039584 0
0.085742 0
0.138240 0
0.078091 0
0.144706 0
0.062305 0
0.126429 0
0.093322 0
0.091884 0
0.084360 0
0.098221 0
0.098282 0
0.095562 0
0.082827 0
0.001675 0
0.086163 0
