0.361827 0
0.207309 0
0.425348 0
0.693521 0
0.310498 0
0.259729 0
0.114180 0
0.142917 0
0.069251 0
0.374731 0
0.329378 0
0.178078 0
0.432537 0
0.285864 0
0.259291 0
0.146295 0
0.240622 0
0.171986 0
0.111588 0
0.215814 0
0.041818 0
0.227332 0
0.212865 0
0.308786 0
0.016421 0
0.655048 0
0.040725 0
0.129605 0
0.139863 0
0.078560 0
0.280804 0
0.213219 0
0.032718 0
0.218295 0
0.114559 0
0.303440 0
0.027257 0
0.092362 0
0.161547 0
0.171397 0
0.296992 0
0.540487 0
0.674514 0
0.210625 0
0.124830 0
0.569691 0
0.062573 0
0.132528 0
0.581576 0
0.638362 0
