0.144319 0
0.062745 0
0.109210 0
0.092714 0
0.080655 0
0.100047 0
0.085686 0
0.050558 0
0.097262 0
0.081035 0
0.096355 0
0.093129 0
0.101362 0
0.091459 0
0.084134 0
0.082137 0
0.101421 0
0.106243 0
0.122393 0
0.085713 0
0.081685 0
0.052883 0
0.088435 0
0.084672 0
0.109732 0
0.081873 0
0.084553 0
0.136801 0
0.094864 0
0.082709 0
0.144710 0
0.088741 0
0.082618 0
0.085223 0
0.092729 0
0.101192 0
0.083951 0
0.087291 0
0.109583 0
0.080452 0
0.080678 0
0.088317 0
0.124054 0
0.013121 0
0.088286 0
0.085206 0
0.085141 0
0.134030 0
0.083063 0
0.062491 0
0.085138 0
0.087773 0
0.117554 0
0.101334 0
0.098624 0
0.091265 0
0.102513 0
0.086304 0
0.139361 0
0.080550 0
0.089737 0
0.101792 0
0.107225 0
0.093798 0
0.009021 0
0.149099 0
0.088867 0
0.219331 0
0.021875 0
0.088716 0
0.088471 0
0.114283 0
0.095756 0
0.104632 0
0.090318 0
0.083885 0
0.085152 0
0.066300 0
0.129431 0
0.087646 0
0.038911 0
0.096287 0
0.120174 0
0.113611 0
