0.361101 0
0.081689 0
0.231270 0
0.047950 0
0.083077 0
0.044581 0
0.568360 0
0.149272 0
0.321929 0
0.107702 0
0.165055 0
0.418275 0
0.239725 0
0.053668 0
0.500334 0
0.316110 0
0.092584 0
0.121923 0
0.397533 0
0.067494 0
0.049257 0
0.121118 0
0.129449 0
0.491680 0
0.253371 0
0.069494 0
0.031278 0
0.437378 0
0.130904 0
0.321295 0
0.126761 0
0.180840 0
0.125614 0
0.114241 0
0.073802 0
0.318843 0
0.101378 0
0.089566 0
0.279209 0
0.100228 0
0.128794 0
0.109802 0
0.110873 0
1.122949 0
0.180753 0
0.066136 0
0.652488 0
0.476192 0
0.152140 0
0.166151 0
0.012157 0
0.230455 0
0.197940 0
0.104020 0
0.477917 0
0.062714 0
0.378806 0
0.143671 0
0.094764 0
