0.077238 0
0.094026 0
0.080746 0
0.078688 0
0.263199 0
0.287688 0
0.072516 0
0.118834 0
0.266888 0
0.032019 0
0.131004 0
0.097307 0
0.086472 0
0.132374 0
0.159266 0
0.075397 0
0.101017 0
0.075668 0
0.077930 0
0.087149 0
0.051405 0
0.151081 0
0.107354 0
0.066123 0
0.130085 0
0.142567 0
0.145135 0
0.092179 0
0.141218 0
0.095685 0
0.132602 0
0.255294 0
0.138913 0
0.070570 0
0.076103 0
0.168920 0
0.328650 0
0.113434 0
0.214168 0
0.041380 0
0.272370 0
0.104345 0
0.082866 0
0.128782 0
0.412229 0
0.066217 0
0.106837 0
0.148860 0
0.101649 0
0.015069 0
0.146055 0
0.111896 0
0.158353 0
0.096607 0
0.083454 0
0.073482 0
0.137550 0
0.131894 0
0.110782 0
0.107154 0
0.074162 0
0.083688 0
0.084855 0
0.079523 0
0.118909 0
0.100136 0
0.051276 0
0.081131 0
0.124901 0
0.176226 0
0.292773 0
0.073588 0
0.176662 0
0.095654 0
0.032852 0
0.074418 0
0.254386 0
0.025670 0
0.075661 0
