0.140228 0
0.137983 0
1.147141 0
0.502784 0
0.166525 0
0.136880 0
1.136170 0
0.446107 0
0.143888 0
0.198811 0
1.145685 0
0.412375 0
0.146389 0
0.227351 0
0.298076 0
0.033837 0
0.382505 0
0.228078 0
0.019807 0
0.022340 0
0.256949 0
0.164850 0
0.680746 0
0.476380 0
0.239180 0
0.862054 0
0.103647 0
0.423397 0
0.291044 0
0.317835 0
0.271786 0
0.005730 0
0.171807 0
0.128488 0
0.016237 0
0.676560 0
0.140753 0
0.147694 0
0.889913 0
0.145893 0
0.368470 0
0.151448 0
0.019472 0
0.129804 0
0.481702 0
0.015047 0
0.511708 0
0.136549 0
