0.392013 0
0.202821 0
0.079142 0
0.325830 0
0.365411 0
0.146929 0
0.206408 0
0.127179 0
0.269037 0
0.079439 0
0.659695 0
0.091375 0
0.322632 0
0.350561 0
0.309323 0
0.248101 0
0.230316 0
0.345074 0
0.045739 0
0.097233 0
0.061426 0
0.152271 0
0.341263 0
0.037982 0
0.278415 0
0.576487 0
0.410268 0
0.040492 0
0.458365 0
0.545266 0
0.197419 0
0.173088 0
0.271811 0
0.062279 0
0.189664 0
0.492101 0
0.445236 0
0.269502 0
0.096677 0
0.052735 0
0.329052 0
0.350387 0
0.195536 0
0.163111 0
0.223166 0
0.228378 0
0.375607 0
0.110805 0
0.043301 0
0.151329 0
0.224338 0
0.110203 0
0.847599 0
0.534898 0
2.743273 0
0.168328 0
