0.220354 0
0.097111 0
0.436622 0
0.097164 0
0.127560 0
0.063158 0
0.212315 0
0.104841 0
0.092737 0
0.144536 0
0.091368 0
0.140419 0
0.348602 0
0.462149 0
0.104429 0
0.093329 0
0.164478 0
0.083870 0
0.171689 0
0.115196 0
0.160582 0
0.334065 0
0.235796 0
0.153644 0
0.350807 0
0.142975 0
0.094571 0
0.196061 0
0.170828 0
0.099771 0
0.021418 0
0.099226 0
0.231083 0
0.136660 0
0.358048 0
0.313895 0
0.155373 0
0.160608 0
0.088233 0
0.715619 0
0.150512 0
0.278099 0
0.485249 0
0.050688 0
0.202022 0
0.072646 0
0.070590 0
0.252215 0
0.353231 0
0.228530 0
0.121361 0
0.079930 0
0.146069 0
0.073831 0
0.153925 0
0.148666 0
0.160561 0
0.122420 0
0.069831 0
0.094637 0
0.169553 0
0.081489 0
0.081504 0
0.059024 0
0.140601 0
0.072300 0
0.234657 0
0.025197 0
0.137511 0
