0.127527 0
0.091078 0
0.405143 0
0.111721 0
0.148794 0
0.067759 0
0.163677 0
0.194944 0
0.098160 0
0.109807 0
0.015398 0
0.016043 0
0.154115 0
0.315835 0
0.242809 0
0.178483 0
0.116267 0
0.101167 0
0.238934 0
0.068506 0
0.153271 0
0.096884 0
0.117752 0
0.130349 0
0.196143 0
0.146448 0
0.261087 0
0.070709 0
0.063749 0
0.151494 0
0.117899 0
0.145707 0
0.084499 0
0.360630 0
0.107256 0
0.108388 0
0.109330 0
0.085537 0
0.085170 0
0.162128 0
0.074273 0
0.472228 0
0.268420 0
0.032744 0
0.183770 0
0.108024 0
0.114089 0
0.355105 0
0.096205 0
0.057818 0
0.001808 0
