0.327888 0
0.344986 0
0.171198 0
0.421888 0
0.037055 0
0.195832 0
0.301798 0
0.096785 0
0.442982 0
0.048457 0
0.086743 0
0.483709 0
0.089402 0
0.058841 0
0.041585 0
0.368716 0
0.827763 0
0.068368 0
0.406267 0
0.198148 0
0.875864 0
0.165031 0
0.362979 0
0.074349 0
0.292835 0
0.150876 0
0.044729 0
0.243558 0
0.030901 0
0.460329 0
0.005286 0
0.808924 0
0.126829 0
0.152951 0
0.275335 0
1.218951 0
0.453882 0
0.186250 0
0.503938 0
0.542328 0
0.185920 0
0.402885 0
0.012879 0
0.104971 0
0.117789 0
0.826906 0
0.037835 0
0.235091 0
0.348233 0
