0.170027 0
0.384365 0
0.208437 0
0.043588 0
0.093595 0
0.164076 0
0.219720 0
0.064605 0
0.130651 0
0.116294 0
0.109210 0
0.418757 0
0.035028 0
0.164119 0
0.233821 0
0.145491 0
0.222473 0
0.036854 0
0.115674 0
0.209295 0
0.094763 0
0.259193 0
0.128469 0
0.074659 0
0.285965 0
0.116531 0
0.132129 0
0.017422 0
0.066161 0
0.278981 0
0.345716 0
0.097863 0
0.198834 0
0.168553 0
0.140340 0
0.277299 0
0.115573 0
0.371666 0
0.145215 0
0.092933 0
0.132052 0
0.098193 0
0.039581 0
0.127176 0
0.115939 0
0.113039 0
0.009767 0
0.193356 0
0.150460 0
0.158489 0
0.246743 0
0.342695 0
0.168026 0
0.141669 0
0.073328 0
0.138650 0
0.099531 0
0.157518 0
0.093932 0
0.078394 0
0.271885 0
0.124689 0
0.425445 0
0.200841 0
0.091428 0
0.290252 0
0.091750 0
0.065232 0
0.240025 0
0.197522 0
0.225818 0
0.008530 0
0.083789 0
0.189740 0
0.163590 0
0.131866 0
0.065221 0
0.078534 0
0.068366 0
