0.207505 0
0.196064 0
0.055480 0
0.043375 0
0.172806 0
0.141108 0
0.183427 0
0.044051 0
0.160436 0
0.224764 0
0.141684 0
0.132905 0
0.205717 0
0.133483 0
0.037043 0
0.162419 0
0.123999 0
0.150325 0
0.128014 0
0.166002 0
0.150660 0
0.141076 0
0.139847 0
0.221299 0
0.157315 0
0.102264 0
0.123341 0
0.144047 0
0.169134 0
0.129936 0
0.164558 0
0.279794 0
0.180479 0
0.173261 0
0.050640 0
0.146672 0
0.230677 0
0.179750 0
0.160727 0
0.144365 0
0.182990 0
0.126452 0
0.125816 0
0.140940 0
0.126882 0
0.207540 0
0.138642 0
0.156513 0
0.193525 0
0.149483 0
0.094646 0
0.123921 0
0.131935 0
0.219875 0
0.225991 0
