0.051452 0
0.107159 0
0.136607 0
0.160025 0
0.186815 0
0.124558 0
0.174272 0
0.063023 0
0.198919 0
0.274742 0
0.182587 0
0.197325 0
0.040068 0
0.347320 0
0.143525 0
0.217097 0
0.149554 0
0.377831 0
0.026623 0
0.332110 0
0.186067 0
0.005936 0
0.020461 0
0.078400 0
0.065839 0
0.405943 0
0.100608 0
0.012875 0
0.008394 0
0.067473 0
0.167733 0
0.382029 0
0.013468 0
0.196080 0
0.149497 0
0.495500 0
0.097779 0
0.004549 0
0.013662 0
0.033026 0
0.032853 0
0.728452 0
0.374597 0
0.222719 0
0.099646 0
0.055452 0
0.378695 0
0.138353 0
0.653998 0
0.677688 0
