0.089838 0
0.049328 0
0.065757 0
0.103396 0
0.044251 0
0.045232 0
0.041713 0
0.077378 0
0.092225 0
0.042675 0
0.086902 0
0.040789 0
0.090046 0
0.034797 0
0.177407 0
0.171637 0
0.028422 0
0.320582 0
0.209314 0
0.064420 0
0.255964 0
0.051920 0
0.117392 0
0.116875 0
0.227271 0
0.046696 0
0.415474 0
0.111996 0
0.069733 0
0.029600 0
0.074092 0
0.017119 0
0.093998 0
0.131558 0
0.054581 0
0.055996 0
0.034078 0
0.043178 0
0.058621 0
0.104667 0
0.010018 0
0.087402 0
0.269601 0
0.005912 0
0.075190 0
0.207744 0
0.190890 0
0.080903 0
0.053369 0
0.147749 0
0.046550 0
0.134414 0
0.033277 0
0.069735 0
0.138386 0
0.047694 0
0.041674 0
0.048993 0
0.137003 0
0.030316 0
0.033624 0
0.060770 0
0.153644 0
0.001167 0
0.212362 0
0.011868 0
0.055894 0
0.045052 0
0.038461 0
0.225893 0
0.043051 0
0.178886 0
0.060768 0
0.029393 0
0.055490 0
0.197190 0
