0.144839 0
0.178871 0
0.100028 0
0.205295 0
0.106690 0
0.204531 0
0.185073 0
0.248445 0
0.178097 0
0.139064 0
0.162783 0
0.060515 0
0.118865 0
0.103179 0
0.274334 0
0.106374 0
0.242309 0
0.127074 0
0.183008 0
0.020624 0
0.118319 0
0.162179 0
0.216105 0
0.114981 0
0.228739 0
0.122866 0
0.107403 0
0.243783 0
0.127600 0
0.187564 0
0.099400 0
0.156813 0
0.079912 0
0.008159 0
0.200962 0
0.181970 0
0.139425 0
0.155408 0
0.121790 0
0.107345 0
0.045635 0
0.238844 0
0.257369 0
0.128709 0
0.183076 0
0.114917 0
0.133345 0
0.129739 0
0.140493 0
0.131107 0
0.096607 0
0.097090 0
0.136011 0
0.246340 0
0.054049 0
0.041736 0
0.293063 0
0.158387 0
0.166772 0
0.190072 0
0.127006 0
0.125258 0
0.115822 0
0.110311 0
0.045584 0
