0.324040 0
0.115262 0
0.495850 0
0.128054 0
0.059832 0
0.012416 0
0.015385 0
0.291769 0
0.472222 0
0.211507 0
0.200464 0
0.027417 0
1.347513 0
0.306599 0
0.480996 0
0.686097 0
0.129787 0
0.256984 0
0.580921 0
0.291279 0
0.076901 0
0.276869 0
0.146660 0
0.227187 0
0.557900 0
0.718236 0
0.010788 0
0.158185 0
0.088045 0
0.208576 0
0.376871 0
0.246306 0
0.237293 0
0.044648 0
0.075289 0
0.205976 0
0.559126 0
0.182561 0
0.211352 0
0.277862 0
0.171105 0
0.026375 0
0.192140 0
0.035137 0
0.300556 0
0.043013 0
0.024812 0
0.046756 0
0.053044 0
0.016612 0
0.861410 0
1.023990 0
