0.084152 0
0.086493 0
0.083478 0
0.083172 0
0.086313 0
0.068437 0
0.083908 0
0.083494 0
0.083118 0
0.090341 0
0.082473 0
0.082660 0
0.086378 0
0.090056 0
0.082470 0
0.085018 0
0.084343 0
0.083374 0
0.068973 0
0.085642 0
0.092113 0
0.082405 0
0.082724 0
0.078714 0
0.070633 0
0.084174 0
0.086990 0
0.082452 0
0.005258 0
0.083765 0
0.084822 0
0.082474 0
0.083487 0
0.085062 0
0.088951 0
0.041867 0
0.084291 0
0.090870 0
0.082926 0
0.084219 0
0.083369 0
0.085504 0
0.085481 0
0.086589 0
0.083105 0
0.088782 0
0.083409 0
0.012104 0
0.082764 0
0.091909 0
0.082875 0
0.086701 0
0.084010 0
0.084577 0
0.088650 0
0.023605 0
0.083219 0
0.084680 0
0.076437 0
0.083019 0
0.082916 0
