0.342146 0
0.043891 0
0.057149 0
0.103011 0
0.026493 0
0.086344 0
0.127594 0
0.160684 0
0.074408 0
0.241898 0
0.120668 0
0.094302 0
0.028420 0
0.067800 0
0.088408 0
0.066352 0
0.099109 0
0.153556 0
0.155467 0
0.057332 0
0.032000 0
0.023081 0
0.146440 0
0.044241 0
0.205681 0
0.200021 0
0.008565 0
0.031806 0
0.131603 0
0.029698 0
0.094947 0
0.161366 0
0.039056 0
0.153333 0
0.107733 0
0.150986 0
0.127918 0
0.168715 0
0.288224 0
0.038772 0
0.336699 0
0.178897 0
0.025067 0
0.285194 0
0.035493 0
0.096960 0
0.210616 0
0.326188 0
0.075854 0
0.180535 0
0.008365 0
0.303917 0
0.220298 0
0.122708 0
0.187425 0
0.102612 0
0.035429 0
0.115292 0
0.044705 0
0.079299 0
