1.011682 0
0.904347 0
0.154119 0
0.538318 0
0.647721 0
0.195813 0
0.513387 0
0.176854 0
0.177694 0
0.288935 0
1.071350 0
0.213583 0
0.405488 0
0.527710 0
0.116894 0
0.086997 0
0.107757 0
0.587876 0
0.242037 0
0.125352 0
0.548966 0
0.241667 0
0.528907 0
0.876243 0
0.853249 0
0.087074 0
0.233887 0
0.122357 0
0.698596 0
0.217032 0
0.394203 0
0.238310 0
0.428635 0
0.836999 0
0.046428 0
0.246342 0
0.627620 0
0.147285 0
0.160654 0
0.114415 0
0.176082 0
0.117536 0
1.770022 0
0.568553 0
0.573552 0
0.433788 0
0.008147 0
0.952859 0
0.124820 0
0.365951 0
