0.554868 0
0.125034 0
0.384038 0
0.104957 0
0.208673 0
0.322473 0
0.418933 0
0.153715 0
0.252888 0
0.141867 0
0.271496 0
0.203083 0
0.071933 0
0.510660 0
0.126491 0
0.169686 0
0.861750 0
0.202066 0
0.098547 0
0.232704 0
0.113408 0
0.704697 0
0.099673 0
0.689142 0
0.152298 0
0.312754 0
0.229287 0
0.211476 0
0.368515 0
0.193022 0
0.227752 0
0.372602 0
0.169942 0
0.163638 0
0.477597 0
0.088176 0
0.713893 0
0.095909 0
0.692500 0
0.351989 0
0.040786 0
0.850631 0
0.262271 0
0.294707 0
0.082854 0
0.101470 0
0.262185 0
0.221678 0
0.139135 0
0.028779 0
0.233849 0
0.239100 0
0.694627 0
0.125181 0
0.066054 0
0.177562 0
0.338166 0
0.384437 0
0.062687 0
0.142244 0
0.154001 0
0.848130 0
0.029621 0
0.593930 0
0.022612 0
