0.248069 0
0.216154 0
0.282720 0
0.615184 0
0.074524 0
0.091119 0
0.146671 0
0.174657 0
0.219228 0
0.407822 0
0.064668 0
0.107472 0
0.720577 0
0.348061 0
0.427564 0
0.435725 0
0.102854 0
0.088058 0
0.206310 0
0.161263 0
0.133435 0
0.594933 0
0.220629 0
0.522770 0
0.210946 0
0.243639 0
0.267536 0
0.230591 0
0.373406 0
0.213549 0
0.137369 0
0.071230 0
0.100972 0
0.027059 0
0.095751 0
0.157636 0
0.386277 0
0.031740 0
0.151571 0
0.127338 0
0.333806 0
0.405099 0
0.071816 0
0.193972 0
0.088109 0
0.326296 0
0.118720 0
0.679299 0
0.243777 0
0.219775 0
0.070471 0
0.504204 0
0.033739 0
0.057280 0
0.128150 0
0.193787 0
0.089877 0
