0.111322 0
0.228557 0
0.065969 0
0.071349 0
0.104742 0
0.062939 0
0.136138 0
0.067859 0
0.078700 0
0.060937 0
0.073395 0
0.087574 0
0.074111 0
0.142330 0
0.065332 0
0.064342 0
0.106631 0
0.148967 0
0.139460 0
0.089498 0
0.189652 0
0.126096 0
0.095663 0
0.063192 0
0.063823 0
0.100110 0
0.099354 0
0.036136 0
0.070950 0
0.136379 0
0.081859 0
0.074423 0
0.100165 0
0.060901 0
0.062994 0
0.060067 0
0.074712 0
0.216164 0
0.068660 0
0.081539 0
0.060473 0
0.136760 0
0.089615 0
0.094450 0
0.123598 0
0.161427 0
0.098158 0
0.073659 0
0.090114 0
0.074698 0
0.078664 0
0.063999 0
0.042430 0
0.091042 0
0.117213 0
0.134693 0
0.069273 0
0.077270 0
0.122606 0
0.117718 0
0.051071 0
0.226687 0
0.072838 0
0.071417 0
0.011333 0
0.108724 0
0.312998 0
0.110596 0
0.069255 0
0.064170 0
0.002901 0
0.085587 0
0.080059 0
0.059798 0
0.069584 0
0.107027 0
0.116099 0
0.089247 0
0.129997 0
