0.221097 0
0.564822 0
0.120573 0
0.109449 0
0.171856 0
0.437007 0
0.486263 0
0.219871 0
0.065703 0
0.025992 0
0.173172 0
0.303845 0
0.159438 0
0.158183 0
0.080654 0
0.963559 0
0.047381 0
0.359462 0
0.112974 0
0.114088 0
0.205855 0
0.269657 0
0.153480 0
0.465663 0
0.984211 0
0.628159 0
0.869075 0
0.221553 0
0.743658 0
0.429060 0
0.468230 0
0.181266 0
0.182678 0
0.533986 0
0.080386 0
0.162360 0
0.575884 0
0.311188 0
0.112170 0
0.369410 0
0.094942 0
0.010891 0
0.117018 0
0.338508 0
0.160936 0
0.355960 0
0.399961 0
0.312345 0
0.355216 0
0.505986 0
0.199685 0
0.189356 0
0.894966 0
0.113681 0
0.449235 0
0.222357 0
0.390540 0
0.312255 0
0.049583 0
0.129076 0
0.111486 0
0.613702 0
0.148066 0
0.901631 0
