0.049436 0
0.052577 0
0.051651 0
0.052519 0
0.050222 0
0.052551 0
0.048650 0
0.032090 0
0.055207 0
0.053180 0
0.048193 0
0.050958 0
0.048551 0
0.049204 0
0.050290 0
0.050115 0
0.048440 0
0.048310 0
0.049839 0
0.049979 0
0.051766 0
0.051504 0
0.053071 0
0.062567 0
0.049921 0
0.050072 0
0.048208 0
0.056763 0
0.050811 0
0.065182 0
0.050890 0
0.050594 0
0.051425 0
0.048277 0
0.049044 0
0.048720 0
0.004395 0
0.049124 0
0.055431 0
0.049612 0
0.054355 0
0.051653 0
0.059199 0
0.016154 0
0.049191 0
0.062260 0
0.056809 0
0.048556 0
0.054867 0
0.048117 0
0.051215 0
0.048231 0
0.052116 0
0.061578 0
0.049301 0
0.049747 0
0.048967 0
0.050365 0
0.051546 0
0.052714 0
0.060497 0
0.049268 0
0.050225 0
0.055208 0
0.048103 0
0.048561 0
0.049506 0
0.049180 0
0.048894 0
0.048243 0
