0.394059 0
0.476600 0
0.444317 0
0.429841 0
0.279439 0
0.318607 0
0.056227 0
0.348680 0
0.123536 0
0.614608 0
0.183133 0
0.292820 0
0.312463 0
1.254573 0
0.487359 0
0.420435 0
0.387655 0
0.196364 0
0.242437 0
0.111635 0
0.728399 0
0.333049 0
0.331914 0
0.407441 0
0.057719 0
0.595332 0
0.129979 0
0.208162 0
0.242859 0
0.021237 0
0.072821 0
0.182954 0
0.791352 0
0.227188 0
0.123121 0
0.259323 0
0.051899 0
0.190048 0
0.769573 0
0.148994 0
0.114031 0
0.159502 0
0.091917 0
0.063614 0
0.295636 0
0.205606 0
0.003701 0
0.668125 0
