0.117841 0
0.108472 0
0.362520 0
0.190712 0
0.441022 0
0.335039 0
0.052781 0
0.749812 0
0.788918 0
0.187667 0
0.122839 0
0.140795 0
0.215757 0
0.108414 0
0.488054 0
0.061642 0
0.235880 0
0.139362 0
0.094121 0
0.011971 0
0.189043 0
0.215635 0
0.814180 0
0.064047 0
0.170633 0
0.380536 0
0.102864 0
0.013960 0
0.255010 0
0.528216 0
0.176929 0
0.089615 0
0.036489 0
0.456105 0
0.161167 0
0.091907 0
0.106729 0
0.185139 0
0.119634 0
0.112989 0
0.269004 0
0.120683 0
0.089783 0
0.438103 0
0.022120 0
0.026176 0
0.518304 0
0.034830 0
0.456076 0
0.042331 0
0.132122 0
0.513944 0
0.111028 0
0.092991 0
0.066559 0
0.098538 0
