0.159460 0
0.181403 0
0.212185 0
0.072709 0
0.205735 0
0.233298 0
0.077276 0
0.179568 0
0.168273 0
0.165496 0
0.199529 0
0.187398 0
0.256044 0
0.039578 0
0.243560 0
0.166280 0
0.142200 0
0.165477 0
0.185698 0
0.079468 0
0.172477 0
0.172833 0
0.196611 0
0.163724 0
0.160118 0
0.175217 0
0.165402 0
0.162744 0
0.213514 0
0.200103 0
0.164838 0
0.288757 0
0.177103 0
0.057894 0
0.085604 0
0.209553 0
0.185362 0
0.080464 0
0.220571 0
0.163105 0
0.176186 0
0.076089 0
0.189489 0
0.167077 0
0.175292 0
0.166171 0
0.167819 0
0.048603 0
