0.539345 0
0.266617 0
0.154294 0
0.230027 0
0.268981 0
0.120796 0
0.084003 0
0.105332 0
0.134055 0
0.138683 0
0.298478 0
0.137195 0
0.251152 0
0.543465 0
0.083759 0
0.233745 0
0.195716 0
0.046263 0
0.222626 0
0.437836 0
0.069075 0
0.098255 0
0.036936 0
0.110097 0
0.037141 0
0.357006 0
0.304951 0
0.527391 0
0.194501 0
0.283934 0
0.502311 0
0.259675 0
0.806384 0
0.728741 0
0.037559 0
0.008498 0
0.021063 0
0.857924 0
0.133937 0
0.461958 0
0.098947 0
0.278094 0
0.388414 0
0.309560 0
0.091742 0
0.300017 0
