0.549074 0
0.097651 0
0.108906 0
0.136927 0
0.618628 0
0.114355 0
0.103671 0
0.049198 0
0.027086 0
0.214845 0
0.968229 0
0.259674 0
0.283360 0
0.132891 0
0.076957 0
0.100462 0
0.141217 0
0.060084 0
0.071929 0
0.144908 0
0.056358 0
0.025532 0
0.109225 0
0.074032 0
0.208867 0
0.490262 0
0.194602 0
0.221384 0
0.179432 0
0.117360 0
0.438778 0
0.716337 0
0.078387 0
0.009140 0
0.403861 0
0.188837 0
0.186593 0
0.089892 0
0.011038 0
0.254268 0
0.076637 0
0.206934 0
0.085907 0
0.117348 0
0.167641 0
0.172946 0
0.137360 0
0.144982 0
0.426605 0
0.182555 0
