0.152862 0
0.040859 0
0.018800 0
0.042343 0
0.101124 0
0.124920 0
0.038590 0
0.031519 0
0.187384 0
0.010183 0
0.148699 0
0.053740 0
0.162467 0
0.033241 0
0.053414 0
0.184903 0
0.026007 0
0.238628 0
0.049335 0
0.027752 0
0.271688 0
0.034928 0
0.288508 0
0.057820 0
0.050802 0
0.071392 0
0.067412 0
0.089428 0
0.006713 0
0.084221 0
0.158591 0
0.015868 0
0.055513 0
0.015459 0
0.059563 0
0.043172 0
0.081091 0
0.056931 0
0.065745 0
0.103075 0
0.083936 0
0.069556 0
0.013974 0
0.023530 0
0.031423 0
0.130059 0
0.052151 0
0.048803 0
0.014157 0
0.032533 0
0.017397 0
0.052116 0
0.076965 0
0.047309 0
0.063631 0
0.034073 0
