0.129477 0
0.289406 0
0.139069 0
0.076356 0
0.141191 0
0.182202 0
0.123460 0
0.148365 0
0.095360 0
0.135615 0
0.176341 0
0.112640 0
0.126365 0
0.116942 0
0.061537 0
0.094901 0
0.151598 0
0.116677 0
0.177674 0
0.017751 0
0.132017 0
0.174480 0
0.129535 0
0.108728 0
0.172299 0
0.018757 0
0.018112 0
0.141184 0
0.116683 0
0.127970 0
0.145785 0
0.218430 0
0.059099 0
0.110570 0
0.069254 0
0.140468 0
0.111873 0
0.051590 0
0.129203 0
0.048906 0
0.132569 0
0.132065 0
0.033772 0
0.114545 0
0.153360 0
0.170323 0
0.058766 0
0.136969 0
0.124233 0
0.116056 0
0.115452 0
0.207216 0
0.093009 0
0.166314 0
