1.136787 0
0.546341 0
0.538168 0
1.562027 0
0.248850 0
0.349052 0
0.212834 0
0.150371 0
1.131886 0
0.130011 0
0.681687 0
0.285215 0
0.122880 0
0.134544 0
0.110481 0
0.331790 0
0.062076 0
0.271453 0
0.149163 0
0.453617 0
0.159068 0
0.394501 0
0.935876 0
0.285993 0
0.195710 0
0.140132 0
0.308425 0
0.475314 0
0.686102 0
0.125859 0
0.129628 0
0.178691 0
0.232737 0
0.533634 0
0.044960 0
0.425168 0
0.424357 0
0.095323 0
0.291444 0
1.398762 0
0.964655 0
0.204240 0
0.090098 0
0.735963 0
0.305838 0
0.521633 0
0.038559 0
0.171523 0
0.085277 0
0.237641 0
0.015330 0
0.080914 0
0.126241 0
0.657936 0
0.295223 0
0.048035 0
0.241356 0
0.256551 0
0.260579 0
0.590315 0
0.177403 0
