0.345309 0
0.356314 0
0.131181 0
0.302252 0
0.119888 0
0.212877 0
0.379674 0
0.468475 0
0.055886 0
0.998413 0
0.215549 0
0.196573 0
0.306169 0
0.257656 0
0.393139 0
0.200411 0
0.108884 0
0.115109 0
0.179292 0
0.115031 0
0.276242 0
0.095099 0
0.086381 0
0.185375 0
0.140616 0
0.058142 0
0.644103 0
0.281096 0
0.201241 0
0.171045 0
0.716734 0
0.502968 0
0.419254 0
0.232920 0
0.229622 0
0.389518 0
0.612492 0
0.305717 0
0.378755 0
0.184609 0
0.294475 0
0.046639 0
0.211338 0
0.793375 0
0.401275 0
0.327093 0
0.028303 0
0.110714 0
0.323168 0
0.081663 0
0.047767 0
0.117217 0
0.219204 0
0.267889 0
0.721068 0
0.071667 0
0.350442 0
0.443708 0
0.142982 0
0.496045 0
0.162779 0
0.092082 0
0.148950 0
0.258868 0
0.421340 0
0.301275 0
0.344555 0
0.397111 0
0.172401 0
0.146781 0
0.427289 0
0.190879 0
0.101213 0
0.581788 0
0.215716 0
0.921088 0
0.346470 0
0.123231 0
