0.212136 0
0.164461 0
0.096250 0
0.055605 0
0.053246 0
0.147079 0
0.218849 0
0.311463 0
0.006516 0
0.113736 0
0.260459 0
0.094432 0
0.062887 0
0.032845 0
0.489610 0
0.519333 0
0.019334 0
0.314212 0
0.157358 0
0.066601 0
0.074236 0
0.162706 0
0.009340 0
0.138697 0
0.240522 0
0.455073 0
0.072929 0
0.014430 0
0.067316 0
0.208065 0
0.131537 0
0.171055 0
0.129401 0
0.031624 0
0.194910 0
0.027961 0
0.057245 0
0.111049 0
0.060320 0
0.396101 0
0.317883 0
0.265330 0
0.044383 0
0.078619 0
0.183856 0
0.093992 0
0.123703 0
0.177082 0
0.026319 0
