0.309669 0
0.157845 0
0.108775 0
0.164235 0
0.226460 0
0.167270 0
0.292485 0
0.380822 0
0.308164 0
0.076153 0
0.227440 0
0.022078 0
0.538903 0
0.332720 0
0.178224 0
0.563059 0
0.031832 0
0.310014 0
0.198971 0
0.138115 0
0.084022 0
0.122564 0
0.253385 0
0.161789 0
0.138709 0
0.703569 0
0.017553 0
0.095291 0
0.247344 0
0.017432 0
0.236042 0
0.162034 0
0.293893 0
0.159002 0
0.098400 0
0.091522 0
0.112027 0
0.166533 0
0.115065 0
0.056193 0
0.179420 0
0.097889 0
0.071505 0
0.043405 0
0.116708 0
0.268254 0
0.112299 0
0.100664 0
0.127770 0
0.107114 0
0.084755 0
0.223493 0
0.090973 0
0.126540 0
0.084594 0
0.019524 0
0.132538 0
0.431225 0
0.119843 0
0.136336 0
0.031794 0
0.191554 0
0.049241 0
0.504207 0
0.124701 0
0.087372 0
0.167074 0
0.093474 0
0.176874 0
0.100860 0
0.082344 0
0.116433 0
0.007201 0
0.234504 0
0.151578 0
0.092873 0
0.214891 0
0.242865 0
0.364529 0
0.093361 0
0.180470 0
0.141769 0
0.003863 0
0.120873 0
0.134801 0
0.066520 0
