0.111488 0
0.176033 0
0.122412 0
0.070893 0
0.134969 0
0.148874 0
0.127352 0
0.099684 0
0.096614 0
0.054339 0
0.077473 0
0.103480 0
0.040749 0
0.065868 0
0.049031 0
0.080624 0
0.060229 0
0.084510 0
0.058375 0
0.211024 0
0.102785 0
0.068702 0
0.071906 0
0.159789 0
0.037259 0
0.077912 0
0.023034 0
0.011716 0
0.070113 0
0.049136 0
0.094803 0
0.078960 0
0.085559 0
0.086096 0
0.051988 0
0.077682 0
0.045062 0
0.109712 0
0.049326 0
0.093489 0
0.061354 0
0.073398 0
0.011622 0
0.095781 0
0.257760 0
0.356284 0
0.072687 0
0.045038 0
0.175558 0
0.049231 0
0.178506 0
0.206772 0
0.049547 0
0.111791 0
0.198174 0
0.095431 0
0.046469 0
0.068825 0
0.099494 0
0.047149 0
0.079167 0
0.045938 0
