0.090043 0
0.086629 0
0.082994 0
0.083657 0
0.083735 0
0.082405 0
0.084305 0
0.083443 0
0.092274 0
0.082783 0
0.087463 0
0.090002 0
0.092463 0
0.089233 0
0.092085 0
0.099074 0
0.085872 0
0.093068 0
0.102350 0
0.099524 0
0.086136 0
0.105601 0
0.090518 0
0.089845 0
0.085549 0
0.084503 0
0.102152 0
0.013314 0
0.047351 0
0.093470 0
0.116488 0
0.098881 0
0.085593 0
0.082634 0
0.103877 0
0.085135 0
0.096103 0
0.111711 0
0.070049 0
0.010118 0
0.075243 0
0.102756 0
0.083499 0
0.103792 0
0.087915 0
0.112710 0
0.089213 0
0.086668 0
0.115705 0
0.024658 0
0.008572 0
0.091447 0
0.109380 0
0.128538 0
0.099192 0
0.090097 0
0.110354 0
0.111338 0
0.131428 0
0.101033 0
0.086955 0
0.074043 0
0.078548 0
0.118234 0
