0.317513 0
0.064811 0
0.156070 0
0.127963 0
0.089482 0
0.177356 0
0.042701 0
0.169783 0
0.121524 0
0.038878 0
0.229046 0
0.161950 0
0.071474 0
0.097251 0
0.263198 0
0.049570 0
0.295768 0
0.295611 0
0.129884 0
0.085396 0
0.360092 0
0.188952 0
0.124702 0
0.263880 0
0.188098 0
0.113066 0
0.080918 0
0.153296 0
0.163635 0
0.096166 0
0.077591 0
0.067429 0
0.094372 0
0.059292 0
0.014473 0
0.135812 0
0.051550 0
0.193886 0
0.241719 0
0.051795 0
0.050276 0
0.050239 0
0.238651 0
0.049971 0
0.080483 0
0.080145 0
0.103642 0
0.224662 0
0.462243 0
0.153407 0
0.058708 0
0.077269 0
0.219649 0
0.080930 0
0.216315 0
0.272516 0
