0.303030 0
0.208595 0
0.116522 0
0.375985 0
0.474184 0
0.121368 0
0.097239 0
0.048864 0
0.088785 0
0.265959 0
0.482152 0
0.102690 0
0.127145 0
0.085620 0
0.148655 0
0.208104 0
0.072948 0
0.149547 0
0.137522 0
0.214450 0
0.307564 0
0.094985 0
0.091991 0
0.046178 0
0.627041 0
0.550069 0
0.154245 0
0.253202 0
0.172206 0
0.041903 0
0.089217 0
0.203130 0
0.142785 0
0.152309 0
0.249149 0
0.580001 0
0.065538 0
0.233090 0
0.100806 0
0.067059 0
0.250219 0
0.239682 0
0.224963 0
0.184599 0
0.082783 0
0.360108 0
0.230093 0
0.072282 0
0.304006 0
0.102762 0
0.266877 0
0.145584 0
0.105058 0
0.285537 0
0.327064 0
0.046877 0
0.070260 0
0.092060 0
0.342841 0
0.101582 0
0.000469 0
0.095438 0
0.243694 0
0.707469 0
0.314704 0
