0.203325 0
0.205564 0
0.194522 0
0.120544 0
0.256852 0
0.408256 0
0.436888 0
0.332061 0
0.071159 0
0.134454 0
0.247540 0
0.301754 0
0.020533 0
0.269033 0
0.109201 0
0.427105 0
0.146656 0
0.477162 0
0.144816 0
0.556757 0
0.280221 0
0.056136 0
0.703363 0
0.105036 0
0.321321 0
0.187483 0
0.081492 0
0.014611 0
0.310702 0
0.301117 0
0.123883 0
0.541248 0
0.630079 0
0.056782 0
0.074991 0
0.048623 0
0.066153 0
0.012430 0
0.464359 0
0.162697 0
0.199673 0
0.510369 0
0.858652 0
0.232876 0
0.264596 0
0.154378 0
0.014541 0
0.293032 0
0.454658 0
0.205422 0
0.079548 0
0.020930 0
0.057973 0
0.655634 0
0.564008 0
0.340436 0
0.003533 0
0.544522 0
0.419768 0
0.367771 0
