0.040070 0
0.065445 0
0.040427 0
0.059019 0
0.048050 0
0.055399 0
0.064445 0
0.050448 0
0.056540 0
0.049721 0
0.074582 0
0.043321 0
0.042206 0
0.054288 0
0.062986 0
0.042091 0
0.080646 0
0.053369 0
0.067644 0
0.039847 0
0.041346 0
0.049758 0
0.047743 0
0.060993 0
0.052436 0
0.045011 0
0.080107 0
0.066117 0
0.048776 0
0.035303 0
0.056437 0
0.044154 0
0.040708 0
0.054252 0
0.072165 0
0.063133 0
0.039856 0
0.052517 0
0.099673 0
0.039555 0
0.080150 0
0.057482 0
0.038922 0
0.075037 0
0.082016 0
0.043923 0
0.041699 0
0.058396 0
0.046674 0
0.067011 0
0.052206 0
0.039110 0
0.064073 0
0.051883 0
0.057265 0
0.051573 0
0.076740 0
0.040111 0
0.039970 0
0.000707 0
0.089220 0
0.079554 0
0.044848 0
