0.195173 0
0.169733 0
0.439991 0
0.179829 0
0.095039 0
0.226891 0
0.084678 0
0.070507 0
0.113128 0
0.247307 0
0.246171 0
0.266548 0
0.242358 0
0.107390 0
0.257878 0
0.608459 0
0.151907 0
0.114557 0
0.220234 0
0.061794 0
0.317015 0
0.082865 0
0.078384 0
0.119206 0
0.111395 0
0.218511 0
0.284211 0
0.118417 0
0.067297 0
0.017435 0
0.258536 0
0.231595 0
0.091578 0
0.100829 0
0.247265 0
0.081977 0
0.090919 0
0.053985 0
0.081915 0
0.014675 0
0.116002 0
0.073222 0
0.152509 0
0.141245 0
0.017596 0
0.049146 0
0.061041 0
0.056852 0
0.095909 0
0.476637 0
0.320867 0
0.087927 0
0.097696 0
0.074258 0
0.304066 0
0.146767 0
0.088731 0
0.061181 0
0.462188 0
0.121079 0
0.262654 0
0.136176 0
0.202997 0
0.231620 0
0.075154 0
0.484507 0
0.007358 0
0.151725 0
0.089024 0
0.164125 0
0.260051 0
0.343943 0
0.300832 0
0.173935 0
0.215271 0
0.145608 0
0.092920 0
0.068040 0
0.047425 0
0.075221 0
0.193437 0
0.018374 0
0.096898 0
0.187288 0
0.275683 0
0.226688 0
0.090446 0
0.917389 0
0.024969 0
0.040168 0
0.418856 0
0.220719 0
0.013324 0
0.011040 0
0.127617 0
0.086993 0
