0.508793 0
0.259388 0
0.313619 0
0.230067 0
0.089297 0
0.235146 0
0.497781 0
0.168972 0
0.314520 0
1.127908 0
0.286784 0
0.121994 0
0.442774 0
0.508084 0
0.323091 0
0.436913 0
0.278606 0
0.228619 0
0.525819 0
0.327604 0
0.232826 0
0.176456 0
0.407523 0
0.445294 0
0.139648 0
0.802122 0
0.027677 0
0.105238 0
0.119888 0
0.111197 0
0.080881 0
0.167422 0
0.271188 0
0.082724 0
1.028593 0
0.193405 0
0.057129 0
0.532036 0
0.164004 0
0.106113 0
0.257102 0
0.829417 0
0.118265 0
0.323267 0
0.838285 0
0.910220 0
0.358396 0
0.270530 0
0.433435 0
0.009473 0
0.171545 0
0.350524 0
0.214956 0
0.109638 0
0.212390 0
0.061970 0
0.274246 0
0.153308 0
0.635621 0
0.477579 0
0.047768 0
0.222972 0
