0.392224 0
0.099307 0
0.116400 0
0.388213 0
0.073403 0
0.037316 0
0.405425 0
0.091083 0
0.092615 0
0.087117 0
0.141092 0
0.022703 0
0.415868 0
0.076072 0
0.174220 0
0.104173 0
0.124699 0
0.141377 0
0.374177 0
0.498161 0
0.086295 0
0.048632 0
0.063901 0
0.254925 0
0.295514 0
0.059218 0
0.157733 0
0.231883 0
0.895393 0
0.043021 0
0.100277 0
0.149437 0
0.130262 0
0.236140 0
0.046740 0
0.061848 0
0.253067 0
0.039856 0
0.239052 0
0.354589 0
0.327149 0
0.209652 0
0.146326 0
0.512781 0
0.546353 0
0.040224 0
0.577368 0
0.179247 0
0.140773 0
0.120247 0
0.021204 0
0.098104 0
0.177889 0
0.372518 0
0.213550 0
0.071570 0
0.071760 0
0.081410 0
0.070040 0
0.156918 0
0.035732 0
0.119244 0
0.056743 0
0.038828 0
0.230122 0
0.212133 0
0.154114 0
0.054234 0
0.056513 0
0.039025 0
0.239674 0
0.102232 0
0.071291 0
0.085027 0
0.024683 0
0.000610 0
0.071927 0
0.043009 0
0.167930 0
