0.629393 0
0.337593 0
0.123931 0
0.578120 0
0.200732 0
0.199647 0
0.102584 0
0.110416 0
0.165307 0
0.502929 0
0.475133 0
0.169547 0
0.077934 0
0.231257 0
0.541551 0
0.297829 0
0.180208 0
0.239285 0
0.204242 0
0.199163 0
0.151807 0
0.097981 0
0.113213 0
0.253088 0
0.635150 0
0.230545 0
0.067115 0
0.071156 0
0.018648 0
0.784102 0
0.180171 0
0.281621 0
0.368610 0
0.024283 0
0.352880 0
0.156136 0
0.164947 0
0.164604 0
0.093941 0
0.287824 0
0.560463 0
0.072167 0
0.103113 0
0.154334 0
0.163096 0
0.231543 0
0.230764 0
0.329963 0
0.668644 0
0.023512 0
0.271274 0
0.112009 0
0.060675 0
0.662330 0
0.126908 0
0.488259 0
0.544816 0
0.354671 0
0.121675 0
0.166120 0
0.683392 0
0.017261 0
0.254297 0
0.160046 0
0.293936 0
0.103793 0
0.263471 0
0.598274 0
0.162401 0
0.228468 0
0.389656 0
0.565951 0
0.089340 0
0.203249 0
0.475831 0
0.137899 0
0.282390 0
0.333904 0
0.140685 0
0.379326 0
0.350856 0
0.099060 0
