0.456901 0
0.771582 0
0.059427 0
0.514071 0
0.125288 0
0.338325 0
0.098683 0
0.132158 0
0.126511 0
0.480240 0
0.162860 0
0.150985 0
0.077409 0
0.181465 0
0.098381 0
0.365284 0
0.325479 0
0.311424 0
0.093003 0
0.027283 0
0.383882 0
0.033819 0
0.432894 0
0.320455 0
0.015368 0
0.099869 0
0.153720 0
0.072486 0
0.176316 0
0.135711 0
0.102983 0
0.156643 0
0.060596 0
0.217664 0
0.005349 0
0.027045 0
0.153743 0
0.119867 0
0.886971 0
0.028483 0
0.008398 0
0.697886 0
0.831892 0
1.216912 0
0.132051 0
0.225841 0
0.181798 0
0.079684 0
0.242674 0
0.067543 0
0.175200 0
0.091464 0
