0.131135 0
0.402727 0
1.051911 0
0.903154 0
0.465190 0
0.262114 0
0.325123 0
1.597444 0
0.609925 0
1.842520 0
0.464749 0
0.219664 0
0.221585 0
0.300640 0
0.840292 0
0.730382 0
0.014012 0
0.066656 0
0.177049 0
0.655613 0
0.129282 0
0.799729 0
0.088990 0
0.224734 0
0.461902 0
0.094573 0
0.764055 0
0.725075 0
0.086502 0
0.063070 0
0.195667 0
0.897565 0
0.174961 0
0.090401 0
0.214824 0
0.089783 0
0.624461 0
0.040231 0
0.374120 0
0.537442 0
0.131693 0
1.113833 0
0.018119 0
0.428921 0
0.022201 0
1.190106 0
