0.308145 0
0.409074 0
0.353795 0
0.245638 0
0.187824 0
0.081396 0
0.144913 0
0.166239 0
0.124634 0
0.153036 0
0.101569 0
0.100516 0
0.298949 0
0.102182 0
0.438691 0
0.246248 0
0.038270 0
0.108363 0
0.108467 0
0.184275 0
0.097062 0
0.019918 0
0.090014 0
0.155977 0
0.137870 0
0.082945 0
0.117960 0
0.010478 0
0.132170 0
0.146493 0
0.122169 0
0.313068 0
0.314907 0
0.121582 0
0.112932 0
0.391978 0
0.214500 0
0.100462 0
0.111019 0
0.198212 0
0.086407 0
0.196904 0
0.566194 0
0.226825 0
0.223583 0
0.087013 0
0.078969 0
0.027689 0
0.076114 0
0.003114 0
0.108542 0
0.232250 0
0.026041 0
0.248620 0
0.112506 0
0.122750 0
0.221156 0
0.105913 0
0.135022 0
0.222475 0
