0.264499 0
0.116507 0
0.601707 0
0.141733 0
0.294750 0
0.078236 0
0.074579 0
0.143350 0
0.075385 0
0.057960 0
0.260892 0
0.095630 0
0.210037 0
0.017077 0
0.055366 0
0.292879 0
0.100013 0
0.070498 0
0.201742 0
0.179595 0
0.081808 0
0.281193 0
0.022884 0
0.104399 0
0.101187 0
0.036757 0
0.154464 0
0.075455 0
0.161911 0
0.095843 0
0.042140 0
0.068754 0
0.115148 0
0.131970 0
0.061684 0
0.142745 0
0.071154 0
0.031234 0
0.077463 0
0.042931 0
0.106483 0
0.048435 0
0.135681 0
0.120526 0
0.085699 0
0.060456 0
0.223609 0
0.253130 0
0.064269 0
0.185436 0
0.079709 0
0.113966 0
0.143743 0
0.121431 0
0.074622 0
0.339602 0
0.134665 0
0.123222 0
0.063849 0
