0.172005 0
0.074669 0
0.224739 0
0.026785 0
0.243856 0
0.130134 0
0.176181 0
0.086953 0
0.028359 0
0.117601 0
0.188001 0
0.026229 0
0.164225 0
0.145502 0
0.075210 0
0.382191 0
0.169815 0
0.201042 0
0.196238 0
0.238000 0
0.068557 0
0.082563 0
0.038577 0
0.016707 0
0.174266 0
0.031631 0
0.227563 0
0.144853 0
0.057579 0
0.078661 0
0.087207 0
0.103661 0
0.038486 0
0.071566 0
0.121400 0
0.039191 0
0.043426 0
0.042173 0
0.025983 0
0.089930 0
0.123347 0
0.033844 0
0.019946 0
0.077353 0
0.074322 0
0.036850 0
0.424432 0
0.077607 0
0.148700 0
0.080933 0
0.029234 0
