0.082142 0
0.076260 0
0.078080 0
0.067738 0
0.086001 0
0.059303 0
0.058565 0
0.059992 0
0.022643 0
0.095909 0
0.070519 0
0.097399 0
0.070820 0
0.093600 0
0.081521 0
0.061705 0
0.061078 0
0.057251 0
0.059710 0
0.040404 0
0.086447 0
0.067598 0
0.062065 0
0.077436 0
0.059350 0
0.078775 0
0.062224 0
0.060255 0
0.057953 0
0.056919 0
0.057703 0
0.057702 0
0.015943 0
0.060155 0
0.087433 0
0.081890 0
0.053424 0
0.061022 0
0.056288 0
0.061900 0
0.082978 0
0.057184 0
0.079593 0
0.015645 0
0.059736 0
0.083058 0
