0.086062 0
0.178593 0
0.160135 0
0.138112 0
0.481112 0
0.119310 0
0.088183 0
0.095892 0
0.259858 0
0.184482 0
0.409374 0
0.291933 0
0.439480 0
0.060489 0
0.311261 0
0.214624 0
0.026422 0
0.074535 0
0.159128 0
0.161260 0
0.168619 0
0.275295 0
0.714448 0
0.267725 0
0.374311 0
0.154835 0
0.078863 0
0.106292 0
0.441288 0
0.383296 0
0.562061 0
0.194578 0
0.174362 0
0.235946 0
0.257317 0
0.540850 0
0.635969 0
0.366302 0
0.253523 0
0.264748 0
0.167661 0
0.264501 0
0.116532 0
0.079710 0
0.131115 0
0.071530 0
0.239600 0
