0.283700 0
0.056580 0
0.102576 0
0.572888 0
0.385845 0
0.349637 0
0.352873 0
0.407815 0
0.058246 0
0.206441 0
0.250492 0
0.489903 0
0.163329 0
0.183003 0
0.088604 0
0.672907 0
0.281247 0
0.450575 0
0.298802 0
0.065455 0
0.694910 0
0.114581 0
0.066086 0
0.045518 0
0.128811 0
0.130998 0
0.461949 0
0.765908 0
0.090323 0
0.150835 0
0.007114 0
0.615527 0
0.413730 0
0.083764 0
0.075764 0
0.266372 0
0.121235 0
0.189894 0
0.324568 0
0.209521 0
0.118235 0
0.153126 0
0.558008 0
0.137273 0
0.461728 0
0.505151 0
0.679286 0
0.230968 0
0.229337 0
0.339734 0
0.177763 0
0.099505 0
0.067613 0
0.816721 0
0.260475 0
0.040025 0
0.098912 0
0.148899 0
0.420964 0
0.014594 0
0.125513 0
0.051484 0
0.370609 0
0.378170 0
0.278064 0
0.146314 0
0.205317 0
0.069734 0
0.184950 0
0.147638 0
0.287661 0
0.360424 0
0.461226 0
0.116189 0
