0.212110 0
0.243290 0
0.134169 0
0.406285 0
0.133474 0
0.924772 0
0.073956 0
0.069192 0
0.132219 0
0.255089 0
1.079018 0
0.460308 0
0.279399 0
0.389670 0
0.606884 0
0.317022 0
0.453580 0
1.392344 0
0.074476 0
0.246074 0
2.048827 0
0.185064 0
0.034374 0
0.913419 0
0.727457 0
0.007419 0
1.494365 0
0.330516 0
1.339735 0
1.348072 0
0.234494 0
0.137456 0
0.119344 0
0.083155 0
0.148929 0
0.444209 0
0.267987 0
0.214043 0
0.059728 0
0.161268 0
0.432889 0
0.035402 0
1.384312 0
0.007435 0
0.035287 0
0.082778 0
0.067911 0
0.364824 0
0.116409 0
