0.464290 0
0.347784 0
0.040342 0
0.422577 0
0.320163 0
0.430368 0
0.125969 0
0.087538 0
0.557811 0
0.688733 0
0.054475 0
0.143220 0
0.250636 0
0.232014 0
0.040343 0
0.965847 0
0.508305 0
0.079206 0
0.114641 0
0.208464 0
0.218214 0
0.059694 0
0.303135 0
0.465140 0
0.278574 0
0.650880 0
0.213894 0
0.014411 0
0.525160 0
0.482493 0
0.341713 0
0.419861 0
0.089799 0
0.045376 0
0.270701 0
0.004807 0
0.779814 0
0.213972 0
0.033644 0
0.118801 0
0.151623 0
0.504386 0
0.183935 0
0.171899 0
0.433670 0
0.011501 0
