0.213641 0
0.120361 0
0.219870 0
0.160555 0
0.209307 0
0.129901 0
0.236164 0
0.064777 0
0.130363 0
0.052181 0
0.095756 0
0.169850 0
0.224624 0
0.200449 0
0.042203 0
0.302508 0
0.407809 0
0.355612 0
0.167883 0
0.204504 0
0.032958 0
0.404156 0
0.179578 0
0.394316 0
0.055401 0
0.056147 0
0.137400 0
0.037396 0
0.015745 0
0.077619 0
0.164085 0
0.207393 0
0.140692 0
0.088443 0
0.038550 0
0.064658 0
0.086284 0
0.549957 0
0.049496 0
0.769042 0
0.332304 0
0.237410 0
0.105191 0
0.655044 0
0.055016 0
0.377672 0
0.064336 0
0.639635 0
0.073125 0
0.370146 0
0.048761 0
0.383551 0
0.112251 0
0.050583 0
0.025398 0
0.295132 0
0.342817 0
0.082140 0
0.196311 0
0.047468 0
0.061674 0
0.121904 0
0.226801 0
0.133453 0
0.053660 0
0.094804 0
0.083919 0
0.050066 0
0.042863 0
0.142887 0
0.148688 0
0.175815 0
