0.208666 0
0.339010 0
0.229854 0
0.130412 0
0.090994 0
0.239410 0
0.232861 0
0.144278 0
0.191866 0
0.044748 0
0.211440 0
0.106437 0
0.097077 0
0.187715 0
0.109199 0
0.194467 0
0.133980 0
0.133511 0
0.092612 0
0.175900 0
0.286069 0
0.177741 0
0.277377 0
0.135045 0
0.126594 0
0.114443 0
0.030578 0
0.106301 0
0.456436 0
0.114479 0
0.107796 0
0.125920 0
0.148671 0
0.037111 0
0.121245 0
0.242292 0
0.159639 0
0.305402 0
0.226354 0
0.106134 0
0.110201 0
0.212601 0
0.151047 0
0.309416 0
0.132259 0
0.119893 0
0.143107 0
