0.304443 0
0.155345 0
0.450549 0
0.361878 0
0.307298 0
0.150361 0
0.096318 0
0.361653 0
0.333122 0
0.084250 0
0.297026 0
0.206781 0
0.505637 0
0.364936 0
0.196215 0
0.151612 0
0.179531 0
0.491260 0
0.479933 0
0.179540 0
0.309316 0
0.036458 0
0.034198 0
0.044848 0
0.168796 0
0.060884 0
0.342126 0
0.114899 0
0.156308 0
0.081748 0
0.208882 0
0.190434 0
0.263700 0
0.316133 0
0.159351 0
0.008686 0
0.147919 0
0.150412 0
0.811236 0
0.539899 0
0.087085 0
0.051460 0
0.093722 0
0.360680 0
0.251263 0
0.008124 0
0.158720 0
0.235735 0
0.211479 0
0.606558 0
0.153530 0
0.092149 0
0.144294 0
0.194799 0
0.324426 0
0.749103 0
0.239603 0
0.359181 0
0.133981 0
0.204563 0
