0.082236 0
0.082174 0
0.105511 0
0.043540 0
0.086866 0
0.081528 0
0.142684 0
0.084473 0
0.086001 0
0.086707 0
0.107227 0
0.082420 0
0.095131 0
0.092258 0
0.123107 0
0.101248 0
0.088867 0
0.138537 0
0.133240 0
0.081846 0
0.098585 0
0.085102 0
0.158773 0
0.085664 0
0.087172 0
0.095272 0
0.135332 0
0.134175 0
0.127065 0
0.155364 0
0.125389 0
0.099336 0
0.118476 0
0.101989 0
0.146720 0
0.142314 0
0.112221 0
0.084592 0
0.119170 0
0.118220 0
0.104653 0
0.088921 0
0.083438 0
0.190711 0
0.105023 0
0.037681 0
0.079426 0
0.096739 0
0.160168 0
0.119251 0
0.184856 0
0.086378 0
0.083455 0
0.081621 0
0.108794 0
0.111749 0
0.084811 0
0.092742 0
0.109326 0
0.103961 0
0.100919 0
0.101169 0
0.090247 0
0.092575 0
0.087718 0
0.082671 0
0.111239 0
0.173018 0
0.062833 0
0.099031 0
0.177139 0
