0.081981 0
0.186423 0
0.046094 0
0.042138 0
0.134705 0
0.211775 0
0.141806 0
0.056273 0
0.092937 0
0.022349 0
0.126312 0
0.090776 0
0.205255 0
0.058695 0
0.162799 0
0.261134 0
0.371398 0
0.134375 0
0.110163 0
0.179945 0
0.075788 0
0.063563 0
0.343523 0
0.055912 0
0.190921 0
0.018851 0
0.419494 0
0.137706 0
0.162301 0
0.103611 0
0.198438 0
0.240222 0
0.085571 0
0.337244 0
0.194934 0
0.091688 0
0.064597 0
0.024284 0
0.013813 0
0.135855 0
0.096015 0
0.057112 0
0.039044 0
0.089934 0
0.210955 0
0.136111 0
0.165759 0
0.108212 0
0.078827 0
0.262137 0
0.277033 0
0.159780 0
0.201994 0
0.097019 0
0.136928 0
0.250192 0
0.126310 0
0.310526 0
0.232754 0
0.232120 0
0.134998 0
0.369777 0
0.056722 0
0.391488 0
0.117825 0
0.125390 0
0.183299 0
0.054387 0
0.517488 0
0.027889 0
0.105417 0
0.303752 0
0.288903 0
0.191999 0
0.010627 0
0.397696 0
0.238951 0
0.131235 0
0.262572 0
