0.252103 0
0.092620 0
0.110845 0
0.092688 0
0.090008 0
0.119894 0
0.155890 0
0.145106 0
0.094500 0
0.069609 0
0.137521 0
0.092892 0
0.196917 0
0.043841 0
0.151495 0
0.221671 0
0.108798 0
0.209661 0
0.254979 0
0.093881 0
0.128828 0
0.140109 0
0.089558 0
0.120707 0
0.165833 0
0.150216 0
0.190524 0
0.112476 0
0.101758 0
0.128633 0
0.356933 0
0.216904 0
0.117115 0
0.086509 0
0.168518 0
0.037322 0
0.012089 0
0.128544 0
0.167905 0
0.182713 0
0.101780 0
0.137044 0
0.082440 0
0.128696 0
0.117705 0
0.096502 0
0.067662 0
0.145693 0
0.146098 0
0.171675 0
0.122521 0
0.299569 0
0.237949 0
0.053585 0
0.299958 0
0.100719 0
0.102607 0
0.259190 0
0.112613 0
0.104774 0
0.087453 0
0.097871 0
0.120269 0
0.153986 0
0.070756 0
0.204365 0
0.183156 0
0.134403 0
0.154513 0
