0.254922 0
1.540269 0
0.190841 0
0.364577 0
0.245350 0
0.279333 0
0.457635 0
0.128929 0
0.244507 0
0.756407 0
0.014082 0
0.155886 0
0.139698 0
0.018198 0
0.321189 0
0.354125 0
0.143766 0
0.572806 0
0.071111 0
0.098873 0
0.104417 0
0.537553 0
0.159607 0
0.103942 0
0.020818 0
0.468964 0
0.433648 0
0.102923 0
0.122914 0
0.096012 0
0.022215 0
0.261016 0
0.081684 0
0.178826 0
0.217641 0
0.366481 0
0.129503 0
0.280787 0
0.205329 0
0.069756 0
0.033528 0
0.016799 0
0.054347 0
0.070826 0
0.058117 0
0.327540 0
0.487869 0
0.158345 0
0.451970 0
0.234108 0
0.266098 0
0.328880 0
0.566288 0
0.499849 0
0.645266 0
0.162112 0
0.081763 0
