0.133185 0
0.091095 0
0.282560 0
0.056273 0
0.637559 0
0.089388 0
0.031022 0
0.132207 0
0.179032 0
0.173300 0
0.107316 0
0.227712 0
0.175619 0
0.168025 0
0.138100 0
0.137958 0
0.023964 0
0.133673 0
0.067617 0
0.089465 0
0.158000 0
0.240217 0
0.144185 0
0.125322 0
0.075514 0
0.156523 0
0.218778 0
0.227992 0
0.160064 0
0.068931 0
0.314091 0
0.057904 0
0.139898 0
0.281043 0
0.061387 0
0.164679 0
0.206170 0
0.008119 0
0.335724 0
0.389058 0
0.101458 0
0.211284 0
0.093741 0
0.062263 0
0.008589 0
0.083220 0
0.334524 0
0.121539 0
0.152325 0
0.021426 0
0.056520 0
0.213817 0
0.198810 0
0.031768 0
0.675749 0
0.359894 0
0.249479 0
0.064918 0
0.060544 0
0.052994 0
0.063710 0
0.541186 0
0.179119 0
0.051965 0
0.069616 0
0.116776 0
0.065001 0
0.002208 0
0.100658 0
0.122515 0
0.042895 0
0.082843 0
0.141317 0
0.346683 0
0.210638 0
0.122555 0
0.092397 0
0.052334 0
0.232836 0
0.073300 0
0.215167 0
0.062998 0
