0.564085 0
0.370844 0
0.569544 0
0.463549 0
0.343258 0
0.586231 0
0.478751 0
0.203948 0
0.182595 0
2.101648 0
0.156115 0
0.309061 0
0.193597 0
0.099696 0
0.119589 0
1.275556 0
3.122274 0
0.414096 0
0.253505 0
1.259977 0
0.084688 0
0.344016 0
0.068481 0
0.120026 0
0.251016 0
0.422997 0
0.275987 0
0.158520 0
0.550591 0
0.708076 0
1.063176 0
0.894041 0
0.102112 0
0.110324 0
0.587505 0
0.038345 0
0.300049 0
0.243024 0
0.353081 0
0.546817 0
0.316477 0
0.185335 0
0.585302 0
0.154443 0
0.712724 0
0.121919 0
0.063118 0
0.976453 0
0.133532 0
