0.149573 0
0.102838 0
0.237665 0
0.124868 0
0.152428 0
0.286894 0
0.170180 0
0.278191 0
0.126514 0
0.057117 0
0.209543 0
0.137910 0
0.221883 0
0.257300 0
0.102295 0
0.266284 0
0.113735 0
0.116435 0
0.371997 0
0.175885 0
0.119092 0
0.209467 0
0.075343 0
0.286292 0
0.135826 0
0.191522 0
0.185113 0
0.240730 0
0.034461 0
0.195322 0
0.167512 0
0.286310 0
0.039389 0
0.298127 0
0.470081 0
0.235507 0
0.600897 0
0.203832 0
0.142302 0
0.308984 0
0.259793 0
0.083592 0
0.038536 0
0.048486 0
0.124076 0
0.103889 0
0.217214 0
0.012876 0
0.051653 0
0.187924 0
0.430661 0
0.079295 0
0.034421 0
0.232981 0
0.183888 0
0.189537 0
0.128539 0
0.182604 0
0.221538 0
0.134902 0
0.165750 0
0.015263 0
0.233711 0
0.057621 0
0.266771 0
0.280191 0
0.313517 0
