0.064178 0
0.064363 0
0.088443 0
0.064854 0
0.055985 0
0.105531 0
0.076816 0
0.094891 0
0.117688 0
0.109600 0
0.121163 0
0.128275 0
0.061997 0
0.103971 0
0.091470 0
0.059442 0
0.020755 0
0.082393 0
0.333887 0
0.071630 0
0.115582 0
0.069113 0
0.146431 0
0.130496 0
0.063882 0
0.044081 0
0.165039 0
0.150169 0
0.370894 0
0.074516 0
0.069982 0
0.072928 0
0.131490 0
0.205789 0
0.099141 0
0.069532 0
0.138716 0
0.154128 0
0.078614 0
0.071295 0
0.058846 0
0.266502 0
0.078690 0
0.056482 0
0.148219 0
0.128757 0
0.079188 0
0.090791 0
0.084611 0
0.142403 0
0.060077 0
0.223960 0
0.155315 0
0.092578 0
