0.122926 0
0.262780 0
0.101485 0
0.063853 0
0.125259 0
0.150143 0
0.238233 0
0.609893 0
0.099803 0
0.091698 0
0.158258 0
0.085610 0
0.123337 0
0.092501 0
0.067459 0
0.144679 0
0.198235 0
0.184280 0
0.099054 0
0.161825 0
0.091969 0
0.100884 0
0.088802 0
0.096232 0
0.321032 0
0.179893 0
0.169963 0
0.129688 0
0.135889 0
0.142616 0
0.148095 0
0.287006 0
0.116955 0
0.309692 0
0.234042 0
0.111293 0
0.095573 0
0.175584 0
0.141942 0
0.146885 0
0.038560 0
0.109674 0
0.055370 0
0.046187 0
0.189417 0
0.249009 0
0.147286 0
0.128166 0
0.266735 0
0.110215 0
0.192573 0
0.201522 0
0.162562 0
0.159064 0
0.066635 0
0.059220 0
0.135360 0
