1.266488 0
0.195230 0
0.714196 0
0.674447 0
0.378092 0
0.483444 0
0.492419 0
0.135240 0
0.173582 0
0.061786 0
0.346054 0
0.646746 0
0.423364 0
0.013494 0
0.045435 0
0.087170 0
0.290456 0
0.150351 0
0.041194 0
0.044964 0
0.076042 0
0.208076 0
0.102222 0
0.400879 0
0.099372 0
0.038549 0
0.386629 0
0.076056 0
0.461620 0
0.201988 0
0.370189 0
0.192318 0
0.012991 0
0.300998 0
0.284876 0
0.256862 0
0.074345 0
0.226574 0
0.219721 0
0.019853 0
0.041830 0
0.093911 0
0.365055 0
0.189409 0
0.110886 0
0.090854 0
0.051092 0
0.607876 0
0.060197 0
0.099148 0
0.243113 0
0.522352 0
0.076591 0
0.380382 0
0.009004 0
0.041427 0
0.765195 0
0.304322 0
0.115962 0
0.016493 0
0.078473 0
1.696611 0
0.570830 0
0.140710 0
0.155218 0
0.045268 0
0.070573 0
0.202050 0
0.009823 0
