0.109337 0
0.235505 0
0.150111 0
0.098811 0
0.113436 0
0.275137 0
0.051727 0
0.279068 0
0.345398 0
0.415786 0
0.215024 0
0.124804 0
0.122748 0
0.140612 0
0.281454 0
0.212742 0
0.025899 0
0.171459 0
0.072293 0
0.651423 0
0.087865 0
0.149072 0
0.150884 0
0.156406 0
0.201715 0
0.347907 0
0.538578 0
0.195984 0
0.170075 0
0.198928 0
0.262991 0
0.251304 0
0.360038 0
0.228248 0
0.329760 0
0.080219 0
0.380526 0
0.305014 0
0.270860 0
0.057286 0
0.203763 0
0.132097 0
0.163584 0
0.330282 0
0.693669 0
0.339682 0
0.112948 0
0.129259 0
0.012042 0
0.046674 0
0.391077 0
0.063104 0
0.062723 0
0.196526 0
0.148749 0
0.054180 0
0.172066 0
0.700445 0
0.247174 0
0.321997 0
0.259317 0
0.148089 0
0.426639 0
0.051487 0
0.484701 0
0.054253 0
0.150529 0
0.070363 0
0.056999 0
0.173198 0
0.056424 0
0.049480 0
0.101132 0
0.136234 0
0.214804 0
0.360182 0
