0.126213 0
0.059156 0
0.063028 0
0.070720 0
0.098357 0
0.304440 0
0.146319 0
0.097687 0
0.137203 0
0.070251 0
0.118940 0
0.058956 0
0.111813 0
0.125593 0
0.345848 0
0.266280 0
0.081593 0
0.240381 0
0.123693 0
0.074500 0
0.205595 0
0.077274 0
0.222693 0
0.087669 0
0.137624 0
0.077649 0
0.086928 0
0.115426 0
0.336898 0
0.196348 0
0.071570 0
0.078501 0
0.197922 0
0.068024 0
0.056298 0
0.337158 0
0.157926 0
0.389257 0
0.190318 0
0.208132 0
0.435084 0
0.408729 0
0.095515 0
0.083344 0
0.004778 0
0.067715 0
0.186554 0
0.228722 0
0.059658 0
0.292236 0
0.074919 0
0.631765 0
0.251986 0
0.083701 0
0.340239 0
0.214712 0
0.078876 0
0.075506 0
