0.492369 0
0.293109 0
0.908493 0
0.449001 0
0.250725 0
0.477216 0
0.229961 0
0.425654 0
0.513984 0
0.348293 0
0.813762 0
0.216066 0
0.127067 0
0.265715 0
0.110596 0
0.606955 0
0.579029 0
0.123754 0
0.138481 0
0.329858 0
0.310646 0
0.490642 0
0.147884 0
0.180168 0
0.160354 0
0.091084 0
0.098278 0
0.193843 0
0.812332 0
0.595437 0
0.034451 0
0.407425 0
0.127802 0
0.523489 0
0.142643 0
0.613698 0
0.054337 0
0.246121 0
0.180129 0
1.006280 0
0.015006 0
0.072938 0
0.319440 0
0.178606 0
0.017300 0
0.100868 0
0.215768 0
0.212072 0
0.015550 0
0.030869 0
0.190848 0
0.517714 0
0.121200 0
0.146379 0
0.227387 0
0.304836 0
0.272682 0
0.196301 0
0.436214 0
0.175021 0
0.157302 0
0.573149 0
0.226886 0
0.126325 0
0.341977 0
0.337785 0
0.020092 0
0.024874 0
0.102985 0
0.264298 0
0.665603 0
