0.729939 0
0.183687 0
0.264749 0
0.072570 0
0.100029 0
0.060190 0
0.318756 0
0.194671 0
0.214678 0
0.161848 0
0.189299 0
0.409258 0
0.124540 0
0.321919 0
0.528645 0
0.198051 0
0.104922 0
0.142999 0
0.334030 0
0.097827 0
0.262984 0
0.209278 0
0.279599 0
0.082458 0
0.294118 0
0.074636 0
0.136503 0
0.058425 0
0.155868 0
0.372576 0
0.167191 0
0.287858 0
0.116144 0
0.092980 0
0.638799 0
0.094856 0
0.125232 0
0.494483 0
0.507991 0
0.193294 0
0.394471 0
0.168686 0
0.152951 0
0.020679 0
0.148511 0
0.054318 0
0.988932 0
0.315167 0
0.068068 0
0.238442 0
0.049518 0
0.207929 0
0.647275 0
0.022576 0
0.147496 0
0.496288 0
0.172587 0
0.316592 0
0.330614 0
0.449161 0
0.001988 0
0.125246 0
0.044500 0
0.173966 0
0.481612 0
0.433338 0
0.006797 0
0.125869 0
