0.234324 0
0.096971 0
0.341832 0
0.097592 0
0.338384 0
0.076752 0
0.126720 0
0.153064 0
0.158240 0
0.116203 0
0.129386 0
0.253908 0
0.105736 0
0.077175 0
0.261804 0
0.103534 0
0.123829 0
0.139450 0
0.159023 0
0.125630 0
0.179576 0
0.079436 0
0.311855 0
0.075551 0
0.208979 0
0.067278 0
0.099215 0
0.194045 0
0.169969 0
0.184244 0
0.207739 0
0.072246 0
0.134077 0
0.094534 0
0.357961 0
0.345646 0
0.071160 0
0.164590 0
0.141877 0
0.119526 0
0.146197 0
0.113675 0
0.130178 0
0.089018 0
0.102587 0
0.122518 0
0.450468 0
0.089930 0
0.147805 0
0.067495 0
0.249813 0
0.158277 0
0.123730 0
0.071033 0
0.392238 0
0.068210 0
0.114365 0
0.241412 0
0.009548 0
0.214948 0
0.214942 0
0.079025 0
0.117291 0
