0.081258 0
0.248168 0
0.097976 0
0.629711 0
0.101725 0
0.149197 0
0.111132 0
0.139009 0
0.804607 0
0.266424 0
0.215961 0
0.150847 0
0.091003 0
0.270190 0
0.158966 0
0.189015 0
0.356519 0
0.409694 0
0.232881 0
0.165337 0
0.067302 0
0.185761 0
0.096068 0
0.091926 0
0.173074 0
0.224288 0
0.134524 0
0.307937 0
0.159583 0
0.085723 0
0.096936 0
0.078873 0
0.012966 0
0.405798 0
0.155822 0
0.249881 0
0.220355 0
0.199817 0
0.136817 0
0.283364 0
0.109318 0
0.038706 0
0.268492 0
0.091313 0
0.377531 0
0.081982 0
0.094233 0
0.153762 0
0.125718 0
0.093138 0
0.202695 0
0.111608 0
0.085723 0
0.120495 0
0.182243 0
0.217588 0
0.087175 0
0.535442 0
0.048817 0
0.205866 0
0.116700 0
0.125916 0
0.017483 0
0.058656 0
0.222382 0
0.406049 0
0.069892 0
