0.063303 0
0.060030 0
0.049801 0
0.057594 0
0.065602 0
0.056458 0
0.064087 0
0.064366 0
0.051514 0
0.064228 0
0.054455 0
0.055312 0
0.055821 0
0.052955 0
0.054733 0
0.050957 0
0.053358 0
0.060815 0
0.017696 0
0.052934 0
0.061203 0
0.076937 0
0.063931 0
0.061531 0
0.060699 0
0.055057 0
0.083327 0
0.057028 0
0.097387 0
0.051453 0
0.065287 0
0.056274 0
0.051442 0
0.059770 0
0.052462 0
0.054479 0
0.064421 0
0.052490 0
0.050485 0
0.066566 0
0.062976 0
0.007108 0
0.032127 0
0.017885 0
0.053336 0
0.051117 0
0.064136 0
0.050183 0
0.052763 0
0.053661 0
0.051615 0
0.065538 0
0.054997 0
0.068513 0
0.061879 0
0.056207 0
0.059540 0
0.063377 0
0.057962 0
0.055586 0
0.058292 0
0.050187 0
0.052720 0
0.053114 0
0.050700 0
0.062092 0
0.053275 0
0.033368 0
0.059616 0
0.050441 0
0.052827 0
