0.074529 0
0.064242 0
0.057083 0
0.054832 0
0.082730 0
0.052457 0
0.054373 0
0.045207 0
0.055053 0
0.143494 0
0.035747 0
0.042801 0
0.121053 0
0.083765 0
0.055805 0
0.023334 0
0.059827 0
0.142737 0
0.025317 0
0.069734 0
0.061381 0
0.054956 0
0.080312 0
0.017464 0
0.090102 0
0.066991 0
0.012339 0
0.089996 0
0.073168 0
0.079369 0
0.067706 0
0.059260 0
0.073989 0
0.044583 0
0.046429 0
0.085561 0
0.047385 0
0.057912 0
0.061100 0
0.057527 0
0.125795 0
0.160080 0
0.148820 0
0.046951 0
0.042510 0
0.085123 0
0.092379 0
0.083290 0
0.027459 0
0.044541 0
0.109919 0
0.091062 0
0.049252 0
0.055192 0
0.070742 0
0.047843 0
0.018950 0
0.045633 0
0.103260 0
0.025191 0
0.099003 0
0.047321 0
0.088282 0
0.094351 0
0.046525 0
0.069311 0
0.050871 0
0.030417 0
0.055353 0
0.052986 0
0.045023 0
0.065342 0
0.088039 0
0.043039 0
0.052081 0
0.045111 0
