0.026157 0
0.035351 0
0.120267 0
0.034782 0
0.015983 0
0.022320 0
0.301261 0
0.027980 0
0.134879 0
0.066245 0
0.033119 0
0.054499 0
0.022088 0
0.021242 0
0.160515 0
0.076957 0
0.086788 0
0.032931 0
0.003689 0
0.092539 0
0.115871 0
0.073119 0
0.051634 0
0.012277 0
0.028912 0
0.124624 0
0.034649 0
0.050745 0
0.053148 0
0.142541 0
0.017314 0
0.196253 0
0.136946 0
0.020822 0
0.086242 0
0.011302 0
0.019894 0
0.077562 0
0.014484 0
0.087935 0
0.013260 0
0.017928 0
0.058212 0
0.014635 0
0.016303 0
0.066180 0
0.107041 0
0.052760 0
