0.681874 0
0.452333 0
0.161294 0
0.135423 0
0.151935 0
0.151644 0
0.453420 0
0.057465 0
0.135416 0
0.143746 0
0.152768 0
0.126505 0
0.064065 0
0.193074 0
0.066636 0
0.391565 0
0.407726 0
0.006947 0
0.273825 0
0.055399 0
0.373344 0
0.202773 0
0.081786 0
0.178973 0
0.159449 0
1.218952 0
0.173641 0
0.206385 0
0.117365 0
0.135775 0
0.533898 0
0.023707 0
0.417913 0
0.486681 0
0.352493 0
0.063837 0
0.036199 0
0.034476 0
0.133321 0
0.502769 0
0.327291 0
0.090534 0
0.259391 0
0.369471 0
0.131416 0
0.095086 0
0.053401 0
0.353075 0
0.045134 0
0.148862 0
0.141724 0
0.041179 0
0.449422 0
0.126224 0
0.142049 0
0.057090 0
0.030000 0
0.020918 0
0.015682 0
0.910236 0
0.171564 0
0.107660 0
