0.094439 0
0.135091 0
0.223118 0
0.126216 0
0.095596 0
0.101986 0
0.131646 0
0.118873 0
0.033638 0
0.099622 0
0.130517 0
0.095241 0
0.179986 0
0.136605 0
0.153915 0
0.124146 0
0.089717 0
0.156420 0
0.011795 0
0.090055 0
0.183603 0
0.153625 0
0.017805 0
0.093013 0
0.141163 0
0.100087 0
0.113260 0
0.019611 0
0.077087 0
0.086796 0
0.120223 0
0.111606 0
0.156649 0
0.100436 0
0.071414 0
0.114211 0
0.116390 0
0.150758 0
0.106079 0
0.097958 0
0.012906 0
0.112271 0
0.103244 0
0.125399 0
0.094230 0
0.118094 0
0.200704 0
0.121054 0
0.088860 0
0.139900 0
0.067301 0
0.053814 0
0.138987 0
0.058220 0
