0.139263 0
0.168076 0
0.102872 0
0.073130 0
0.099434 0
0.350834 0
0.089127 0
0.095884 0
0.222184 0
0.179387 0
0.094836 0
0.108907 0
0.041418 0
0.087436 0
0.096702 0
0.107765 0
0.070563 0
0.171653 0
0.065470 0
0.170715 0
0.172613 0
0.054838 0
0.116273 0
0.066855 0
0.149917 0
0.113771 0
0.208599 0
0.074720 0
0.147220 0
0.063057 0
0.082672 0
0.082130 0
0.071728 0
0.063089 0
0.197594 0
0.114302 0
0.194351 0
0.102463 0
0.211613 0
0.056776 0
0.065527 0
0.066260 0
0.107408 0
0.049563 0
0.154356 0
0.054666 0
0.119383 0
0.060791 0
0.002628 0
0.062498 0
0.082446 0
0.128429 0
0.271122 0
0.167491 0
0.121047 0
0.082392 0
0.063806 0
0.012180 0
0.149906 0
0.108448 0
0.064871 0
0.139240 0
0.133721 0
0.091573 0
0.124029 0
0.137582 0
0.031443 0
0.068503 0
0.070103 0
