0.143477 0
0.171915 0
0.103580 0
0.090848 0
0.337980 0
0.147004 0
0.115629 0
0.042461 0
0.181993 0
0.223258 0
0.176714 0
0.231575 0
0.298766 0
0.034648 0
0.023648 0
0.047028 0
0.131632 0
0.201737 0
0.082454 0
0.099900 0
0.216492 0
0.095121 0
0.367759 0
0.242878 0
0.286195 0
0.123930 0
0.108733 0
0.204146 0
0.220481 0
0.102811 0
0.187967 0
0.230566 0
0.334921 0
0.440638 0
0.032450 0
0.300835 0
0.254419 0
0.622386 0
0.209055 0
0.113249 0
0.118698 0
0.102651 0
0.208922 0
0.013470 0
0.329152 0
0.157574 0
0.224543 0
0.124838 0
0.095095 0
0.010817 0
0.132589 0
0.111219 0
0.110042 0
0.079199 0
0.204221 0
0.275653 0
0.079878 0
0.116492 0
0.136016 0
0.090799 0
0.631557 0
0.244952 0
0.190543 0
