0.183685 0
0.211211 0
0.177974 0
0.140292 0
0.082959 0
0.318909 0
0.312591 0
0.255540 0
0.142243 0
0.184651 0
0.173038 0
0.232050 0
0.237050 0
0.143707 0
0.172256 0
0.072227 0
0.219343 0
0.072608 0
0.188573 0
0.122586 0
0.285409 0
0.299383 0
0.134442 0
0.132140 0
0.247888 0
0.113228 0
0.136087 0
0.177406 0
0.098257 0
0.128335 0
0.139556 0
0.004223 0
0.046082 0
0.132297 0
0.245148 0
0.060388 0
0.155081 0
0.280047 0
0.071237 0
0.145636 0
0.272451 0
0.161220 0
0.045962 0
0.141494 0
0.125339 0
0.241668 0
0.139636 0
0.132539 0
0.367966 0
0.237584 0
