0.247683 0
0.102093 0
0.036326 0
0.092299 0
0.397541 0
0.114215 0
0.213276 0
0.209824 0
0.254347 0
0.142269 0
0.117209 0
0.548905 0
0.151939 0
0.398132 0
0.156149 0
0.104085 0
0.496772 0
0.153493 0
0.046890 0
0.173139 0
0.043226 0
0.389991 0
0.274129 0
0.637844 0
0.017932 0
0.349415 0
0.130968 0
0.043834 0
0.279762 0
0.061727 0
0.406029 0
0.156969 0
0.037600 0
0.088794 0
0.127564 0
0.356118 0
0.039048 0
0.075498 0
0.166794 0
0.363648 0
0.060972 0
0.518299 0
0.282622 0
0.017405 0
0.160483 0
0.071710 0
0.121654 0
0.350936 0
0.036849 0
0.166081 0
0.028524 0
0.303845 0
0.200492 0
0.506581 0
0.065037 0
0.386035 0
0.591995 0
