1.247540 0
0.179207 0
0.422542 0
0.245445 0
0.055929 0
0.094003 0
0.100203 0
0.141076 0
0.139054 0
0.211039 0
0.155132 0
0.019078 0
0.071953 0
0.074186 0
0.033692 0
0.178217 0
0.037429 0
0.049450 0
0.064349 0
0.305092 0
0.285059 0
0.123131 0
0.166502 0
0.211714 0
0.082884 0
0.122685 0
0.246264 0
0.027819 0
0.115717 0
0.158404 0
0.084408 0
0.442719 0
0.042357 0
0.211761 0
0.324914 0
0.118005 0
0.065649 0
0.245102 0
0.300770 0
0.034612 0
0.080015 0
0.201058 0
0.087413 0
0.249901 0
0.466757 0
0.065556 0
0.992487 0
0.266845 0
0.041553 0
0.112670 0
0.063279 0
0.173145 0
0.057768 0
0.107199 0
0.057846 0
0.184495 0
0.037012 0
0.148693 0
0.019004 0
0.034527 0
0.223962 0
0.125634 0
0.044469 0
0.152085 0
0.037682 0
0.235623 0
0.058440 0
0.020092 0
0.071761 0
0.137995 0
