0.119245 0
0.008168 0
0.072716 0
0.024349 0
0.008642 0
0.017617 0
0.014606 0
0.013462 0
0.008746 0
0.050593 0
0.024713 0
0.032269 0
0.081529 0
0.010040 0
0.018069 0
0.033376 0
0.090387 0
0.038546 0
0.017947 0
0.024894 0
0.039526 0
0.008333 0
0.034471 0
0.085193 0
0.013550 0
0.008676 0
0.117674 0
0.031020 0
0.056717 0
0.015560 0
0.046459 0
0.082354 0
0.055330 0
0.050033 0
0.051186 0
0.044785 0
0.039612 0
0.056547 0
0.008124 0
0.085354 0
0.050293 0
0.038742 0
0.048596 0
0.022718 0
0.034890 0
0.020050 0
0.019084 0
0.038359 0
0.051927 0
0.025963 0
0.078900 0
0.038288 0
0.034644 0
0.098457 0
0.079239 0
0.019875 0
0.028880 0
0.091764 0
