0.042684 0
0.211026 0
0.152411 0
0.058789 0
0.036875 0
0.203371 0
0.058036 0
0.081797 0
0.086278 0
0.120128 0
0.073840 0
0.146011 0
0.047937 0
0.122378 0
0.072474 0
0.049909 0
0.122427 0
0.270671 0
0.033734 0
0.063520 0
0.033271 0
0.037427 0
0.030959 0
0.114695 0
0.081189 0
0.151339 0
0.162910 0
0.176803 0
0.079247 0
0.247799 0
0.078189 0
0.036676 0
0.037834 0
0.028897 0
0.092326 0
0.246437 0
0.191418 0
0.062030 0
0.179205 0
0.118719 0
0.034729 0
0.133304 0
0.177005 0
0.032882 0
0.085579 0
0.115831 0
0.047884 0
0.070956 0
