0.218723 0
0.558616 0
0.232761 0
0.161334 0
0.445706 0
0.391326 0
0.419973 0
0.099250 0
0.268190 0
0.161771 0
0.142890 0
0.225895 0
0.063753 0
0.388400 0
0.184413 0
0.389553 0
0.259559 0
0.105996 0
0.184723 0
1.359261 0
0.049157 0
0.023119 0
0.106282 0
0.023217 0
0.024508 0
0.218531 0
0.190972 0
1.126294 0
0.169713 0
1.195966 0
0.457533 0
0.891445 0
0.089304 0
0.032180 0
0.084233 0
0.346095 0
0.178003 0
0.579794 0
0.012045 0
0.229828 0
0.536872 0
0.075285 0
0.197064 0
0.194767 0
0.390566 0
0.094184 0
0.075074 0
0.144257 0
0.098131 0
0.133196 0
0.340536 0
0.250095 0
0.195332 0
0.079600 0
