0.094233 0
0.063145 0
0.150250 0
0.074061 0
0.077833 0
0.110569 0
0.061544 0
0.066404 0
0.085803 0
0.069093 0
0.080566 0
0.088403 0
0.062719 0
0.100637 0
0.045428 0
0.099807 0
0.076978 0
0.059100 0
0.065190 0
0.103122 0
0.018540 0
0.120422 0
0.082437 0
0.088813 0
0.087334 0
0.076580 0
0.108441 0
0.064038 0
0.133903 0
0.063505 0
0.075882 0
0.082183 0
0.130399 0
0.111292 0
0.148145 0
0.078818 0
0.070499 0
0.101094 0
0.064821 0
0.013673 0
0.068793 0
0.071375 0
0.064688 0
0.075627 0
0.176241 0
0.123995 0
0.107374 0
0.076104 0
0.064838 0
0.090930 0
0.080407 0
0.115182 0
0.101002 0
0.063381 0
0.066873 0
0.073768 0
0.080273 0
0.130932 0
0.066517 0
0.089546 0
0.080332 0
0.075968 0
0.088838 0
