0.246599 0
0.141283 0
0.280566 0
0.155916 0
0.099411 0
0.750261 0
0.142407 0
0.330263 0
0.034334 0
0.430211 0
0.124178 0
0.035115 0
0.303253 0
0.107592 0
0.113680 0
0.188196 0
0.112303 0
0.342794 0
0.728920 0
0.338551 0
0.173122 0
0.024005 0
0.879482 0
0.094408 0
0.420004 0
0.274716 0
0.091739 0
0.187928 0
0.362328 0
0.348812 0
0.101182 0
0.123913 0
0.406029 0
0.372622 0
0.403371 0
0.474600 0
0.479279 0
0.148375 0
0.384133 0
0.025817 0
0.127798 0
0.159479 0
0.130003 0
0.277941 0
0.526700 0
0.674821 0
0.020322 0
0.174550 0
0.109716 0
0.347102 0
0.305056 0
0.152830 0
0.387095 0
0.230660 0
0.083332 0
0.068838 0
0.472496 0
0.141957 0
0.227142 0
0.310475 0
0.123871 0
0.198383 0
0.003818 0
0.193188 0
