0.149814 0
0.554960 0
0.247563 0
0.036155 0
0.246951 0
0.138260 0
0.327207 0
0.076905 0
0.084138 0
0.300274 0
0.164581 0
0.316307 0
0.186485 0
0.022512 0
0.302775 0
0.119295 0
0.095864 0
0.650408 0
0.056327 0
0.146757 0
0.090211 0
0.077663 0
0.127126 0
0.111003 0
0.306719 0
0.079430 0
0.605111 0
0.195406 0
0.101448 0
0.086850 0
0.152446 0
0.142388 0
0.289604 0
0.166434 0
0.090593 0
0.190268 0
0.059758 0
0.109633 0
0.027792 0
0.124809 0
0.096166 0
0.081801 0
0.439994 0
0.208883 0
0.339761 0
0.097011 0
0.078398 0
0.255450 0
0.008243 0
