0.367966 0
0.292363 0
0.266712 0
0.049275 0
0.191275 0
0.264524 0
0.195520 0
0.096843 0
0.208244 0
0.085352 0
0.257034 0
0.246576 0
0.154296 0
0.140697 0
0.340015 0
0.075955 0
0.299422 0
0.399251 0
0.174673 0
0.186689 0
0.162422 0
0.479025 0
0.256408 0
0.239959 0
0.245623 0
0.215007 0
0.617917 0
0.243831 0
0.251776 0
0.255619 0
0.166201 0
0.047327 0
0.505248 0
0.053501 0
0.408412 0
0.309479 0
0.172439 0
0.130888 0
0.176259 0
0.172715 0
0.044839 0
0.025559 0
0.265160 0
0.253654 0
0.203095 0
0.022672 0
0.360658 0
0.506849 0
0.258491 0
0.141821 0
0.134188 0
0.238765 0
0.174590 0
0.136800 0
0.443331 0
0.875203 0
0.003301 0
0.489064 0
0.247507 0
0.189737 0
0.205560 0
0.106456 0
0.103006 0
0.139501 0
0.600304 0
0.179341 0
0.175536 0
