0.124309 0
0.166466 0
0.089175 0
0.086136 0
0.088358 0
0.138765 0
0.057740 0
0.208643 0
0.310648 0
0.072075 0
0.056755 0
0.371127 0
0.127755 0
0.050399 0
0.121877 0
0.619386 0
0.085605 0
0.051676 0
0.062890 0
0.093270 0
0.087251 0
0.152667 0
0.073938 0
0.280285 0
0.124235 0
0.147528 0
0.203299 0
0.077948 0
0.034300 0
0.117576 0
0.105977 0
0.058214 0
0.053981 0
0.155840 0
0.218498 0
0.228546 0
0.199763 0
0.133930 0
0.039356 0
0.323714 0
0.211627 0
0.249561 0
0.316610 0
0.213765 0
0.332044 0
0.027143 0
0.052387 0
0.343892 0
0.328684 0
0.667580 0
