0.074537 0
0.116166 0
0.083814 0
0.110490 0
0.082949 0
0.039654 0
0.159937 0
0.062099 0
0.066256 0
0.108977 0
0.082739 0
0.078133 0
0.079005 0
0.078956 0
0.069134 0
0.067386 0
0.060528 0
0.052269 0
0.117372 0
0.043657 0
0.088891 0
0.085511 0
0.010363 0
0.147384 0
0.111274 0
0.325774 0
0.119620 0
0.307943 0
0.182386 0
0.104171 0
0.090716 0
0.175330 0
0.070479 0
0.103300 0
0.075014 0
0.215369 0
0.127729 0
0.094207 0
0.150763 0
0.033500 0
0.073156 0
0.095892 0
0.111827 0
0.263413 0
0.072285 0
0.089328 0
0.082560 0
0.017776 0
0.096187 0
0.073978 0
0.116395 0
0.318870 0
0.078247 0
0.084212 0
0.390252 0
0.062224 0
0.056537 0
0.115995 0
0.071208 0
0.056158 0
0.304878 0
0.054772 0
