0.355232 0
0.212544 0
0.123090 0
0.076819 0
0.259088 0
0.215068 0
0.057449 0
0.104650 0
0.190160 0
0.373630 0
0.098515 0
0.118128 0
0.107808 0
0.358793 0
0.084415 0
0.194104 0
0.688168 0
0.123242 0
0.655729 0
0.266830 0
0.159572 0
0.153840 0
0.180667 0
0.157904 0
0.259092 0
0.916470 0
0.129290 0
0.104253 0
0.061496 0
0.232594 0
0.406405 0
0.367190 0
0.260101 0
0.093038 0
0.306271 0
0.311168 0
0.177315 0
0.590020 0
0.160648 0
0.252793 0
0.376813 0
0.089056 0
0.045370 0
0.419159 0
0.091509 0
0.358559 0
0.418404 0
0.064435 0
0.408507 0
0.114014 0
0.508859 0
0.082695 0
0.097312 0
0.180425 0
0.071931 0
0.208547 0
0.195206 0
0.089157 0
0.281469 0
0.218023 0
0.624929 0
0.062469 0
0.154848 0
0.247290 0
0.215243 0
0.088577 0
0.459806 0
0.237738 0
0.710432 0
