0.172432 0
0.203132 0
0.290550 0
0.422422 0
0.267755 0
0.200015 0
1.046797 0
0.283998 0
0.066226 0
0.352549 0
0.055856 0
0.290394 0
0.265017 0
0.443004 0
0.041578 0
0.075636 0
0.237471 0
0.060849 0
0.405643 0
0.149690 0
0.280021 0
0.760243 0
0.469846 0
0.190021 0
0.092921 0
0.287946 0
0.418807 0
0.085355 0
0.083669 0
0.081076 0
0.113587 0
0.158329 0
0.587129 0
0.792932 0
0.138958 0
0.174926 0
0.401101 0
0.342959 0
0.075528 0
0.176429 0
0.082388 0
0.308649 0
0.147792 0
0.069734 0
0.083868 0
0.966751 0
0.781635 0
0.278554 0
0.009205 0
0.092568 0
0.229752 0
0.276717 0
0.160174 0
0.281191 0
0.533388 0
0.013710 0
0.047058 0
0.164162 0
0.054541 0
0.341683 0
0.025968 0
0.335453 0
0.306674 0
0.506910 0
0.008688 0
0.015974 0
