0.105044 0
0.026547 0
0.049277 0
0.060259 0
0.015772 0
0.082362 0
0.028637 0
0.097757 0
0.080026 0
0.063933 0
0.033044 0
0.021210 0
0.055815 0
0.058643 0
0.078577 0
0.039376 0
0.087333 0
0.048097 0
0.016948 0
0.165057 0
0.016241 0
0.073456 0
0.068330 0
0.017887 0
0.037862 0
0.051648 0
0.030124 0
0.051147 0
0.018563 0
0.205049 0
0.005262 0
0.083031 0
0.024727 0
0.042063 0
0.042106 0
0.018295 0
0.021761 0
0.060716 0
0.076676 0
0.039242 0
0.059280 0
0.033510 0
0.120444 0
0.116902 0
0.121443 0
0.015791 0
0.043808 0
0.058438 0
0.099955 0
0.050755 0
0.011771 0
0.120692 0
0.083813 0
0.024754 0
0.052307 0
0.080296 0
0.071346 0
0.108920 0
0.066197 0
0.011342 0
0.070576 0
0.120283 0
