0.068193 0
0.065877 0
0.070231 0
0.067560 0
0.075083 0
0.071515 0
0.067361 0
0.083686 0
0.072310 0
0.065802 0
0.066953 0
0.075835 0
0.080104 0
0.110596 0
0.071965 0
0.072535 0
0.070025 0
0.073047 0
0.070703 0
0.024405 0
0.078220 0
0.069811 0
0.017823 0
0.077235 0
0.128597 0
0.075880 0
0.091521 0
0.065771 0
0.067693 0
0.069936 0
0.086241 0
0.070039 0
0.032700 0
0.039773 0
0.066779 0
0.074993 0
0.099012 0
0.080291 0
0.071047 0
0.066906 0
0.068401 0
0.086791 0
0.128486 0
0.072926 0
0.068573 0
0.079053 0
0.070090 0
0.076213 0
0.066131 0
0.081388 0
0.068025 0
0.065953 0
0.070463 0
0.071455 0
0.079536 0
0.068949 0
0.095930 0
0.066148 0
0.068671 0
0.067737 0
0.071923 0
0.081240 0
0.099954 0
0.072024 0
0.066207 0
0.011264 0
0.076334 0
0.079794 0
0.091464 0
0.037817 0
0.071781 0
0.079929 0
0.066466 0
0.063496 0
0.071153 0
0.069169 0
0.076818 0
0.069038 0
0.068259 0
0.075539 0
0.069729 0
0.070707 0
0.065790 0
0.071456 0
