0.266781 0
0.248838 0
0.323658 0
0.196682 0
0.597653 0
0.611483 0
0.230452 0
0.224824 0
0.199132 0
0.120660 0
0.119603 0
0.176209 0
0.221878 0
0.047007 0
0.166997 0
0.289780 0
0.285495 0
0.132409 0
0.129235 0
0.674971 0
0.306380 0
0.217286 0
0.047570 0
0.010906 0
0.016403 0
0.245667 0
0.136138 0
0.355871 0
0.378501 0
0.160990 0
0.160700 0
0.083826 0
0.071230 0
0.191132 0
0.313560 0
0.138544 0
0.262517 0
0.583572 0
0.117138 0
0.139461 0
0.099677 0
0.153567 0
0.130519 0
0.379390 0
0.165426 0
0.117704 0
0.021824 0
0.910867 0
0.134585 0
0.123544 0
0.144836 0
0.501410 0
