0.524574 0
0.263105 0
0.118061 0
0.492532 0
0.980987 0
0.226831 0
0.320414 0
0.134624 0
0.065379 0
0.033891 0
0.089975 0
0.216148 0
0.053662 0
0.156820 0
0.192957 0
0.304428 0
0.508790 0
0.266413 0
0.185596 0
0.306778 0
0.349660 0
0.648434 0
0.052188 0
0.059136 0
0.204349 0
0.209265 0
0.549634 0
0.109488 0
0.361499 0
0.196412 0
0.062130 0
0.150807 0
0.077536 0
0.131256 0
0.197388 0
0.061164 0
0.419628 0
0.029745 0
0.614769 0
0.112949 0
0.032199 0
0.221559 0
0.088051 0
0.577075 0
0.094046 0
0.137928 0
0.093848 0
0.011848 0
0.107295 0
0.125048 0
0.267121 0
0.047847 0
0.816810 0
0.091557 0
0.288625 0
0.005675 0
0.281825 0
0.042462 0
0.176323 0
0.326961 0
0.066917 0
0.202007 0
