0.196062 0
0.161115 0
0.101785 0
0.195989 0
0.119413 0
0.201812 0
0.112994 0
0.168141 0
0.096578 0
0.179822 0
0.294490 0
0.112388 0
0.100724 0
0.199087 0
0.132004 0
0.101422 0
0.179796 0
0.278262 0
0.017739 0
0.026000 0
0.058688 0
0.188498 0
0.166560 0
0.109150 0
0.045148 0
0.095998 0
0.098284 0
0.148674 0
0.208522 0
0.112478 0
0.046625 0
0.028168 0
0.081836 0
0.136166 0
0.127285 0
0.102750 0
0.099504 0
0.106444 0
0.152849 0
0.115411 0
0.157275 0
0.131542 0
0.096926 0
0.217735 0
0.124484 0
0.088638 0
0.264658 0
0.264454 0
0.166115 0
0.164426 0
0.165780 0
0.024315 0
0.345405 0
0.129924 0
0.093545 0
