0.426362 0
0.164424 0
0.104509 0
0.213569 0
0.666185 0
0.347262 0
0.529745 0
0.315531 0
0.291105 0
0.124200 0
0.074604 0
0.279182 0
0.066484 0
0.152380 0
0.060731 0
0.147240 0
0.168449 0
0.392916 0
0.142822 0
0.315268 0
0.235155 0
0.497804 0
0.175227 0
0.058967 0
0.115699 0
0.050170 0
0.089848 0
0.140498 0
0.084715 0
0.049274 0
0.299447 0
0.122695 0
0.216698 0
0.208861 0
0.139654 0
0.604301 0
0.615649 0
0.140062 0
0.073899 0
0.292213 0
0.141911 0
0.586015 0
0.116322 0
0.087300 0
0.008290 0
0.147392 0
0.034361 0
0.069956 0
0.043004 0
0.002605 0
0.021854 0
0.073808 0
0.075107 0
0.174770 0
0.083980 0
0.191890 0
0.065239 0
0.423040 0
0.039351 0
0.015905 0
0.246822 0
0.149949 0
0.337644 0
0.100906 0
0.176553 0
0.256756 0
0.046241 0
0.059724 0
0.224484 0
0.038269 0
0.053667 0
0.346668 0
0.057836 0
0.177577 0
0.051415 0
0.111949 0
0.183177 0
0.016154 0
0.082005 0
0.421161 0
0.068490 0
0.046641 0
0.091652 0
