0.200666 0
0.166820 0
0.205089 0
0.187356 0
0.040219 0
0.339259 0
0.177411 0
0.113230 0
0.061332 0
0.332223 0
0.156846 0
0.117528 0
0.189608 0
0.141899 0
0.268020 0
0.136640 0
0.037938 0
0.080719 0
0.120063 0
0.154596 0
0.213155 0
0.135321 0
0.027903 0
0.180438 0
0.129060 0
0.265274 0
0.051528 0
0.065566 0
0.006090 0
0.121105 0
0.033754 0
0.226700 0
0.398289 0
0.067611 0
0.799210 0
0.208448 0
1.208473 0
0.064737 0
0.548961 0
0.093486 0
0.011692 0
0.133166 0
0.059370 0
0.186169 0
0.507783 0
0.223047 0
0.035532 0
0.162174 0
0.006922 0
0.036548 0
0.026912 0
0.506282 0
0.002257 0
0.037548 0
0.087702 0
0.046530 0
0.364573 0
0.087471 0
0.031066 0
0.249152 0
0.088513 0
0.288425 0
0.277703 0
0.513081 0
0.187999 0
0.082086 0
0.183794 0
