0.084834 0
0.037208 0
0.047730 0
0.155089 0
0.017508 0
0.051977 0
0.085879 0
0.296790 0
0.688106 0
0.324710 0
0.204187 0
0.047588 0
0.224274 0
0.584106 0
0.114585 0
0.057308 0
0.128311 0
0.117599 0
0.144903 0
0.032757 0
0.102621 0
0.067875 0
0.135084 0
0.014017 0
0.253228 0
0.145816 0
0.461353 0
0.161932 0
0.256417 0
0.060900 0
0.039303 0
0.136723 0
0.027572 0
0.388839 0
0.230773 0
0.391519 0
0.415484 0
0.059576 0
0.141935 0
0.053222 0
0.189699 0
0.007044 0
0.057038 0
0.041795 0
0.109423 0
0.063146 0
0.043119 0
0.219095 0
0.008359 0
0.050287 0
0.188708 0
0.190376 0
0.420485 0
0.127695 0
