0.254475 0
0.404529 0
0.078151 0
0.268501 0
0.285630 0
0.047683 0
0.177975 0
0.102870 0
0.196086 0
0.221476 0
0.142433 0
0.132957 0
0.041187 0
0.102021 0
0.089637 0
0.081459 0
0.243331 0
0.268785 0
0.116435 0
0.155706 0
0.175941 0
0.079008 0
0.239872 0
0.488510 0
0.101142 0
0.438721 0
0.091042 0
0.135169 0
0.228842 0
0.194667 0
0.097185 0
0.198278 0
0.105794 0
0.189902 0
0.011834 0
0.117750 0
0.097470 0
0.234649 0
0.214031 0
0.179070 0
0.187214 0
0.082468 0
0.244241 0
0.252186 0
0.097985 0
0.212251 0
0.164683 0
0.165132 0
0.144486 0
0.013761 0
0.141636 0
0.268274 0
0.180429 0
0.065557 0
0.004824 0
0.163935 0
0.047251 0
0.317375 0
0.122764 0
0.173738 0
0.139703 0
0.110806 0
0.057911 0
0.045166 0
0.186148 0
0.109019 0
0.055659 0
0.162149 0
0.249351 0
0.155896 0
0.118349 0
0.120850 0
0.079249 0
