0.109335 0
0.459149 0
0.215150 0
0.047423 0
0.115172 0
0.088729 0
0.152668 0
0.058702 0
0.257339 0
0.082221 0
0.479259 0
0.229386 0
0.036393 0
0.132846 0
0.281094 0
0.096225 0
0.412999 0
0.123562 0
0.112019 0
0.056507 0
0.983388 0
0.336691 0
0.405410 0
0.197473 0
0.283591 0
0.590642 0
0.312001 0
0.097251 0
0.182633 0
0.049555 0
0.261142 0
0.339902 0
0.369411 0
0.083609 0
0.217368 0
0.052055 0
0.226761 0
0.222927 0
0.499768 0
0.139584 0
0.205351 0
0.092023 0
0.454853 0
0.817564 0
0.018258 0
0.319786 0
0.655823 0
0.047157 0
0.212700 0
0.087453 0
0.180045 0
0.203214 0
0.025289 0
0.337921 0
0.079823 0
