0.327639 0
0.145506 0
0.270643 0
0.362777 0
0.217393 0
0.120880 0
0.292670 0
0.485249 0
0.128482 0
0.482836 0
0.168670 0
0.133430 0
0.075007 0
0.089496 0
0.249720 0
0.269195 0
0.147357 0
0.169225 0
0.185137 0
0.132926 0
0.260675 0
0.065409 0
0.474543 0
0.141454 0
0.179190 0
0.090173 0
0.136768 0
0.166415 0
0.126540 0
0.110695 0
0.032888 0
0.301101 0
0.274763 0
0.604254 0
0.094238 0
0.203485 0
0.129316 0
0.109682 0
0.297203 0
0.373982 0
0.095031 0
0.100829 0
0.159465 0
0.122995 0
0.053907 0
0.795591 0
0.094247 0
0.155620 0
0.027098 0
0.190051 0
0.074229 0
0.090336 0
0.125855 0
0.129530 0
0.417299 0
0.434996 0
0.159716 0
0.198095 0
0.335542 0
0.289265 0
0.337696 0
0.271776 0
0.608601 0
0.422787 0
