0.159207 0
0.174728 0
0.746762 0
0.274870 0
0.090761 0
0.475577 0
0.109371 0
0.167290 0
0.230516 0
0.781530 0
0.105531 0
0.218939 0
0.265349 0
0.215387 0
0.272526 0
0.230970 0
0.354265 0
0.140846 0
0.208361 0
0.676435 0
0.239390 0
0.106511 0
0.036632 0
0.272701 0
0.453845 0
0.532575 0
0.178375 0
0.199224 0
0.136779 0
0.202126 0
0.257075 0
0.102375 0
0.065771 0
0.267819 0
0.372604 0
0.089166 0
0.346896 0
0.307969 0
0.295971 0
0.043339 0
0.027528 0
0.059717 0
0.198743 0
0.405673 0
0.097107 0
0.133410 0
0.182199 0
0.252392 0
0.116043 0
0.427653 0
0.220414 0
0.181805 0
0.331710 0
0.290716 0
0.042904 0
0.135858 0
0.124628 0
0.209841 0
0.253220 0
0.048150 0
0.043983 0
0.309213 0
0.355148 0
0.214440 0
0.275646 0
0.063132 0
0.062535 0
0.268435 0
0.401136 0
0.076644 0
0.104863 0
0.091646 0
0.175948 0
0.133157 0
