0.447254 0
0.206461 0
0.576704 0
1.886228 0
0.112171 0
0.978626 0
0.290687 0
0.291945 0
0.275219 0
0.273037 0
1.070449 0
0.505813 0
0.586835 0
0.710001 0
0.220378 0
0.043421 0
0.334392 0
0.093100 0
0.648251 0
0.166157 0
0.507347 0
1.566565 0
0.135059 0
0.216121 0
0.016939 0
0.458675 0
0.533842 0
0.764823 0
0.231434 0
0.342608 0
0.016564 0
0.274307 0
0.104915 0
0.005687 0
0.119287 0
0.072082 0
0.242680 0
0.550249 0
0.250839 0
0.066975 0
0.755774 0
0.380092 0
0.637319 0
0.132804 0
0.218495 0
0.042330 0
0.137211 0
1.080739 0
