0.307129 0
0.883028 0
0.155285 0
0.322390 0
0.530760 0
0.935082 0
0.790242 0
0.392725 0
0.972719 0
0.243011 0
0.116201 0
0.093319 0
0.425818 0
0.324393 0
0.487085 0
0.119644 0
0.131853 0
0.183588 0
0.369229 0
0.734440 0
0.057776 0
0.112666 0
0.023955 0
0.740496 0
0.057521 0
0.138717 0
0.739220 0
0.037955 0
0.011829 0
0.425324 0
0.044208 0
0.191208 0
0.024413 0
0.313015 0
0.118402 0
0.219955 0
0.605246 0
0.494627 0
0.754866 0
0.144253 0
0.210681 0
0.365302 0
0.148209 0
1.337044 0
0.584934 0
0.604549 0
0.146287 0
1.215008 0
0.303723 0
0.522871 0
0.169498 0
0.229296 0
0.069025 0
0.050896 0
0.958495 0
0.062140 0
0.008508 0
0.008743 0
0.195929 0
0.207535 0
0.064314 0
0.207030 0
0.073364 0
0.338228 0
0.149361 0
0.116208 0
0.033617 0
0.086203 0
0.171024 0
1.239777 0
