0.121759 0
0.360277 0
0.068137 0
0.177352 0
0.309545 0
0.284711 0
0.221558 0
0.186473 0
0.060518 0
0.073009 0
0.079746 0
0.249176 0
0.103373 0
0.089490 0
0.271373 0
0.067351 0
0.097358 0
0.215352 0
0.141357 0
0.296501 0
0.115756 0
0.116817 0
0.085337 0
0.318251 0
0.154685 0
0.167690 0
0.166098 0
0.184796 0
0.285259 0
0.198767 0
0.086949 0
0.099119 0
0.146797 0
0.167102 0
0.347354 0
0.099166 0
0.030222 0
0.103466 0
0.137194 0
0.150624 0
0.063468 0
0.266373 0
0.064728 0
0.062971 0
0.314412 0
0.006026 0
0.035465 0
0.380131 0
0.105363 0
0.080512 0
0.112682 0
0.337440 0
0.174740 0
0.039168 0
0.150338 0
0.100219 0
0.130979 0
0.231758 0
0.120703 0
0.045079 0
0.139657 0
0.038953 0
0.319374 0
0.147942 0
0.119915 0
0.115873 0
0.269523 0
0.155310 0
