0.436282 0
0.064891 0
0.261623 0
0.262578 0
0.113195 0
0.824515 0
0.242806 0
0.237350 0
0.210711 0
0.079690 0
0.424262 0
0.051211 0
0.323443 0
0.108403 0
0.311132 0
0.023613 0
0.045616 0
0.830089 0
0.207058 0
0.307196 0
0.107930 0
0.333889 0
0.230490 0
0.206114 0
0.709139 0
0.285139 0
0.561359 0
0.223484 0
0.164333 0
0.242089 0
0.549503 0
0.284032 0
0.087110 0
0.142681 0
0.380798 0
0.173205 0
0.798487 0
0.368592 0
0.044012 0
0.126813 0
0.211916 0
0.190956 0
0.638229 0
0.508134 0
0.260633 0
0.167927 0
0.257942 0
0.024314 0
0.191161 0
0.354039 0
