0.382377 0
0.255084 0
0.167037 0
0.145276 0
0.182508 0
1.075495 0
0.093403 0
0.938210 0
0.120695 0
0.203914 0
0.176756 0
0.716352 0
0.420274 0
0.141601 0
0.885068 0
0.405078 0
0.186036 0
0.136244 0
0.594440 0
0.495315 0
0.493347 0
0.320216 0
0.367512 0
0.091125 0
0.555133 0
0.018887 0
0.746603 0
0.490674 0
0.055292 0
0.315372 0
0.196949 0
0.534532 0
0.145168 0
0.357687 0
0.706908 0
0.276633 0
0.205961 0
0.418867 0
0.111241 0
0.677914 0
0.129755 0
0.286628 0
0.094650 0
0.104420 0
0.025360 0
0.653586 0
