0.069351 0
0.059355 0
0.030089 0
0.044312 0
0.035489 0
0.034038 0
0.036159 0
0.070907 0
0.043185 0
0.028704 0
0.025879 0
0.043248 0
0.040376 0
0.047248 0
0.024069 0
0.025233 0
0.036857 0
0.086163 0
0.026192 0
0.029477 0
0.121399 0
0.026946 0
0.120983 0
0.038789 0
0.017063 0
0.026377 0
0.039819 0
0.155415 0
0.046982 0
0.066299 0
0.028726 0
0.023530 0
0.031895 0
0.044803 0
0.036049 0
0.060991 0
0.026805 0
0.027088 0
0.054008 0
0.072904 0
0.028262 0
0.032794 0
0.039262 0
0.043439 0
0.073201 0
0.034611 0
0.067633 0
