0.105998 0
0.084455 0
0.149708 0
0.103702 0
0.075787 0
0.149926 0
0.027112 0
0.208421 0
0.097373 0
0.097208 0
0.105646 0
0.105720 0
0.036065 0
0.200772 0
0.034725 0
0.109895 0
0.033966 0
0.033775 0
0.081409 0
0.257664 0
0.102789 0
0.142319 0
0.075279 0
0.042063 0
0.032639 0
0.045885 0
0.195860 0
0.083329 0
0.135735 0
0.158243 0
0.044429 0
0.098567 0
0.014525 0
0.035467 0
0.073107 0
0.222394 0
0.068636 0
0.048235 0
0.051969 0
0.106279 0
0.204944 0
0.086979 0
0.173763 0
0.504110 0
0.122085 0
0.091716 0
0.055792 0
0.058190 0
0.035554 0
0.040008 0
0.224737 0
0.007679 0
0.037024 0
0.059270 0
0.102248 0
0.100199 0
0.084039 0
0.051294 0
0.189278 0
0.032357 0
0.041389 0
0.012667 0
0.035321 0
0.033096 0
0.058976 0
0.042112 0
0.190976 0
0.326530 0
0.022062 0
0.108479 0
0.092866 0
0.267996 0
0.124946 0
0.085096 0
0.094597 0
0.056059 0
0.285108 0
0.055320 0
0.046402 0
0.107252 0
0.159593 0
0.051391 0
0.089276 0
0.008191 0
0.027427 0
0.003753 0
0.124410 0
0.084175 0
0.080724 0
0.083609 0
0.052792 0
0.035427 0
0.255689 0
0.111499 0
0.049392 0
