0.146887 0
0.152359 0
0.137086 0
0.176151 0
0.118996 0
0.186376 0
0.118393 0
0.062790 0
0.230986 0
0.127832 0
0.207685 0
0.180051 0
0.160491 0
0.160819 0
0.172835 0
0.109055 0
0.213267 0
0.112091 0
0.134560 0
0.113416 0
0.122157 0
0.134362 0
0.121330 0
0.163236 0
0.160279 0
0.132194 0
0.203950 0
0.025805 0
0.166399 0
0.110618 0
0.119657 0
0.123789 0
0.011495 0
0.223527 0
0.156695 0
0.122917 0
0.116707 0
0.119714 0
0.116472 0
0.118296 0
0.145311 0
0.136887 0
0.112736 0
0.120061 0
0.112501 0
0.108935 0
0.123997 0
0.115536 0
0.147611 0
0.127201 0
0.124888 0
0.120399 0
0.259608 0
0.153758 0
0.055314 0
0.203451 0
0.125090 0
0.163332 0
0.153115 0
0.113475 0
0.078340 0
0.169494 0
