0.296669 0
0.129839 0
0.157833 0
0.277111 0
0.241032 0
0.273197 0
0.568127 0
0.171375 0
0.113244 0
0.342314 0
0.052151 0
0.379944 0
0.150276 0
0.064681 0
0.189498 0
0.143976 0
0.095079 0
0.048049 0
0.430765 0
0.327437 0
0.150277 0
0.126151 0
0.065990 0
0.109052 0
0.072951 0
0.563128 0
0.502253 0
0.083176 0
0.044494 0
0.402718 0
0.115637 0
0.260124 0
0.272588 0
0.120030 0
0.063976 0
0.429392 0
0.100758 0
0.181747 0
0.532610 0
0.069978 0
0.080430 0
0.134273 0
0.159526 0
0.155921 0
0.109963 0
0.173180 0
0.074142 0
0.320860 0
0.192167 0
0.066053 0
0.064096 0
0.320607 0
0.180209 0
0.064358 0
0.046689 0
0.310933 0
0.158153 0
0.033397 0
0.257362 0
