0.082807 0
0.094771 0
0.089421 0
0.134978 0
0.077006 0
0.163616 0
0.078373 0
0.134964 0
0.177298 0
0.081435 0
0.246933 0
0.081036 0
0.107532 0
0.048867 0
0.182330 0
0.093636 0
0.081618 0
0.135223 0
0.096822 0
0.100552 0
0.089907 0
0.112441 0
0.165752 0
0.163965 0
0.095351 0
0.144179 0
0.155005 0
0.099581 0
0.010052 0
0.121888 0
0.132925 0
0.140125 0
0.150755 0
0.077376 0
0.078822 0
0.077408 0
0.112979 0
0.117916 0
0.104338 0
0.136056 0
0.046906 0
0.153407 0
0.100836 0
0.155242 0
0.084599 0
0.085102 0
0.106037 0
0.076744 0
0.091934 0
0.176359 0
0.137978 0
0.107512 0
0.075799 0
0.147322 0
0.103022 0
0.150397 0
0.301279 0
0.098298 0
0.077301 0
0.083982 0
0.118165 0
0.080385 0
0.048080 0
0.117397 0
0.133396 0
0.097670 0
