0.773479 0
0.460850 0
0.205047 0
0.879009 0
0.100524 0
0.509010 0
0.363706 0
0.444345 0
0.048405 0
0.175841 0
0.163969 0
0.210987 0
0.232806 0
1.036518 0
0.140747 0
0.023838 0
0.168931 0
0.037462 0
1.111159 0
0.107652 0
0.517886 0
0.840087 0
0.077492 0
0.515593 0
0.340374 0
0.262760 0
0.153101 0
1.084775 0
0.197366 0
0.472048 0
0.319403 0
0.449871 0
0.042282 0
0.236508 0
0.527600 0
0.171346 0
0.029275 0
1.170000 0
0.619798 0
0.517986 0
0.292569 0
0.485340 0
0.037554 0
0.175376 0
0.287997 0
0.211679 0
0.147416 0
0.680939 0
0.201092 0
0.696863 0
0.617545 0
0.184123 0
0.112895 0
0.210997 0
0.540583 0
0.036427 0
0.589198 0
0.694599 0
