0.149519 0
0.110101 0
0.239248 0
0.079710 0
0.100305 0
0.607251 0
0.209632 0
0.234054 0
0.838436 0
0.476690 0
0.171263 0
0.201957 0
0.088410 0
0.060146 0
0.236734 0
0.067063 0
0.456799 0
0.145863 0
0.301263 0
0.242923 0
0.125611 0
0.122267 0
0.466449 0
0.138525 0
0.157416 0
0.359198 0
0.066719 0
0.017961 0
0.091572 0
0.200076 0
0.132357 0
0.088464 0
0.285905 0
0.297749 0
0.536545 0
0.151495 0
0.158451 0
0.255181 0
0.208249 0
0.096008 0
0.207331 0
0.221111 0
0.187192 0
0.131927 0
0.010388 0
0.333515 0
0.318082 0
0.014737 0
0.238698 0
0.172317 0
0.072130 0
0.127867 0
0.138517 0
0.146211 0
0.259533 0
0.105866 0
0.245471 0
0.256530 0
0.024538 0
0.138291 0
