0.109038 0
0.136576 0
0.122597 0
0.218664 0
0.161867 0
0.206016 0
0.050541 0
0.118414 0
0.063040 0
0.279288 0
0.293950 0
0.140356 0
0.060352 0
0.128838 0
0.361964 0
0.189875 0
0.015277 0
0.288887 0
0.061979 0
0.126853 0
0.253653 0
0.071289 0
0.071694 0
0.107571 0
0.071287 0
0.112007 0
0.108213 0
0.043438 0
0.120361 0
0.045064 0
0.079365 0
0.265912 0
0.049304 0
0.093651 0
0.219227 0
0.363977 0
0.050877 0
0.757750 0
0.013537 0
0.165396 0
0.132398 0
0.292314 0
0.290927 0
0.151964 0
0.049706 0
0.160056 0
0.171860 0
0.129547 0
0.210164 0
0.174272 0
0.352628 0
0.097983 0
0.183438 0
