0.065088 0
0.063156 0
0.088949 0
0.060481 0
0.088187 0
0.070319 0
0.111268 0
0.067107 0
0.078095 0
0.053582 0
0.033672 0
0.097687 0
0.105495 0
0.078736 0
0.145738 0
0.033411 0
0.049779 0
0.069029 0
0.079904 0
0.162473 0
0.098553 0
0.140382 0
0.114285 0
0.036825 0
0.065064 0
0.094672 0
0.101355 0
0.094257 0
0.075833 0
0.078767 0
0.101106 0
0.061516 0
0.064884 0
0.074229 0
0.059013 0
0.099243 0
0.095768 0
0.105928 0
0.063032 0
0.064068 0
0.128528 0
0.075657 0
0.109251 0
0.067923 0
0.102046 0
0.099116 0
