0.024012 0
0.075399 0
0.031103 0
0.035798 0
0.017727 0
0.019126 0
0.036906 0
0.017023 0
0.015841 0
0.013145 0
0.045697 0
0.026801 0
0.022643 0
0.015618 0
0.014886 0
0.011720 0
0.013580 0
0.089406 0
0.083449 0
0.049269 0
0.011550 0
0.016172 0
0.026821 0
0.018934 0
0.077744 0
0.012139 0
0.026516 0
0.038653 0
0.054777 0
0.020918 0
0.027458 0
0.016456 0
0.051402 0
0.030968 0
0.018385 0
0.017623 0
0.032214 0
0.035725 0
0.015417 0
0.022801 0
0.024380 0
0.036558 0
0.044783 0
0.023620 0
0.018253 0
0.026141 0
0.028622 0
0.020295 0
0.053935 0
0.021020 0
0.024439 0
0.026179 0
0.012829 0
0.015272 0
0.050563 0
0.039819 0
0.014413 0
0.012279 0
0.014852 0
0.026850 0
0.073338 0
0.020290 0
0.032711 0
0.028433 0
0.020245 0
0.014338 0
0.019291 0
0.019841 0
