0.148138 0
0.348962 0
0.067768 0
0.179260 0
0.181015 0
0.145430 0
0.089345 0
0.263726 0
0.233516 0
0.102418 0
0.083958 0
0.025404 0
0.111608 0
0.085182 0
0.388315 0
0.122898 0
0.534572 0
0.277701 0
0.497071 0
0.538310 0
0.191687 0
0.586704 0
0.174455 0
0.029672 0
0.307743 0
0.510394 0
0.191554 0
0.159325 0
0.070422 0
0.387348 0
0.253638 0
0.114169 0
0.152461 0
0.489071 0
0.413277 0
0.068919 0
0.335168 0
0.226879 0
0.332463 0
0.236640 0
0.085214 0
0.117796 0
0.111486 0
0.148659 0
0.138974 0
0.391131 0
0.645534 0
0.035588 0
0.019163 0
0.466449 0
0.288345 0
0.084830 0
