0.147166 0
0.403256 0
0.513248 0
0.198041 0
0.691637 0
0.439389 0
0.288406 0
0.070833 0
0.366879 0
0.039998 0
0.568801 0
0.200429 0
0.177855 0
0.096467 0
0.198918 0
0.541065 0
0.093701 0
0.254062 0
0.036208 0
0.087433 0
0.115930 0
0.038604 0
0.488998 0
0.289845 0
0.070524 0
0.484873 0
0.381211 0
0.694665 0
0.221855 0
0.034160 0
0.022996 0
0.030312 0
0.054788 0
0.022965 0
0.138674 0
0.861007 0
0.100128 0
0.589529 0
0.105589 0
0.030441 0
0.019432 0
0.148134 0
0.361353 0
0.062960 0
0.203872 0
0.215032 0
0.611088 0
0.091231 0
0.720133 0
0.098066 0
0.127971 0
0.338132 0
0.551798 0
0.152108 0
0.070407 0
0.045721 0
0.048490 0
0.125078 0
0.120038 0
0.615144 0
0.079282 0
0.917305 0
0.437182 0
0.277355 0
0.163993 0
0.032130 0
0.171769 0
0.136398 0
0.174321 0
0.339618 0
0.256261 0
0.154935 0
0.282765 0
0.189030 0
0.346072 0
0.298322 0
0.329098 0
0.239093 0
0.154100 0
0.271261 0
0.290949 0
0.647759 0
0.024951 0
