0.196469 0
0.046443 0
0.164829 0
0.071518 0
0.107895 0
0.052233 0
0.138377 0
0.046342 0
0.061100 0
0.070752 0
0.052792 0
0.219523 0
0.074382 0
0.045193 0
0.081823 0
0.072435 0
0.161829 0
0.229833 0
0.024440 0
0.120662 0
0.148523 0
0.086515 0
0.254231 0
0.046527 0
0.118435 0
0.060454 0
0.043880 0
0.154867 0
0.044548 0
0.062237 0
0.194809 0
0.075739 0
0.118631 0
0.156453 0
0.075521 0
0.068585 0
0.063993 0
0.152784 0
0.107112 0
0.212560 0
0.043486 0
0.175913 0
0.053358 0
0.129342 0
0.163336 0
0.097603 0
0.012766 0
0.067123 0
0.070697 0
0.243862 0
0.207489 0
0.168260 0
0.077530 0
0.127689 0
0.320972 0
0.060835 0
0.168440 0
0.126943 0
0.037790 0
0.130561 0
0.061819 0
0.109115 0
0.127478 0
0.098027 0
0.133115 0
0.128804 0
0.015116 0
0.068883 0
0.076690 0
0.175633 0
0.101109 0
0.081587 0
0.086490 0
0.149643 0
0.099170 0
0.223705 0
