0.113773 0
0.108706 0
0.058823 0
0.065814 0
0.145903 0
0.062224 0
0.065028 0
0.072532 0
0.089855 0
0.066051 0
0.135898 0
0.078312 0
0.097567 0
0.132226 0
0.135275 0
0.058264 0
0.075383 0
0.177227 0
0.038447 0
0.059862 0
0.149080 0
0.114724 0
0.095592 0
0.218662 0
0.196020 0
0.087531 0
0.045220 0
0.131800 0
0.234102 0
0.094094 0
0.146694 0
0.077813 0
0.112488 0
0.126641 0
0.080617 0
0.016166 0
0.078497 0
0.076026 0
0.116097 0
0.089626 0
0.250562 0
0.076493 0
0.017809 0
0.016703 0
0.198804 0
0.163907 0
0.078844 0
0.218883 0
0.229866 0
0.135902 0
0.127798 0
0.175078 0
0.092800 0
0.061868 0
0.058219 0
0.080377 0
0.330787 0
0.094370 0
0.087379 0
0.114088 0
0.143144 0
0.071132 0
0.049032 0
0.161621 0
0.136334 0
0.092651 0
0.158195 0
0.099165 0
0.108974 0
0.070481 0
0.067955 0
0.134880 0
0.065171 0
0.237082 0
0.086120 0
0.064218 0
0.092172 0
0.069909 0
0.157254 0
0.134826 0
0.026089 0
0.072603 0
0.142776 0
0.116399 0
0.265894 0
0.204343 0
0.161499 0
0.105471 0
0.116440 0
0.193209 0
0.105137 0
0.088454 0
0.064154 0
0.057382 0
0.117915 0
0.065770 0
0.143990 0
