0.175069 0
0.212794 0
0.177037 0
0.150015 0
0.124576 0
0.149522 0
0.122351 0
0.247876 0
0.164608 0
0.347438 0
0.123943 0
0.166865 0
0.095756 0
0.317853 0
0.326766 0
0.685557 0
0.252466 0
0.377211 0
0.046774 0
0.282542 0
0.108126 0
0.044612 0
0.127403 0
0.313978 0
0.193404 0
0.590874 0
0.944322 0
0.056772 0
0.120498 0
0.185703 0
0.084648 0
0.051287 0
0.241956 0
0.660817 0
0.135077 0
0.164779 0
0.099812 0
0.248353 0
0.297475 0
0.070251 0
0.570634 0
0.099616 0
0.108889 0
0.004590 0
0.376964 0
0.144686 0
0.053296 0
0.153241 0
0.081032 0
0.005840 0
0.197216 0
0.116865 0
