0.055764 0
0.048199 0
0.046792 0
0.051603 0
0.061726 0
0.049675 0
0.046794 0
0.034066 0
0.045384 0
0.053616 0
0.050426 0
0.047368 0
0.030290 0
0.050414 0
0.053757 0
0.053833 0
0.059799 0
0.052466 0
0.035390 0
0.007646 0
0.052275 0
0.052027 0
0.050917 0
0.051924 0
0.051009 0
0.053720 0
0.047481 0
0.046656 0
0.055897 0
0.050242 0
0.046646 0
0.048737 0
0.048328 0
0.074737 0
0.046872 0
0.048849 0
0.005483 0
0.048286 0
0.047430 0
0.046811 0
0.002179 0
0.057795 0
0.046945 0
0.047481 0
0.051626 0
0.004423 0
0.069808 0
0.051509 0
0.047617 0
0.034198 0
0.050802 0
0.013955 0
0.052532 0
0.047672 0
0.050554 0
0.046985 0
0.046744 0
0.048788 0
0.048380 0
0.048270 0
0.048943 0
