0.126192 0
0.061646 0
0.036292 0
0.044450 0
0.035260 0
0.035874 0
0.035783 0
0.027459 0
0.179739 0
0.078664 0
0.040634 0
0.045124 0
0.073774 0
0.071819 0
0.046923 0
0.034519 0
0.043544 0
0.067597 0
0.150994 0
0.008875 0
0.130832 0
0.042908 0
0.037233 0
0.031620 0
0.052733 0
0.052559 0
0.055684 0
0.112932 0
0.043178 0
0.049257 0
0.063328 0
0.053589 0
0.031113 0
0.036185 0
0.100397 0
0.080863 0
0.047393 0
0.117229 0
0.040950 0
0.031801 0
0.043395 0
0.039608 0
0.074281 0
0.057029 0
0.045110 0
0.088544 0
0.101524 0
0.091204 0
0.042837 0
0.038748 0
0.037477 0
0.086952 0
0.103013 0
0.133883 0
0.038612 0
0.034002 0
0.065217 0
0.059957 0
0.031156 0
0.057832 0
0.010284 0
0.047496 0
0.027202 0
0.055605 0
0.043511 0
0.049604 0
0.053854 0
0.044602 0
0.015528 0
0.068196 0
0.036025 0
0.097849 0
0.079331 0
