0.101898 0
0.052741 0
0.537022 0
0.076100 0
0.037796 0
0.052262 0
0.047855 0
0.056035 0
0.032065 0
0.149803 0
0.049525 0
0.089019 0
0.021186 0
0.059731 0
0.099148 0
0.050889 0
0.102833 0
0.158777 0
0.044468 0
0.007963 0
0.045252 0
0.073967 0
0.129743 0
0.110541 0
0.065312 0
0.020849 0
0.034492 0
0.070865 0
0.058816 0
0.034455 0
0.128896 0
0.039014 0
0.033249 0
0.052836 0
0.031031 0
0.104615 0
0.061804 0
0.061566 0
0.094233 0
0.040948 0
0.069316 0
0.068659 0
0.062035 0
0.079207 0
0.132457 0
0.204490 0
0.105801 0
0.180370 0
0.109300 0
0.014726 0
0.175952 0
0.078272 0
0.136203 0
0.128711 0
0.086798 0
0.027949 0
0.078903 0
0.036490 0
0.103489 0
0.037151 0
0.147305 0
0.353238 0
0.060879 0
0.242958 0
0.064575 0
0.040959 0
0.048909 0
0.177283 0
0.033823 0
0.037570 0
