0.254506 0
1.120882 0
0.403046 0
0.373553 0
0.148548 0
0.065294 0
0.050148 0
0.133315 0
0.114524 0
0.101988 0
0.289228 0
0.340134 0
0.079110 0
0.034418 0
0.326905 0
0.035426 0
0.323113 0
0.028495 0
0.086803 0
0.205534 0
0.194257 0
0.252165 0
0.071108 0
0.116198 0
0.053569 0
0.166450 0
0.144064 0
0.305830 0
0.204123 0
0.223773 0
0.051371 0
0.066318 0
0.112312 0
0.062313 0
0.079765 0
0.347389 0
0.359698 0
0.133729 0
0.108129 0
0.041854 0
0.001629 0
0.027845 0
0.115363 0
0.088228 0
0.110676 0
0.133497 0
0.488283 0
0.182015 0
0.080487 0
0.059647 0
0.140633 0
0.075142 0
0.025300 0
0.059294 0
