0.115502 0
0.187124 0
0.092863 0
0.053647 0
0.129304 0
0.077982 0
0.060420 0
0.165367 0
0.096419 0
0.088894 0
0.191881 0
0.138118 0
0.062088 0
0.073966 0
0.105171 0
0.230641 0
0.057451 0
0.078471 0
0.091818 0
0.069808 0
0.084259 0
0.059194 0
0.031159 0
0.100276 0
0.092217 0
0.099217 0
0.182408 0
0.045443 0
0.076476 0
0.083360 0
0.072406 0
0.068450 0
0.070666 0
0.063366 0
0.110329 0
0.125202 0
0.003339 0
0.180004 0
0.071030 0
0.094003 0
0.116735 0
0.077028 0
0.155915 0
0.101065 0
0.138733 0
0.105676 0
0.092840 0
0.063215 0
0.078545 0
0.161830 0
0.203801 0
