0.154500 0
0.083784 0
0.250360 0
0.131856 0
0.101265 0
0.272114 0
0.128162 0
0.121577 0
0.073305 0
0.137758 0
0.102403 0
0.083080 0
0.205494 0
0.038514 0
0.263174 0
0.177842 0
0.183881 0
0.149911 0
0.192724 0
0.300203 0
0.172012 0
0.138794 0
0.115266 0
0.391031 0
0.179330 0
0.179538 0
0.208461 0
0.077157 0
0.254898 0
0.394075 0
0.247903 0
0.111257 0
0.371857 0
0.256699 0
0.072129 0
0.121052 0
0.320099 0
0.065968 0
0.209553 0
0.213876 0
0.146945 0
0.108900 0
0.023198 0
0.125448 0
0.080902 0
0.096846 0
0.028943 0
0.202575 0
0.121284 0
0.092936 0
0.220548 0
0.191609 0
0.133428 0
0.060056 0
0.162207 0
0.089222 0
0.245356 0
0.231779 0
0.120499 0
0.149574 0
0.225876 0
0.086716 0
0.113851 0
0.079104 0
0.399361 0
0.086397 0
0.066181 0
0.103353 0
0.315562 0
0.128868 0
0.118571 0
0.131705 0
0.135006 0
0.136779 0
