0.244111 0
0.059257 0
0.079609 0
0.063655 0
0.144698 0
0.171127 0
0.075465 0
0.145679 0
0.109762 0
0.104651 0
0.176473 0
0.220136 0
0.054717 0
0.128957 0
0.158924 0
0.040995 0
0.024538 0
0.118833 0
0.045581 0
0.076790 0
0.282859 0
0.160022 0
0.187201 0
0.104440 0
0.244454 0
0.285357 0
0.095975 0
0.055000 0
0.065653 0
0.197398 0
0.076575 0
0.069911 0
0.046751 0
0.140110 0
0.054107 0
0.068364 0
0.091691 0
0.286477 0
0.011953 0
0.109470 0
0.081352 0
0.053216 0
0.040373 0
0.055352 0
0.697477 0
0.062077 0
0.062387 0
0.129656 0
0.073925 0
0.548432 0
0.121904 0
0.199964 0
0.079911 0
0.130729 0
0.046633 0
0.047963 0
0.053017 0
0.166036 0
0.185846 0
0.073354 0
0.015193 0
0.109422 0
0.208114 0
0.181817 0
0.048452 0
0.031626 0
0.152697 0
