0.056337 0
0.045436 0
0.025032 0
0.132999 0
0.191675 0
0.031970 0
0.342698 0
0.100226 0
0.340946 0
0.103089 0
0.020382 0
0.748911 0
0.025893 0
0.106515 0
0.023244 0
0.097436 0
0.019339 0
0.438053 0
0.069526 0
0.056367 0
0.021053 0
0.019359 0
0.096975 0
0.020660 0
0.134263 0
0.154947 0
0.186846 0
0.020465 0
0.241635 0
0.029883 0
0.062544 0
0.090380 0
0.033911 0
0.127544 0
0.104113 0
0.018124 0
0.014582 0
0.036179 0
0.024734 0
0.042004 0
0.112534 0
0.328710 0
0.088777 0
0.011722 0
0.043991 0
0.103950 0
0.156419 0
0.125367 0
0.027438 0
0.129465 0
0.145509 0
0.121008 0
0.192055 0
0.016474 0
0.098484 0
0.099652 0
0.053688 0
0.047625 0
0.279745 0
0.140806 0
0.154495 0
