0.125319 0
0.173179 0
0.276589 0
0.187343 0
0.160664 0
0.157186 0
0.208901 0
0.161526 0
0.120851 0
0.184199 0
0.135921 0
0.390923 0
0.155942 0
0.159624 0
0.204081 0
0.286709 0
0.127261 0
0.230096 0
0.184705 0
0.102027 0
0.282873 0
0.174316 0
0.131809 0
0.283679 0
0.093920 0
0.117993 0
0.101260 0
0.221959 0
0.186026 0
0.145038 0
0.294342 0
0.050974 0
0.129372 0
0.219284 0
0.122172 0
0.140327 0
0.170002 0
0.177656 0
0.035769 0
0.278421 0
0.174664 0
0.162462 0
0.141405 0
0.294056 0
0.255605 0
0.087321 0
0.168621 0
0.156656 0
