0.299832 0
0.149262 0
0.032956 0
0.170835 0
0.853642 0
0.011489 0
0.399306 0
0.033430 0
0.290706 0
0.163361 0
0.006775 0
0.007875 0
0.010197 0
0.484004 0
0.190453 0
0.134298 0
0.047621 0
0.092624 0
0.531930 0
0.023334 0
0.177815 0
0.240325 0
0.052470 0
0.192664 0
0.311292 0
0.086328 0
0.011135 0
0.093230 0
0.132156 0
0.289417 0
0.229788 0
0.370404 0
0.008722 0
0.047852 0
0.248488 0
0.111390 0
0.032761 0
0.094557 0
0.358175 0
0.306551 0
0.085244 0
0.132236 0
0.023769 0
0.319520 0
0.107914 0
0.014140 0
0.331918 0
0.118894 0
0.181602 0
0.707078 0
0.095661 0
0.069666 0
0.002234 0
0.463767 0
