0.023804 0
0.025347 0
0.048869 0
0.071765 0
0.040243 0
0.044085 0
0.023125 0
0.050864 0
0.044137 0
0.042620 0
0.043641 0
0.080900 0
0.019999 0
0.022016 0
0.027013 0
0.084198 0
0.025353 0
0.054986 0
0.022811 0
0.059368 0
0.034036 0
0.021021 0
0.021031 0
0.037570 0
0.030134 0
0.033760 0
0.023271 0
0.032747 0
0.032373 0
0.049101 0
0.040030 0
0.053480 0
0.062577 0
0.021052 0
0.030137 0
0.037229 0
0.036531 0
0.052563 0
0.061752 0
0.023701 0
0.031079 0
0.022091 0
0.044152 0
0.021960 0
0.027933 0
0.039717 0
0.024470 0
0.071890 0
0.045657 0
0.031472 0
0.022833 0
0.036568 0
0.043394 0
0.044167 0
0.112125 0
0.060491 0
0.030572 0
0.024609 0
0.079771 0
0.044656 0
0.122040 0
0.036260 0
0.049027 0
0.023282 0
0.028139 0
0.034373 0
0.055042 0
0.023482 0
0.036423 0
0.034623 0
0.032665 0
0.031513 0
0.029982 0
0.043477 0
0.090766 0
0.023314 0
0.024632 0
0.000791 0
0.028621 0
0.049184 0
0.033736 0
