0.489516 0
0.192064 0
0.344172 0
0.227573 0
0.048873 0
0.233935 0
0.138222 0
0.674429 0
0.036305 0
0.349444 0
0.060768 0
0.250485 0
0.174958 0
0.135965 0
0.145728 0
0.220562 0
0.183058 0
0.038104 0
0.174254 0
0.431961 0
0.270075 0
0.055982 0
0.139103 0
0.180689 0
0.059084 0
0.154096 0
0.382464 0
0.322105 0
0.880019 0
0.103806 0
0.536347 0
0.147351 0
0.207635 0
0.391499 0
0.283088 0
0.176560 0
0.174615 0
0.136183 0
0.234289 0
0.195016 0
0.318915 0
0.196898 0
0.255026 0
0.059513 0
0.310646 0
0.411862 0
0.339222 0
0.296461 0
0.747647 0
0.523994 0
0.465309 0
0.145911 0
0.222809 0
0.196670 0
0.201132 0
0.008857 0
0.200421 0
