0.150404 0
0.032117 0
0.145601 0
0.047339 0
0.147872 0
0.073648 0
0.110670 0
0.074185 0
0.094148 0
0.087428 0
0.052166 0
0.095021 0
0.056607 0
0.060425 0
0.039222 0
0.080667 0
0.097994 0
0.061721 0
0.022343 0
0.052311 0
0.047458 0
0.053783 0
0.230917 0
0.273836 0
0.102983 0
0.054806 0
0.011037 0
0.105482 0
0.196901 0
0.321248 0
0.044916 0
0.265860 0
0.152829 0
0.030735 0
0.343207 0
0.073128 0
0.137955 0
0.005346 0
0.297952 0
0.059017 0
0.086661 0
0.118548 0
0.029815 0
0.032085 0
0.072543 0
0.103921 0
0.135312 0
0.067749 0
0.173882 0
0.058371 0
0.232419 0
0.044774 0
0.212322 0
0.026597 0
0.063101 0
0.044302 0
0.318866 0
0.220534 0
0.048856 0
