0.809730 0
0.255883 0
0.210364 0
0.268615 0
0.103865 0
0.148731 0
0.279625 0
0.153576 0
0.121019 0
0.117228 0
0.110820 0
0.107197 0
0.210661 0
0.401412 0
0.230834 0
0.335954 0
0.130844 0
0.127750 0
0.412315 0
0.239577 0
0.304832 0
0.707110 0
0.042272 0
0.105435 0
0.471852 0
0.031605 0
0.328402 0
0.021389 0
0.125667 0
0.136651 0
0.098825 0
0.137484 0
0.076836 0
0.150724 0
0.077476 0
0.254467 0
0.194365 0
0.129232 0
0.370039 0
0.171113 0
0.020840 0
0.248403 0
0.111003 0
0.220978 0
0.174949 0
0.343711 0
0.431961 0
0.244236 0
0.098870 0
0.450210 0
0.107346 0
0.323985 0
0.025733 0
