0.067360 0
0.202105 0
0.095227 0
0.190453 0
0.114836 0
0.068049 0
0.169612 0
0.041091 0
0.061620 0
0.104068 0
0.091223 0
0.112834 0
0.097010 0
0.177831 0
0.062308 0
0.083608 0
0.064864 0
0.135102 0
0.112943 0
0.063185 0
0.077798 0
0.070094 0
0.118822 0
0.227760 0
0.062475 0
0.069436 0
0.061433 0
0.074321 0
0.105606 0
0.236872 0
0.083547 0
0.004187 0
0.114899 0
0.063953 0
0.065794 0
0.047846 0
0.162146 0
0.184847 0
0.061264 0
0.121341 0
0.086469 0
0.038575 0
0.060237 0
0.125575 0
0.086194 0
0.075306 0
0.095294 0
0.078155 0
0.182738 0
0.084684 0
0.075511 0
0.156098 0
0.092022 0
0.062122 0
0.023753 0
0.111793 0
0.068565 0
0.056963 0
0.174182 0
0.098931 0
0.076364 0
0.088662 0
0.115114 0
0.154683 0
0.059866 0
0.111222 0
0.088271 0
