0.238993 0
0.523531 0
0.174182 0
0.463835 0
0.153215 0
0.195022 0
0.201550 0
0.090994 0
0.373995 0
0.167563 0
0.087728 0
0.143384 0
0.070021 0
0.017663 0
0.365665 0
0.063120 0
0.113787 0
0.227899 0
0.211606 0
0.262011 0
0.140050 0
0.030339 0
0.030875 0
0.050864 0
0.308633 0
0.056122 0
0.143055 0
0.357171 0
0.026472 0
0.083480 0
0.211899 0
0.146300 0
0.183090 0
0.046839 0
0.845338 0
0.103205 0
0.240975 0
0.523958 0
0.098220 0
0.324167 0
0.223228 0
0.051904 0
0.082679 0
0.064234 0
0.044224 0
0.449334 0
0.237578 0
0.245039 0
0.691089 0
0.401755 0
0.104736 0
0.201835 0
0.593461 0
0.290196 0
0.331275 0
0.251760 0
0.402916 0
0.029464 0
