0.146268 0
0.049297 0
0.085787 0
0.048567 0
0.099719 0
0.054747 0
0.074942 0
0.049890 0
0.134271 0
0.053880 0
0.074331 0
0.127258 0
0.072659 0
0.083227 0
0.091720 0
0.048999 0
0.058693 0
0.053757 0
0.053781 0
0.061546 0
0.155058 0
0.083296 0
0.048207 0
0.035407 0
0.049308 0
0.046973 0
0.073481 0
0.056099 0
0.073734 0
0.068088 0
0.052666 0
0.060190 0
0.051458 0
0.052042 0
0.069985 0
0.063902 0
0.055015 0
0.080082 0
0.048819 0
0.069102 0
0.049559 0
0.015860 0
0.049129 0
0.067646 0
0.058210 0
0.052098 0
0.099134 0
0.083713 0
