0.147666 0
0.474147 0
0.063366 0
0.426045 0
0.091222 0
0.054101 0
0.057033 0
0.138090 0
0.133471 0
0.251617 0
0.353326 0
0.413967 0
0.190278 0
0.067976 0
0.034795 0
0.031305 0
0.276629 0
0.282780 0
0.284422 0
0.466628 0
0.154226 0
0.653215 0
0.138939 0
0.155986 0
0.200288 0
0.167994 0
0.700533 0
0.261256 0
0.129884 0
0.140269 0
0.326593 0
0.498106 0
0.409620 0
0.659542 0
0.249785 0
0.652160 0
0.065218 0
0.126055 0
0.001497 0
0.385284 0
0.458467 0
0.065167 0
0.061821 0
0.217417 0
0.227704 0
0.026231 0
0.199818 0
0.337482 0
0.262236 0
