0.126028 0
0.137405 0
0.133824 0
0.467768 0
0.623550 0
0.111644 0
0.109311 0
0.214871 0
0.069713 0
0.527951 0
0.124896 0
0.182040 0
0.588840 0
0.091869 0
0.087150 0
0.090663 0
0.173202 0
1.137014 0
0.079894 0
0.480710 0
0.216290 0
0.138283 0
0.104157 0
0.321287 0
0.089551 0
0.064205 0
0.138643 0
0.355104 0
0.230949 0
0.406332 0
0.231620 0
0.089487 0
0.464149 0
0.137712 0
0.102353 0
0.063920 0
0.011730 0
0.443179 0
0.057770 0
0.583617 0
0.245667 0
0.412842 0
0.076953 0
0.394830 0
0.166685 0
0.410114 0
0.077127 0
0.284130 0
0.204415 0
0.241912 0
0.732267 0
0.408363 0
0.295798 0
0.072592 0
0.313761 0
0.389520 0
0.115700 0
0.093065 0
0.086348 0
0.413165 0
0.331355 0
0.461085 0
0.082072 0
0.022134 0
0.219353 0
0.089001 0
0.353807 0
0.208326 0
0.158344 0
0.472732 0
0.074293 0
0.200304 0
0.011271 0
0.178540 0
