0.255195 0
0.107284 0
0.188095 0
0.182164 0
0.593029 0
0.178313 0
0.130998 0
0.131129 0
0.112842 0
0.221899 0
0.032607 0
0.108365 0
0.187476 0
0.102248 0
0.107010 0
0.170605 0
0.500252 0
0.134356 0
0.079294 0
0.088021 0
0.019659 0
0.058520 0
0.154238 0
0.085848 0
0.060205 0
0.175594 0
0.307069 0
0.317861 0
0.209765 0
0.146962 0
0.284461 0
0.150293 0
0.120948 0
0.109071 0
0.100249 0
0.120816 0
0.054721 0
0.029115 0
0.272472 0
0.251129 0
0.339097 0
0.157814 0
0.156543 0
0.191417 0
0.018501 0
0.093446 0
0.084188 0
0.078496 0
0.112421 0
0.062288 0
0.162651 0
0.106320 0
0.259021 0
0.263967 0
0.002927 0
0.193776 0
0.164849 0
0.117996 0
0.202367 0
0.181604 0
0.322803 0
0.100085 0
0.265020 0
0.159038 0
0.309358 0
0.201566 0
0.005953 0
0.241030 0
0.039539 0
