0.281532 0
0.149084 0
0.259864 0
0.118596 0
0.312839 0
0.215571 0
0.071095 0
0.124360 0
0.200654 0
0.151502 0
0.155502 0
0.386094 0
0.129841 0
0.111441 0
0.064685 0
0.026578 0
0.034835 0
0.186784 0
0.225482 0
0.413429 0
0.196164 0
0.107321 0
0.250171 0
0.143770 0
0.091074 0
0.403203 0
0.169388 0
0.207619 0
0.196565 0
0.240492 0
0.101424 0
0.113943 0
0.158660 0
0.331137 0
0.192886 0
0.212599 0
0.098755 0
0.034236 0
0.242308 0
0.173767 0
0.110070 0
0.121893 0
0.093493 0
0.097937 0
0.321992 0
0.091528 0
0.132063 0
0.123775 0
0.109390 0
0.574828 0
0.146842 0
0.010914 0
0.182656 0
0.131327 0
0.216575 0
0.149204 0
0.216877 0
0.106185 0
0.048486 0
0.613892 0
0.100656 0
0.097090 0
