0.445094 0
0.445993 0
0.200918 0
0.196900 0
0.217362 0
0.283204 0
0.938427 0
0.658747 0
0.296510 0
0.290664 0
0.298635 0
1.074465 0
0.413695 0
0.109997 0
0.412871 0
0.796630 0
0.061295 0
0.017025 0
0.102733 0
1.153287 0
0.075565 0
0.565210 0
0.116073 0
0.445624 0
0.238475 0
0.378348 0
0.596091 0
0.204840 0
1.036050 0
0.345759 0
0.340221 0
0.399469 0
0.286899 0
1.211342 0
0.097190 0
0.161431 0
0.536874 0
1.174830 0
0.833279 0
0.045741 0
0.837713 0
0.534529 0
0.078494 0
0.173331 0
0.199143 0
0.169037 0
0.282556 0
0.446539 0
0.253439 0
0.271385 0
