0.094178 0
0.201854 0
0.110522 0
0.107318 0
0.159111 0
0.264418 0
0.351670 0
0.153996 0
0.291634 0
0.079701 0
0.082485 0
0.034426 0
0.140708 0
0.236078 0
0.079337 0
0.118298 0
0.426771 0
0.019300 0
0.261438 0
0.133519 0
0.124305 0
0.246494 0
0.548232 0
0.088489 0
0.143638 0
0.047939 0
0.480560 0
0.225391 0
0.130517 0
0.262669 0
0.111169 0
0.010366 0
0.312024 0
0.311459 0
0.182499 0
0.068735 0
0.127539 0
0.153393 0
0.111269 0
0.103634 0
0.115995 0
0.106287 0
0.079607 0
0.203069 0
0.378998 0
0.073935 0
0.054161 0
0.087224 0
0.041845 0
0.134478 0
0.089735 0
0.098296 0
0.089837 0
0.067790 0
0.357192 0
0.168016 0
