0.448471 0
0.195905 0
0.143120 0
0.601644 0
0.117222 0
0.680288 0
0.256579 0
0.157372 0
0.623120 0
0.488206 0
0.046960 0
0.102226 0
0.349446 0
0.147222 0
0.195829 0
0.264209 0
0.269763 0
0.095424 0
0.139059 0
0.087671 0
0.792092 0
0.101559 0
0.085382 0
0.757959 0
0.710471 0
0.233599 0
0.874406 0
0.381026 0
0.162554 0
0.477816 0
0.360719 0
0.147843 0
0.876928 0
0.282579 0
0.102550 0
0.301749 0
0.298097 0
0.129397 0
0.374194 0
0.086531 0
0.810349 0
0.332351 0
0.282128 0
0.001065 0
0.174621 0
0.205126 0
0.038137 0
0.291971 0
0.135021 0
