0.119529 0
0.129175 0
0.441766 0
0.188224 0
0.425343 0
0.434184 0
0.717112 0
0.256685 0
0.560334 0
0.295860 0
0.040552 0
0.456280 0
0.230278 0
0.592347 0
0.182269 0
0.464430 0
0.216829 0
0.183718 0
1.278027 0
0.036224 0
0.151434 0
0.234156 0
0.310587 0
0.047351 0
0.205679 0
0.377898 0
0.199483 0
0.126697 0
0.069751 0
0.164928 0
0.356988 0
0.530509 0
0.285680 0
0.199833 0
0.205713 0
0.574622 0
0.213830 0
0.121985 0
0.222945 0
0.156456 0
0.256575 0
0.374818 0
0.247938 0
0.455653 0
0.161121 0
0.006832 0
0.135177 0
0.187535 0
