0.152650 0
0.129166 0
0.054542 0
0.151480 0
0.300386 0
0.386213 0
0.221870 0
0.286487 0
0.067353 0
0.105396 0
0.033562 0
0.581126 0
0.285713 0
0.022489 0
0.335962 0
0.232493 0
0.171108 0
0.148497 0
1.089443 0
0.199673 0
0.063950 0
0.147344 0
0.037245 0
0.019345 0
0.216009 0
0.467644 0
0.009983 0
0.217858 0
0.025709 0
0.066597 0
0.106282 0
0.134695 0
0.526452 0
0.924577 0
0.048064 0
0.609731 0
0.651857 0
0.245151 0
0.210167 0
0.344929 0
0.084350 0
0.145212 0
0.088006 0
0.358031 0
0.055198 0
0.089709 0
0.012307 0
0.082580 0
0.056512 0
