0.215212 0
0.190622 0
0.444656 0
0.239892 0
0.096235 0
0.431385 0
0.079048 0
0.709242 0
0.307320 0
0.266861 0
0.381902 0
0.390830 0
0.035935 0
0.073097 0
0.481712 0
0.083527 0
0.053580 0
0.125908 0
0.358630 0
0.213180 0
0.255443 0
0.124281 0
0.038671 0
0.058756 0
0.199397 0
0.095201 0
0.607518 0
0.024925 0
0.181696 0
0.105633 0
0.029284 0
0.552926 0
0.103971 0
0.099660 0
0.095653 0
0.287937 0
0.076095 0
0.221290 0
0.872589 0
0.041741 0
0.593149 0
0.027864 0
0.049609 0
0.451890 0
0.040408 0
0.308937 0
0.350877 0
0.152177 0
0.037968 0
0.173598 0
0.024342 0
0.103195 0
0.146768 0
0.107886 0
0.844256 0
0.506379 0
0.046012 0
0.199150 0
0.058933 0
0.160612 0
0.030056 0
0.050452 0
0.363779 0
0.186657 0
0.023787 0
0.021792 0
0.190025 0
0.512476 0
