0.125702 0
0.164763 0
0.094284 0
0.113605 0
0.087114 0
0.120905 0
0.137145 0
0.284893 0
0.108997 0
0.113056 0
0.117169 0
0.109190 0
0.125802 0
0.013923 0
0.054722 0
0.213785 0
0.174047 0
0.234364 0
0.147390 0
0.141383 0
0.069229 0
0.140701 0
0.144839 0
0.074781 0
0.015424 0
0.090477 0
0.198927 0
0.115023 0
0.125976 0
0.207852 0
0.149199 0
0.109030 0
0.123240 0
0.172725 0
0.056151 0
0.187868 0
0.139967 0
0.108714 0
0.098486 0
0.247198 0
0.105279 0
0.110341 0
0.129641 0
0.073148 0
0.094186 0
0.103626 0
0.096501 0
0.144017 0
0.189962 0
0.183132 0
0.096006 0
0.059557 0
0.098318 0
0.033887 0
0.122575 0
0.096679 0
0.106800 0
0.102308 0
0.120027 0
0.154349 0
