0.110062 0
0.116824 0
0.161028 0
0.164204 0
0.125804 0
0.086980 0
0.080884 0
0.187615 0
0.136553 0
0.133758 0
0.133821 0
0.105590 0
0.187408 0
0.132402 0
0.201999 0
0.132800 0
0.134314 0
0.197453 0
0.034013 0
0.022437 0
0.201447 0
0.032528 0
0.132014 0
0.116238 0
0.101713 0
0.112484 0
0.184080 0
0.078382 0
0.140460 0
0.108448 0
0.101731 0
0.126427 0
0.170266 0
0.127692 0
0.115894 0
0.222460 0
0.151086 0
0.104693 0
0.038793 0
0.022014 0
0.120410 0
0.147730 0
0.155139 0
0.069350 0
0.133919 0
0.113897 0
0.036905 0
0.115784 0
0.125703 0
0.103689 0
0.112517 0
0.281449 0
0.286554 0
0.185172 0
0.252112 0
0.142425 0
0.008662 0
0.161308 0
0.115558 0
