0.195558 0
0.502176 0
0.046787 0
0.148354 0
0.125713 0
0.245664 0
0.239766 0
0.082869 0
0.232448 0
0.073176 0
0.081643 0
0.310609 0
0.152545 0
0.041197 0
0.056727 0
0.062808 0
0.020318 0
0.376866 0
0.033792 0
0.282031 0
0.256779 0
0.045940 0
0.014965 0
0.063543 0
0.079382 0
0.063738 0
0.063402 0
0.201695 0
0.098160 0
0.110904 0
0.119090 0
0.142245 0
0.024842 0
0.056862 0
0.046727 0
0.115808 0
0.182173 0
0.131058 0
0.179691 0
0.274624 0
0.075338 0
0.244444 0
0.003347 0
0.015422 0
0.106526 0
0.043670 0
0.164317 0
0.051273 0
0.242211 0
0.129023 0
0.307641 0
0.263470 0
0.731509 0
0.396359 0
0.102041 0
0.261254 0
0.100221 0
0.013539 0
0.011014 0
0.108257 0
0.056395 0
0.409123 0
0.073581 0
0.304055 0
0.342019 0
0.049819 0
