0.290843 0
0.119318 0
0.073876 0
0.061841 0
0.058421 0
0.045364 0
0.071849 0
0.074650 0
0.142553 0
0.045951 0
0.066446 0
0.053109 0
0.218170 0
0.023785 0
0.262755 0
0.139405 0
0.267937 0
0.051707 0
0.252116 0
0.048084 0
0.058609 0
0.071264 0
0.073980 0
0.203999 0
0.214504 0
0.082110 0
0.027603 0
0.156106 0
0.260201 0
0.180688 0
0.408267 0
0.124503 0
0.072523 0
0.046825 0
0.189549 0
0.048976 0
0.113808 0
0.158054 0
0.073675 0
0.400328 0
0.258168 0
0.147178 0
0.235323 0
0.165432 0
0.143977 0
0.131150 0
0.065766 0
0.170946 0
0.052659 0
0.066095 0
0.083892 0
0.047442 0
0.134555 0
0.135424 0
0.189392 0
