0.288731 0
0.276583 0
0.223519 0
0.077455 0
0.067375 0
0.322389 0
0.028740 0
0.131657 0
0.017662 0
0.143443 0
0.054279 0
0.104617 0
0.022603 0
0.118026 0
0.125670 0
0.077226 0
0.028461 0
0.121068 0
0.122946 0
0.037445 0
0.098561 0
0.195230 0
0.033643 0
0.023477 0
0.088100 0
0.075128 0
0.353859 0
0.025664 0
0.064682 0
0.110649 0
0.128329 0
0.026505 0
0.010774 0
0.037420 0
0.132506 0
0.066285 0
0.063724 0
0.033324 0
0.061296 0
0.171412 0
0.149060 0
0.085141 0
0.341769 0
0.078155 0
0.116924 0
0.992200 0
0.023674 0
0.023663 0
0.040505 0
0.383830 0
0.020379 0
0.023233 0
0.498835 0
0.047520 0
0.056637 0
0.022557 0
0.016648 0
0.024310 0
0.019183 0
0.117081 0
0.181215 0
0.168656 0
0.092955 0
0.045751 0
0.144946 0
0.083629 0
0.129045 0
0.366425 0
0.037352 0
0.014895 0
0.224326 0
