0.247991 0
0.140275 0
0.122159 0
0.272756 0
0.070195 0
0.132006 0
0.129634 0
0.053003 0
0.106119 0
0.146651 0
0.077377 0
0.115168 0
0.200484 0
0.112444 0
0.071004 0
0.092766 0
0.133539 0
0.350595 0
0.402399 0
0.097761 0
0.208195 0
0.405999 0
0.185989 0
0.175806 0
0.120237 0
0.014181 0
0.065054 0
0.201574 0
0.135905 0
0.322371 0
0.072912 0
0.116157 0
0.098878 0
0.300882 0
0.227309 0
0.092338 0
0.083632 0
0.102114 0
0.242593 0
0.146943 0
0.105624 0
0.076960 0
0.115724 0
0.008393 0
0.004637 0
0.222843 0
0.047454 0
0.141988 0
0.035546 0
0.222713 0
0.085064 0
0.175438 0
0.133925 0
0.095266 0
0.092036 0
0.105162 0
0.091055 0
0.144504 0
0.016794 0
0.076815 0
0.154875 0
0.095774 0
0.150505 0
0.086661 0
0.086093 0
0.196188 0
0.173602 0
0.083061 0
0.049223 0
0.152376 0
0.076802 0
