0.269695 0
0.070475 0
0.193925 0
0.073500 0
0.054888 0
0.350817 0
0.043744 0
0.122056 0
0.054090 0
0.188588 0
0.060659 0
0.059265 0
0.121909 0
0.092047 0
0.151492 0
0.180165 0
0.069260 0
0.177993 0
0.037899 0
0.060925 0
0.180578 0
0.225134 0
0.035302 0
0.090777 0
0.013592 0
0.268133 0
0.101050 0
0.013017 0
0.313118 0
0.020418 0
0.079139 0
0.035708 0
0.093494 0
0.050938 0
0.314169 0
0.045906 0
0.157899 0
0.181344 0
0.076911 0
0.039731 0
0.076537 0
0.114881 0
0.129688 0
0.406878 0
0.082130 0
0.154356 0
0.148519 0
0.041513 0
0.228421 0
0.138475 0
0.093369 0
0.139848 0
0.016409 0
0.055929 0
0.117014 0
0.035522 0
0.033978 0
0.093525 0
0.099215 0
0.100532 0
0.336758 0
0.194616 0
0.114711 0
0.064782 0
0.053020 0
0.108210 0
0.095788 0
0.009095 0
0.073984 0
0.234664 0
0.165572 0
0.026024 0
0.065530 0
0.039564 0
0.063528 0
