0.102709 0
0.110692 0
0.132530 0
0.037378 0
0.035266 0
0.090755 0
0.196779 0
0.264278 0
0.073294 0
0.127294 0
0.070092 0
0.031544 0
0.102403 0
0.040461 0
0.023761 0
0.075175 0
0.092574 0
0.086906 0
0.072008 0
0.411027 0
0.332776 0
0.144794 0
0.099608 0
0.174533 0
0.048160 0
0.123661 0
0.274409 0
0.069861 0
0.529011 0
0.120829 0
0.143015 0
0.123408 0
0.027761 0
0.043883 0
0.194052 0
0.074651 0
0.061174 0
0.010665 0
0.378751 0
0.094853 0
0.739970 0
0.026972 0
0.004612 0
0.385901 0
0.045077 0
0.569966 0
0.108825 0
0.248788 0
0.154855 0
0.065190 0
0.044194 0
0.030211 0
0.076125 0
0.031510 0
0.145473 0
0.025770 0
0.097276 0
