0.301523 0
1.018197 0
0.217925 0
1.160893 0
0.192210 0
0.280189 0
0.218978 0
0.327623 0
0.080658 0
0.561704 0
0.331173 0
0.551754 0
0.353158 0
0.239377 0
0.204939 0
0.778239 0
0.451463 0
0.081727 0
0.116938 0
0.564006 0
0.059699 0
0.388081 0
0.182761 0
0.572755 0
0.577662 0
0.160863 0
1.513534 0
0.173612 0
0.061778 0
0.419246 0
0.276047 0
0.147811 0
0.195403 0
0.196461 0
0.216259 0
0.092321 0
0.211878 0
0.380611 0
0.165593 0
0.864513 0
0.023756 0
0.197980 0
0.141445 0
0.719983 0
0.007797 0
0.328396 0
0.799304 0
0.005654 0
3.260550 0
0.117021 0
0.703856 0
0.154633 0
0.487388 0
0.231677 0
0.398801 0
0.516904 0
0.208957 0
0.188224 0
0.098047 0
0.007670 0
