0.084554 0
0.023905 0
0.112338 0
0.072955 0
0.047530 0
0.101632 0
0.054913 0
0.190808 0
0.130029 0
0.055755 0
0.134479 0
0.043237 0
0.047411 0
0.078691 0
0.315054 0
0.057206 0
0.028271 0
0.170121 0
0.255259 0
0.278892 0
0.026060 0
0.062667 0
0.048670 0
0.186210 0
0.091430 0
0.156761 0
0.009288 0
0.030328 0
0.036073 0
0.330858 0
0.227265 0
0.022801 0
0.044903 0
0.140488 0
0.040693 0
0.114650 0
0.022834 0
0.102996 0
0.220662 0
0.253022 0
0.023134 0
0.385953 0
0.315822 0
0.037117 0
0.306609 0
0.266547 0
0.053155 0
0.090794 0
0.133152 0
0.087050 0
0.034055 0
0.043841 0
0.025554 0
0.174743 0
0.089019 0
0.130732 0
0.068234 0
0.056349 0
0.028686 0
0.033775 0
0.101443 0
0.139624 0
0.047462 0
0.023428 0
0.061458 0
0.057145 0
0.005790 0
0.068749 0
0.084724 0
