0.802959 0
0.509103 0
0.176951 0
0.208347 0
0.171311 0
0.060020 0
0.369761 0
0.759100 0
0.121622 0
0.364222 0
0.075645 0
0.560049 0
0.150463 0
0.251885 0
3.014819 0
0.267283 0
0.225281 0
0.157055 0
0.375374 0
0.470026 0
0.079848 0
0.279864 0
0.322119 0
0.120267 0
0.211771 0
0.359741 0
0.187231 0
0.114200 0
0.135769 0
0.073829 0
0.203658 0
0.879226 0
0.303035 0
0.162569 0
0.029639 0
0.389297 0
0.296390 0
0.243681 0
0.140637 0
0.966499 0
0.220066 0
0.110752 0
0.506979 0
1.026317 0
0.788108 0
0.089134 0
0.091386 0
0.059401 0
0.008684 0
0.304988 0
0.148838 0
0.156765 0
0.371990 0
