0.471899 0
0.207089 0
0.242793 0
0.098010 0
0.154221 0
0.361382 0
0.212522 0
0.347264 0
0.767830 0
0.167992 0
0.148841 0
0.131939 0
0.362151 0
0.857653 0
0.989866 0
0.109858 0
0.092800 0
0.311314 0
0.152290 0
0.882484 0
0.017025 0
0.089321 0
0.288556 0
0.016956 0
0.430051 0
0.346975 0
0.193175 0
0.980563 0
0.298378 0
0.311440 0
0.174671 0
0.835751 0
0.282704 0
0.723495 0
0.181438 0
0.010102 0
0.084622 0
0.497661 0
0.011179 0
0.115908 0
0.098047 0
0.029385 0
0.353433 0
0.208023 0
0.042349 0
0.179255 0
0.198446 0
0.248330 0
0.404313 0
