0.171503 0
0.275366 0
0.099049 0
0.077697 0
0.238150 0
0.134018 0
0.509881 0
0.065481 0
0.210781 0
0.137671 0
0.111584 0
0.128208 0
0.074450 0
0.022045 0
0.233097 0
0.060566 0
0.074416 0
0.017772 0
0.147095 0
0.244334 0
0.651224 0
0.044114 0
0.197364 0
0.156091 0
0.062455 0
0.075537 0
0.054121 0
0.058310 0
0.113593 0
0.051594 0
0.028413 0
0.038781 0
0.285089 0
0.079809 0
0.128273 0
0.051906 0
0.140650 0
0.279271 0
0.060327 0
0.069498 0
0.081335 0
0.105374 0
0.118150 0
0.188353 0
0.158020 0
0.110990 0
0.091724 0
0.213098 0
0.205031 0
0.261938 0
0.308556 0
0.261602 0
