0.173164 0
1.293568 0
0.432376 0
0.231841 0
0.259193 0
0.102957 0
0.415355 0
0.221597 0
0.130269 0
0.425873 0
0.198308 0
0.043565 0
0.486930 0
0.336551 0
0.302338 0
0.015143 0
0.226330 0
0.361405 0
0.132038 0
0.036430 0
0.041222 0
0.022659 0
1.131697 0
0.138815 0
0.188042 0
0.057763 0
0.080757 0
0.230240 0
0.424253 0
0.018143 0
0.267909 0
0.160749 0
0.213641 0
0.229622 0
0.151613 0
0.590719 0
0.233956 0
0.208848 0
0.261940 0
0.309778 0
0.113900 0
0.385490 0
0.059846 0
0.195868 0
0.101225 0
0.009782 0
0.035908 0
0.159268 0
0.294501 0
0.133495 0
0.403198 0
0.477554 0
0.432158 0
0.113585 0
0.013497 0
0.030596 0
0.118549 0
0.032288 0
0.179824 0
0.059608 0
0.222558 0
0.065474 0
0.143969 0
