0.334712 0
0.261470 0
0.235929 0
0.203923 0
0.323953 0
0.147285 0
0.084111 0
0.253899 0
0.156376 0
0.262716 0
0.110820 0
0.164609 0
0.282615 0
0.148459 0
0.123425 0
0.278832 0
0.177391 0
0.345640 0
0.211623 0
0.162582 0
0.136329 0
0.344158 0
0.181145 0
0.154156 0
0.108443 0
0.128986 0
0.351484 0
0.116113 0
0.053064 0
0.333815 0
0.194195 0
0.203370 0
0.446888 0
0.212003 0
0.149957 0
0.224784 0
0.198526 0
0.202003 0
0.247419 0
0.283836 0
0.662750 0
0.191402 0
0.030688 0
0.064787 0
0.564838 0
0.472051 0
0.148699 0
0.024792 0
0.586806 0
0.261156 0
0.278019 0
0.118751 0
0.302542 0
0.142039 0
0.548223 0
0.421604 0
