0.061214 0
0.061924 0
0.137667 0
0.238979 0
0.455349 0
0.098710 0
0.139555 0
0.306462 0
0.612765 0
0.131368 0
0.206383 0
0.155376 0
0.195497 0
0.220498 0
0.034116 0
0.136330 0
0.012340 0
0.132836 0
0.189541 0
0.283004 0
0.350660 0
0.225778 0
0.092628 0
0.263430 0
0.203545 0
0.136534 0
0.145278 0
0.519252 0
0.130660 0
0.136125 0
0.216272 0
0.036048 0
0.105960 0
0.116643 0
0.216578 0
0.357264 0
0.311148 0
0.191679 0
0.150143 0
0.097379 0
0.136685 0
0.495253 0
0.065851 0
0.374763 0
0.106018 0
0.251719 0
0.117539 0
0.494545 0
0.180635 0
0.207446 0
0.140122 0
