0.107507 0
0.077739 0
0.114818 0
0.077955 0
0.084973 0
0.129507 0
0.090107 0
0.044499 0
0.085824 0
0.101717 0
0.091654 0
0.023723 0
0.074006 0
0.092963 0
0.082153 0
0.106590 0
0.139353 0
0.090448 0
0.110695 0
0.091298 0
0.075784 0
0.097170 0
0.079628 0
0.076626 0
0.077980 0
0.080908 0
0.067064 0
0.102354 0
0.099493 0
0.109273 0
0.125288 0
0.053046 0
0.103898 0
0.100451 0
0.048936 0
0.076713 0
0.119302 0
0.092813 0
0.095460 0
0.156917 0
0.145783 0
0.078691 0
0.139882 0
0.083475 0
0.010897 0
0.125899 0
0.114137 0
0.078140 0
0.106855 0
0.020661 0
0.121094 0
0.086088 0
0.074494 0
0.123399 0
0.153602 0
0.039290 0
0.128099 0
0.100707 0
0.095309 0
0.124656 0
0.079367 0
0.080653 0
0.092244 0
0.091993 0
0.052024 0
0.045300 0
0.123196 0
0.150811 0
0.115747 0
0.093117 0
0.100210 0
