1.471339 0
0.596649 0
0.166108 0
0.811387 0
0.348710 0
0.392280 0
0.290077 0
0.812442 0
0.633270 0
0.800086 0
0.024919 0
0.203543 0
0.191839 0
0.136608 0
0.370776 0
0.127085 0
0.318764 0
0.288107 0
0.673114 0
0.034568 0
0.658405 0
1.095466 0
0.310445 0
0.440321 0
0.226055 0
0.202758 0
0.254434 0
1.541601 0
0.054821 0
0.037150 0
0.550173 0
0.050640 0
1.062483 0
0.177514 0
0.589294 0
0.064234 0
0.492429 0
0.334237 0
0.634303 0
0.400397 0
0.425344 0
1.028478 0
1.415201 0
0.132637 0
0.658106 0
0.783230 0
1.632052 0
0.274735 0
0.284835 0
0.034063 0
0.284415 0
0.183038 0
0.352980 0
0.468985 0
0.419738 0
0.450967 0
0.016288 0
0.111383 0
0.997118 0
0.160649 0
0.040380 0
0.304910 0
