0.158059 0
0.947669 0
0.682529 0
0.332790 0
0.119697 0
1.442850 0
0.103667 0
0.043400 0
0.369861 0
1.087388 0
0.241854 0
1.402994 0
0.191004 0
0.373806 0
0.060856 0
0.667990 0
0.928567 0
1.077872 0
1.011277 0
0.088220 0
0.526023 0
0.215750 0
1.469325 0
0.799272 0
0.056655 0
0.297315 0
0.294278 0
0.255315 0
0.679309 0
0.089048 0
0.524900 0
0.467415 0
0.494607 0
0.094493 0
0.245198 0
0.626808 0
0.397738 0
1.691038 0
0.140676 0
0.037897 0
0.473939 0
0.042207 0
1.228664 0
0.334436 0
1.065238 0
0.151797 0
1.251468 0
1.320587 0
0.098592 0
0.076813 0
0.628677 0
0.259763 0
0.474953 0
0.083597 0
0.109660 0
0.260517 0
0.111492 0
0.177661 0
0.651601 0
1.385276 0
0.056057 0
0.436822 0
0.128810 0
1.389325 0
0.165118 0
0.393342 0
