0.343194 0
0.634859 0
0.225275 0
1.685146 0
0.950119 0
0.055273 0
1.311040 0
0.103510 0
0.730745 0
0.339284 0
0.489479 0
0.475785 0
0.194429 0
0.923537 0
0.040590 0
0.305277 0
0.214553 0
0.257373 0
0.621894 0
0.022547 0
0.218895 0
0.521497 0
0.064609 0
0.036097 0
0.202217 0
0.560448 0
0.396728 0
0.396143 0
1.510583 0
0.057016 0
0.665128 0
1.198951 0
0.776359 0
0.228263 0
0.188102 0
0.164267 0
0.519860 0
0.187703 0
0.198708 0
0.593781 0
1.042118 0
0.026209 0
0.227249 0
0.220735 0
1.097744 0
0.703893 0
0.134346 0
0.987290 0
0.019680 0
0.608460 0
0.195682 0
1.005219 0
0.077175 0
1.253680 0
0.124316 0
0.214829 0
0.003834 0
0.184693 0
1.495437 0
0.345701 0
0.567014 0
0.211387 0
0.145369 0
0.406877 0
0.516713 0
