1.483402 0
0.803899 0
0.855555 0
0.313231 0
0.643163 0
1.469746 0
0.418306 0
0.142284 0
0.075615 0
0.364480 0
0.488364 0
0.919705 0
0.432078 0
0.355649 0
0.361283 0
0.067102 0
0.639328 0
0.084677 0
0.320952 0
0.015055 0
0.412861 0
0.285477 0
0.142546 0
0.448975 0
0.141727 0
0.648847 0
0.123707 0
0.720652 0
0.216725 0
0.128747 0
0.950284 0
1.104676 0
0.661649 0
0.694744 0
1.421278 0
0.703130 0
0.577456 0
0.239856 0
0.705115 0
0.444512 0
0.303951 0
0.045907 0
0.363815 0
1.104104 0
0.220768 0
0.157079 0
0.293289 0
0.187410 0
0.397702 0
1.432459 0
0.388034 0
0.590195 0
0.594996 0
0.614770 0
0.457103 0
0.227093 0
0.564932 0
0.157380 0
0.721951 0
0.489332 0
0.343402 0
0.176266 0
0.670269 0
0.545524 0
0.095179 0
0.106023 0
