0.202982 0
0.208939 0
0.221734 0
0.139441 0
0.128521 0
0.117822 0
1.228305 0
1.411688 0
0.470525 0
0.055972 0
1.056638 0
0.637133 0
0.034788 0
1.586148 0
0.342340 0
1.515207 0
0.239794 0
0.970914 0
1.371980 0
0.061105 0
0.218908 0
0.269584 0
0.172657 0
0.275961 0
0.140762 0
1.179179 0
0.328770 0
0.853331 0
0.819838 0
0.432212 0
0.029798 0
1.638080 0
0.437737 0
0.099847 0
0.434140 0
0.628251 0
0.506694 0
0.336781 0
0.219624 0
0.604309 0
0.451335 0
0.009640 0
0.928277 0
0.041875 0
0.159636 0
0.133081 0
0.058539 0
0.048851 0
1.089255 0
0.085032 0
0.441008 0
1.384461 0
0.957580 0
0.399743 0
0.043253 0
