0.193231 0
0.106813 0
0.364432 0
0.068758 0
1.134495 0
0.221891 0
0.240595 0
0.180596 0
0.920475 0
0.332568 0
0.164305 0
0.748933 0
0.568371 0
0.281753 0
0.023311 0
0.313448 0
1.003425 0
1.098136 0
1.501543 0
0.109207 0
0.552035 0
0.210021 0
0.514031 0
0.937684 0
0.631938 0
0.716066 0
0.341655 0
0.234756 0
0.138141 0
0.144269 0
0.042252 0
0.320759 0
0.314919 0
0.015634 0
0.958838 0
0.071604 0
0.835599 0
0.363981 0
0.431953 0
0.135136 0
0.838173 0
1.503723 0
0.404498 0
0.418155 0
0.186885 0
0.434210 0
1.353741 0
0.740464 0
0.198294 0
0.084463 0
1.393312 0
0.197952 0
0.341416 0
0.068679 0
0.595751 0
0.235337 0
0.182513 0
0.373128 0
0.190840 0
1.517313 0
0.035007 0
0.184363 0
0.728946 0
0.006101 0
