0.477309 0
0.906415 0
0.898419 0
0.100577 0
0.270425 0
1.222364 0
0.273172 0
0.069462 0
0.079696 0
0.522073 0
0.854982 0
0.392301 0
1.111231 0
0.043181 0
0.039336 0
0.225602 0
0.563637 0
0.050549 0
0.370597 0
1.157846 0
0.072809 0
0.680366 0
0.170598 0
0.250414 0
0.062851 0
0.231290 0
0.238965 0
0.027137 0
0.517429 0
0.077454 0
0.161686 0
0.860307 0
0.653139 0
0.748428 0
0.381242 0
0.202792 0
0.047845 0
1.581626 0
1.616420 0
0.102964 0
0.205123 0
0.287795 0
0.148516 0
0.702163 0
0.577993 0
0.789505 0
0.502407 0
0.022844 0
1.135133 0
0.556760 0
0.301458 0
0.317033 0
1.440372 0
1.130603 0
0.534604 0
0.324287 0
0.207575 0
0.179352 0
1.130715 0
0.730780 0
0.012837 0
0.425376 0
0.066851 0
1.031528 0
1.102417 0
0.242796 0
1.529830 0
0.084845 0
0.989099 0
0.817234 0
0.132920 0
0.542244 0
0.364049 0
