0.969601 0
0.104812 0
0.232633 0
0.035431 0
0.121342 0
0.088332 0
0.048536 0
0.075030 0
0.022607 0
0.184119 0
0.259391 0
0.294171 0
0.637317 0
0.354209 0
0.307161 0
1.446131 0
0.103480 0
1.101976 0
0.436152 0
0.011305 0
0.445820 0
0.258584 0
0.974875 0
0.473123 0
0.216053 0
0.689674 0
0.846408 0
0.337584 0
0.404793 0
0.256361 0
1.447967 0
0.510763 0
0.012817 0
0.099686 0
0.381114 0
0.054741 0
0.214120 0
0.652792 0
1.186899 0
1.461214 0
0.426918 0
0.381508 0
0.942048 0
0.300644 0
1.173494 0
1.517694 0
0.046062 0
1.258944 0
0.120445 0
0.844633 0
0.179313 0
0.566633 0
0.784878 0
0.132941 0
0.526403 0
1.536401 0
1.520430 0
0.324498 0
0.248829 0
0.881791 0
0.151840 0
0.014951 0
0.031383 0
0.353750 0
0.254891 0
0.248401 0
0.404575 0
0.422027 0
0.628415 0
