0.615797 0
0.503314 0
0.545424 0
0.169591 0
0.180214 0
0.124871 0
0.035015 0
0.592304 0
0.167926 0
0.132931 0
0.564436 0
0.703629 0
0.019145 0
0.266130 0
0.055780 0
0.034250 0
1.111565 0
0.370205 0
0.701078 0
0.883417 0
0.764738 0
1.552226 0
0.333757 0
0.075139 0
0.671031 0
0.418077 0
0.156166 0
0.026429 0
1.378736 0
0.144464 0
0.142584 0
0.136459 0
0.244480 0
0.232006 0
0.913072 0
0.101979 0
0.046385 0
0.051858 0
0.866724 0
0.017682 0
0.068456 0
0.092424 0
0.358704 0
1.029877 0
0.341134 0
0.419390 0
0.564694 0
0.244675 0
0.033261 0
0.327563 0
0.517646 0
0.013943 0
0.501630 0
