0.211085 0
0.317099 0
1.254299 0
0.085986 0
0.213825 0
1.232708 0
1.460938 0
0.607916 0
0.230065 0
0.035292 0
1.467871 0
0.159977 0
0.129936 0
0.168379 0
0.869938 0
0.497397 0
0.078931 0
0.486587 0
0.087305 0
0.797521 0
0.009399 0
0.533307 0
1.004148 0
0.186851 0
0.218852 0
0.344474 0
0.188208 0
0.163486 0
0.375187 0
0.070096 0
0.115079 0
0.063615 0
0.153921 0
0.448903 0
0.122835 0
0.083131 0
0.652308 0
0.389164 0
0.343416 0
1.342521 0
0.131444 0
0.145821 0
0.074122 0
0.449088 0
0.518119 0
0.281669 0
0.019825 0
0.196234 0
0.800690 0
0.248914 0
0.008022 0
1.121618 0
0.872222 0
0.278617 0
0.233894 0
0.902872 0
1.267039 0
0.191582 0
0.789708 0
0.067362 0
0.206146 0
0.163331 0
