0.540041 0
0.126102 0
0.069971 0
0.104428 0
1.112655 0
1.988814 0
0.372701 0
0.148335 0
1.414483 0
0.059813 0
0.684793 0
0.212289 0
0.209242 0
0.884567 0
0.172609 0
0.089592 0
1.286394 0
0.389424 0
0.273281 0
0.583176 0
0.041829 0
0.871809 0
0.235638 0
0.079891 0
0.476220 0
1.360537 0
0.091039 0
0.387578 0
0.060719 0
0.671292 0
0.227451 0
0.034692 0
0.086173 0
0.487815 0
0.725300 0
0.261000 0
0.047087 0
0.418409 0
0.409365 0
0.740421 0
1.145901 0
0.786855 0
0.389818 0
0.223921 0
0.938247 0
0.121111 0
0.855376 0
0.020138 0
0.140339 0
0.400995 0
1.419015 0
0.283605 0
0.140552 0
1.111450 0
0.411136 0
0.078711 0
0.210930 0
1.451180 0
0.254794 0
0.431783 0
