0.302896 0
0.231965 0
0.277137 0
0.807777 0
0.650346 0
0.994769 0
0.148777 0
0.347097 0
0.058195 0
0.136555 0
0.758680 0
0.431977 0
0.473656 0
1.459984 0
0.778678 0
0.232699 0
0.142029 0
1.371295 0
0.517755 0
0.238143 0
0.060785 0
0.105364 0
0.160700 0
0.806462 0
0.218299 0
0.232551 0
0.126482 0
0.825442 0
0.635158 0
0.150573 0
0.109914 0
0.338088 0
1.857901 0
0.834971 0
0.265764 0
0.342654 0
0.393734 0
0.163412 0
0.576980 0
0.156196 0
0.103306 0
0.595496 0
0.109191 0
0.255658 0
0.119275 0
0.235997 0
0.019209 0
0.676040 0
0.100981 0
0.161123 0
0.014157 0
0.253716 0
0.969531 0
1.500964 0
0.102839 0
