0.288582 0
0.975528 0
0.214932 0
0.118123 0
0.038205 0
0.057839 0
0.634258 0
0.316112 0
0.032393 0
1.144274 0
0.192535 0
0.045667 0
0.512793 0
0.884433 0
1.392745 0
0.543892 0
0.023976 0
0.662886 0
0.101934 0
0.318816 0
0.240036 0
0.618139 0
0.533858 0
0.255416 0
1.249149 0
0.390659 0
0.783397 0
1.450646 0
0.368801 0
0.178510 0
0.151110 0
0.578763 0
0.186348 0
2.318222 0
0.398587 0
0.304622 0
0.028058 0
0.508796 0
0.285583 0
0.559668 0
0.358834 0
0.320850 0
0.300983 0
1.400341 0
0.285916 0
0.424627 0
0.247578 0
0.321025 0
1.244980 0
0.130872 0
0.602291 0
0.094867 0
0.783545 0
0.345507 0
1.261700 0
0.307900 0
0.309080 0
0.533590 0
0.207773 0
1.198316 0
0.009269 0
0.116036 0
0.109639 0
1.170812 0
0.132468 0
1.596435 0
0.578708 0
0.018990 0
0.007926 0
0.313595 0
0.433738 0
0.184894 0
