0.913297 0
0.384557 0
0.054345 0
0.509195 0
0.095110 0
0.157964 0
0.393391 0
1.120365 0
1.216971 0
0.159490 0
0.204223 0
0.141398 0
0.022519 0
0.210711 0
0.088342 0
0.291670 0
1.103654 0
0.070754 0
0.120622 0
0.096994 0
0.128875 0
1.449422 0
0.509265 0
0.054632 0
1.171959 0
0.172891 0
0.316258 0
0.464270 0
0.692293 0
0.395304 0
0.065559 0
0.123806 0
1.795104 0
0.095116 0
1.266572 0
0.077244 0
0.512172 0
0.547771 0
0.431925 0
0.181537 0
0.761258 0
0.996137 0
0.057877 0
0.068232 0
0.554855 0
0.366664 0
0.172863 0
0.363401 0
0.949868 0
0.103718 0
0.237757 0
0.555303 0
1.356943 0
0.827148 0
0.406755 0
