0.396149 0
0.808890 0
0.134159 0
0.512977 0
0.709924 0
1.391772 0
0.163053 0
0.538683 0
0.187023 0
0.058534 0
0.565044 0
0.830879 0
0.585749 0
0.035832 0
0.128014 0
1.121158 0
0.067207 0
0.533787 0
0.243434 0
0.123513 0
0.927432 0
0.082627 0
0.202435 0
0.400343 0
0.599484 0
0.257338 0
0.236582 0
0.392730 0
0.117432 0
0.512122 0
0.730720 0
0.066691 0
0.591740 0
0.221769 0
1.497366 0
0.283557 0
0.844100 0
0.814545 0
0.725189 0
0.446483 0
0.079611 0
0.037091 0
1.551584 0
0.995459 0
0.664576 0
0.799405 0
0.454919 0
0.089883 0
0.694533 0
0.351436 0
1.438729 0
0.263466 0
0.119336 0
0.118847 0
1.174817 0
0.819243 0
0.227536 0
0.372119 0
1.212189 0
0.299688 0
0.079557 0
0.090104 0
0.176700 0
0.098884 0
0.250092 0
0.217829 0
0.111277 0
0.713942 0
1.375977 0
0.466339 0
0.394032 0
0.882542 0
