0.110558 0
0.831363 0
0.440506 0
1.394021 0
0.878921 0
0.271549 0
0.552126 0
0.126706 0
0.249378 0
1.685206 0
0.043228 0
0.131624 0
0.754493 0
1.442939 0
0.450397 0
0.538469 0
0.265580 0
0.036327 0
0.239183 0
0.086050 0
0.836039 0
0.677443 0
0.574233 0
1.077113 0
0.190948 0
0.100464 0
0.192554 0
0.307867 0
0.105693 0
0.157164 0
0.547928 0
0.422066 0
0.110661 0
0.222977 0
0.511745 0
0.082647 0
0.473816 0
0.821485 0
0.274717 0
0.183377 0
0.010918 0
0.327677 0
0.197028 0
1.166728 0
0.746777 0
0.755099 0
0.951568 0
0.132420 0
1.108441 0
