0.501693 0
1.551148 0
2.358090 0
0.335791 0
0.656485 0
0.146811 0
0.512116 0
0.510165 0
0.313128 0
0.140533 0
0.243725 0
0.156719 0
0.661790 0
0.411428 0
1.280427 0
0.331736 0
0.991945 0
0.078325 0
1.177456 0
0.031519 0
1.936578 0
0.746262 0
0.530477 0
0.022911 0
1.453030 0
0.682577 0
0.077229 0
0.431760 0
0.084842 0
0.257655 0
0.087393 0
0.310800 0
1.273267 0
0.182633 0
0.107097 0
0.231518 0
0.082099 0
0.088555 0
0.395994 0
0.877575 0
0.844489 0
0.078536 0
0.472604 0
0.342390 0
0.367938 0
0.217152 0
0.144214 0
0.261702 0
0.019931 0
0.867464 0
0.391153 0
0.081383 0
0.304300 0
0.553834 0
0.283561 0
0.546799 0
0.444230 0
0.632382 0
0.311653 0
0.023834 0
0.119709 0
