0.239011 0
0.444737 0
0.139784 0
1.766094 0
1.398608 0
0.076196 0
0.506049 0
0.594266 0
1.451466 0
0.125809 0
0.418383 0
0.406083 0
0.161305 0
0.620963 0
0.033001 0
1.212175 0
0.139222 0
0.494754 0
0.115120 0
1.457940 0
0.095985 0
0.030681 0
0.048687 0
0.104782 0
0.104430 0
0.151038 0
0.105420 0
1.484395 0
0.622509 0
0.035374 0
0.175481 0
0.595903 0
0.062344 0
0.726464 0
0.128440 0
0.581700 0
0.334688 0
0.652950 0
1.392561 0
0.080343 0
1.520073 0
0.953531 0
0.130165 0
0.305939 0
0.361887 0
0.093723 0
0.641276 0
0.213542 0
0.060412 0
0.228503 0
0.438519 0
0.497876 0
1.077297 0
1.316335 0
0.277509 0
0.076172 0
0.481361 0
0.734604 0
0.320284 0
0.274461 0
1.024264 0
0.015664 0
0.772820 0
