1.377133 0
0.174512 0
0.320662 0
0.704825 0
0.161114 0
0.560771 0
0.207308 0
0.792902 0
0.431518 0
0.039378 0
1.389733 0
0.412582 0
0.626021 0
0.468589 0
0.282083 0
0.532328 0
0.089881 0
0.214403 0
0.288233 0
0.125339 0
0.342060 0
1.418452 0
1.489376 0
0.042904 0
1.475966 0
1.310794 0
1.086904 0
0.042260 0
0.037399 0
0.343882 0
0.075441 0
0.703111 0
0.277814 0
0.007754 0
1.147001 0
0.495468 0
0.290226 0
0.587803 0
0.289089 0
0.097084 0
0.293575 0
0.098120 0
0.019750 0
0.529901 0
0.067560 0
0.803803 0
0.204683 0
0.088991 0
0.461385 0
0.604051 0
0.612262 0
0.255006 0
0.374748 0
0.669068 0
0.104425 0
0.205746 0
0.833475 0
0.197708 0
0.006331 0
0.158654 0
0.087008 0
0.373618 0
0.088325 0
0.714492 0
