0.429221 0
0.039297 0
0.503608 0
1.164931 0
1.939276 0
0.803944 0
0.969528 0
0.034372 0
1.004131 0
0.623327 0
0.043110 0
0.086850 0
0.255430 0
0.013328 0
0.108453 0
0.167718 0
0.270776 0
0.110484 0
0.442048 0
0.027491 0
0.084763 0
0.249409 0
0.095413 0
0.102144 0
0.063399 0
0.170048 0
0.127394 0
1.129231 0
1.126745 0
0.303208 0
1.038683 0
0.139045 0
1.310668 0
0.475916 0
0.003678 0
0.285011 0
1.530648 0
0.606129 0
0.413706 0
0.278083 0
0.205314 0
0.356405 0
1.401807 0
1.467440 0
0.338807 0
0.004696 0
0.773982 0
0.220245 0
0.459963 0
0.336180 0
0.196404 0
0.509939 0
0.209277 0
0.591855 0
0.287595 0
0.279011 0
0.698074 0
0.490734 0
0.821535 0
