0.382665 0
0.575325 0
0.469046 0
0.468579 0
0.415697 0
0.825087 0
0.180839 0
0.074466 0
0.346771 0
0.411636 0
0.108421 0
0.166476 0
0.021003 0
0.094849 0
0.080707 0
0.367979 0
0.280581 0
0.136066 0
0.178265 0
0.994954 0
0.576795 0
0.417752 0
0.154088 0
0.171816 0
0.497232 0
0.740732 0
0.485705 0
0.562920 0
0.105065 0
0.135583 0
0.111252 0
0.512826 0
0.094481 0
0.738876 0
1.495117 0
0.351242 0
0.006891 0
0.083901 0
0.092864 0
0.624230 0
0.135385 0
0.156247 0
0.748746 0
1.471613 0
1.176495 0
0.881317 0
0.233648 0
0.453199 0
