0.519774 0
0.225174 0
0.819166 0
0.040840 0
1.019490 0
0.031184 0
0.152525 0
0.328773 0
0.017337 0
0.590040 0
0.535890 0
0.832870 0
0.154835 0
0.514535 0
0.671196 0
0.529801 0
0.610659 0
0.042521 0
0.329017 0
0.262259 0
1.860704 0
0.120663 0
1.570890 0
0.220057 0
0.077378 0
0.043140 0
0.064673 0
0.315123 0
0.028227 0
0.188404 0
0.788609 0
1.141775 0
0.843886 0
0.864841 0
0.448776 0
0.262919 0
1.414678 0
1.855221 0
0.067687 0
0.258694 0
0.013295 0
0.214113 0
0.648348 0
1.138048 0
0.032464 0
0.817433 0
0.152457 0
0.184787 0
0.308788 0
0.248259 0
0.051556 0
0.834847 0
0.084180 0
1.098447 0
0.201467 0
0.083043 0
0.417730 0
