0.099404 0
1.467016 0
0.059032 0
0.839724 0
0.244948 0
0.616438 0
1.015882 0
0.678310 0
0.034022 0
0.720462 0
0.205207 0
0.203914 0
0.012421 0
0.778835 0
0.353868 0
0.857741 0
0.830503 0
0.012357 0
0.548451 0
0.504550 0
0.110136 0
0.574048 0
1.738002 0
1.216826 0
0.766979 0
0.644225 0
0.732689 0
1.038000 0
0.207965 0
1.451456 0
0.313976 0
0.957560 0
0.046263 0
0.850089 0
0.099228 0
0.626185 0
0.856979 0
1.125703 0
0.037316 0
0.188027 0
0.235704 0
0.909784 0
0.174341 0
0.612108 0
0.195588 0
0.203420 0
0.373137 0
0.261172 0
1.507506 0
0.296465 0
1.711608 0
0.182621 0
0.516301 0
0.355106 0
0.146508 0
0.302948 0
0.978885 0
0.072446 0
1.052162 0
0.198830 0
0.005007 0
0.481794 0
0.217610 0
