0.155986 0
0.936711 0
0.846875 0
1.399881 0
0.605163 0
0.136690 0
0.583791 0
0.025941 0
0.745947 0
0.049259 0
0.234047 0
0.466571 0
0.378056 0
0.485343 0
0.420532 0
0.373385 0
0.784815 0
0.814851 0
0.074679 0
0.460198 0
0.719293 0
0.624149 0
0.762712 0
0.240417 0
0.124167 0
0.208378 0
0.361223 0
1.477835 0
0.149200 0
0.203701 0
0.423616 0
0.296497 0
0.738379 0
0.987476 0
0.042278 0
0.054643 0
1.370845 0
0.779950 0
0.004001 0
0.647018 0
0.084859 0
1.329731 0
0.268047 0
1.152674 0
0.694156 0
0.357925 0
0.497109 0
0.604080 0
0.378808 0
0.506831 0
0.797253 0
0.354457 0
0.404162 0
0.352340 0
0.045714 0
0.100228 0
0.212432 0
