0.863698 0
0.948724 0
0.404221 0
0.525084 0
0.224862 0
1.443926 0
0.189270 0
0.158512 0
0.300967 0
1.688594 0
1.399477 0
0.547582 0
0.117480 0
0.383782 0
0.190440 0
0.265819 0
0.064911 0
0.757447 0
0.776349 0
0.115355 0
0.211855 0
0.501271 0
0.098844 0
1.992235 0
0.234350 0
0.088546 0
0.196912 0
0.066547 0
0.445769 0
1.486382 0
0.454184 0
0.187622 0
0.126733 0
0.010347 0
0.401579 0
0.055419 0
0.753168 0
0.122089 0
0.973120 0
0.440000 0
1.369944 0
0.744842 0
0.797815 0
0.479618 0
0.204101 0
0.652100 0
0.006307 0
0.469947 0
0.082520 0
0.642394 0
0.017014 0
0.330175 0
1.361205 0
0.243912 0
1.951937 0
0.862462 0
