0.080083 0
0.614876 0
1.599384 0
0.213134 0
0.721359 0
0.024790 0
0.842404 0
1.036969 0
0.472327 0
0.313589 0
0.927949 0
0.227351 0
0.804642 0
0.020991 0
0.382215 0
0.179970 0
0.615544 0
1.493015 0
0.690011 0
1.398707 0
0.263597 0
0.989748 0
0.048055 0
1.618119 0
0.395315 0
0.056247 0
0.138749 0
0.163329 0
0.082856 0
0.058806 0
0.674434 0
0.039091 0
1.549765 0
0.022171 0
0.497450 0
0.809014 0
0.084809 0
1.130956 0
0.358099 0
0.774088 0
0.228284 0
0.105849 0
0.115351 0
0.858285 0
0.204421 0
0.345936 0
0.497832 0
0.992603 0
0.108477 0
0.131525 0
0.103530 0
0.420991 0
0.110660 0
0.028894 0
0.269087 0
