0.043952 0
0.438086 0
0.053572 0
0.151812 0
1.431398 0
0.362711 0
0.047501 0
1.393136 0
0.583377 0
0.115669 0
0.076473 0
0.410691 0
0.034116 0
0.374273 0
0.036185 0
0.941053 0
0.507204 0
0.532452 0
0.754815 0
0.152279 0
0.305927 0
0.137539 0
0.410419 0
0.105012 0
0.950516 0
1.482625 0
0.011336 0
1.156358 0
1.595932 0
0.295481 0
0.076513 0
0.006825 0
0.478222 0
1.363534 0
1.486616 0
0.749777 0
0.190071 0
0.228655 0
0.204480 0
0.118973 0
0.559947 0
0.323600 0
1.011652 0
0.887723 0
0.341762 0
0.593108 0
0.250159 0
0.302856 0
0.452922 0
0.101452 0
1.240007 0
0.207545 0
0.373214 0
1.210132 0
0.063470 0
0.541773 0
0.011975 0
0.241839 0
