0.459474 0
1.639209 0
1.086698 0
0.707123 0
0.623425 0
0.199731 0
0.025093 0
0.528234 0
0.045572 0
0.114328 0
0.422954 0
1.356039 0
0.605505 0
0.214121 0
0.614638 0
1.069317 0
0.145016 0
0.932840 0
0.025238 0
0.112381 0
0.270435 0
0.030580 0
0.829397 0
0.441777 0
0.187520 0
0.587268 0
0.767551 0
0.685187 0
0.200191 0
0.801810 0
0.888963 0
0.080222 0
0.283717 0
0.898069 0
0.484369 0
0.335204 0
0.131523 0
0.365794 0
0.557446 0
0.608013 0
0.762388 0
0.409527 0
0.629121 0
0.422671 0
0.362292 0
0.928478 0
0.295339 0
1.031393 0
0.123061 0
0.127800 0
0.179157 0
0.432717 0
0.202716 0
0.524167 0
0.094871 0
0.180005 0
0.742542 0
0.242735 0
0.257174 0
0.565902 0
0.233571 0
0.476283 0
0.495688 0
0.320968 0
0.091740 0
0.567396 0
0.208633 0
