0.748135 0
0.346817 0
0.172188 0
0.320043 0
0.257592 0
0.882697 0
0.762708 0
1.516511 0
0.795135 0
1.897648 0
0.192889 0
1.135139 0
0.281259 0
0.536092 0
0.567659 0
0.059007 0
0.090077 0
0.409871 0
0.107863 0
1.586642 0
0.658447 0
0.351722 0
0.814439 0
0.016309 0
2.319130 0
1.156237 0
0.176644 0
0.184826 0
0.300277 0
0.132049 0
0.214643 0
1.519789 0
0.049423 0
0.904140 0
0.022873 0
1.149126 0
0.069193 0
0.096027 0
0.368741 0
0.199637 0
0.565466 0
0.278364 0
0.427891 0
0.143157 0
0.021388 0
0.453864 0
0.334113 0
0.402643 0
0.012611 0
1.079044 0
0.496349 0
0.169076 0
1.174131 0
1.565548 0
0.985587 0
