0.795320 0
0.564118 0
0.073911 0
1.490039 0
0.305282 0
0.084066 0
0.682970 0
1.502135 0
1.007114 0
0.908070 0
0.864889 0
0.027104 0
0.552300 0
0.264211 0
0.578326 0
0.027463 0
0.504413 0
0.194836 0
0.961291 0
1.485080 0
0.577610 0
0.027337 0
0.120058 0
1.671615 0
0.040280 0
0.043487 0
1.410462 0
0.570085 0
0.461240 0
0.023909 0
0.126674 0
0.127872 0
0.045182 0
0.443026 0
0.208469 0
0.300724 0
0.138342 0
1.375189 0
0.179704 0
0.294883 0
0.782067 0
0.291857 0
0.392403 0
1.394799 0
0.012992 0
0.032436 0
0.495778 0
1.491655 0
0.148748 0
0.005055 0
0.028061 0
0.222787 0
0.117616 0
0.107505 0
0.095288 0
0.249528 0
1.513680 0
0.486669 0
0.207117 0
0.273732 0
0.291256 0
0.133194 0
0.348415 0
0.485465 0
0.240177 0
0.102788 0
0.215276 0
0.051986 0
1.618330 0
0.127879 0
0.229630 0
