0.459106 0
1.352270 0
0.048352 0
1.453386 0
0.362735 0
0.160191 0
0.396910 0
1.404984 0
0.110251 0
0.358378 0
0.276531 0
0.062075 0
0.862596 0
0.105533 0
0.236942 0
0.130451 0
0.532087 0
0.097581 0
0.503363 0
0.099074 0
0.949809 0
0.529117 0
0.340206 0
0.361237 0
0.227572 0
0.332695 0
0.095575 0
1.396205 0
0.326726 0
1.497545 0
0.123908 0
0.803774 0
0.260602 0
0.475092 0
0.319857 0
0.990827 0
1.345987 0
0.802632 0
0.208025 0
0.389983 0
0.029106 0
0.152688 0
1.443111 0
1.466333 0
0.331097 0
0.980340 0
0.052767 0
0.081157 0
0.354805 0
0.443192 0
0.162634 0
0.694871 0
1.653794 0
0.254179 0
