0.125952 0
0.126529 0
0.811993 0
0.057716 0
0.327046 0
0.212373 0
1.566930 0
0.831743 0
1.195758 0
0.172158 0
0.537601 0
0.655968 0
0.685827 0
0.078893 0
0.663673 0
0.815847 0
0.264938 0
0.849020 0
0.528082 0
0.468400 0
0.134901 0
0.179830 0
0.666088 0
0.281269 0
0.273744 0
1.027949 0
0.222461 0
0.117471 0
0.019108 0
0.708627 0
0.915908 0
0.048483 0
0.228578 0
0.160343 0
0.022595 0
1.326653 0
0.291537 0
0.535105 0
1.287742 0
1.041108 0
0.746853 0
1.377240 0
0.302486 0
0.198654 0
0.049533 0
0.507013 0
0.210049 0
0.068966 0
0.765059 0
0.624318 0
0.579530 0
0.869705 0
0.406682 0
0.396266 0
0.490900 0
0.968868 0
0.475122 0
0.590882 0
0.438613 0
