0.183472 0
0.231236 0
0.177942 0
1.759361 0
0.396416 0
0.101269 0
0.129689 0
0.159018 0
0.171150 0
0.133924 0
0.043836 0
0.466470 0
0.282995 0
0.057938 0
0.743214 0
0.209803 0
0.707371 0
0.371935 0
0.371311 0
0.844256 0
0.416278 0
0.318363 0
0.451485 0
1.225723 0
0.013785 0
0.172213 0
0.407405 0
0.150773 0
0.347534 0
0.415092 0
0.062769 0
0.948448 0
0.678992 0
0.030033 0
1.656265 0
1.008978 0
0.075364 0
0.667109 0
0.720089 0
0.292067 0
0.555097 0
0.269264 0
0.166995 0
0.066786 0
0.143214 0
0.956118 0
0.488721 0
1.274827 0
0.035142 0
0.051234 0
1.367026 0
1.427892 0
0.021109 0
0.019841 0
0.247370 0
1.012576 0
0.231337 0
0.017274 0
1.015527 0
0.016720 0
0.328005 0
0.059551 0
0.044497 0
1.474892 0
