1.484689 0
0.635010 0
0.464652 0
0.598140 0
0.753902 0
0.303763 0
0.529593 0
0.074639 0
1.547644 0
0.454503 0
0.757676 0
0.695990 0
1.047392 0
1.480658 0
0.091753 0
0.493096 0
0.111538 0
0.196459 0
0.006579 0
0.084786 0
0.926544 0
0.968309 0
0.433208 0
0.339799 0
0.313299 0
0.038545 0
0.053309 0
0.299704 0
0.216483 0
0.410405 0
0.650660 0
1.211550 0
1.115206 0
0.437087 0
0.993768 0
0.224687 0
0.162971 0
0.195110 0
0.438160 0
0.457540 0
0.263408 0
0.508340 0
0.002764 0
0.472348 0
0.930845 0
0.582612 0
0.517286 0
0.823771 0
0.132807 0
