1.021062 0
0.201791 0
0.204939 0
0.510106 0
0.163294 0
0.455766 0
1.244770 0
1.518038 0
0.287575 0
0.318116 0
0.246890 0
1.608937 0
1.403504 0
0.314999 0
0.098119 0
0.611194 0
1.160094 0
0.136824 0
0.702970 0
0.074852 0
0.030697 0
0.079088 0
0.061414 0
0.519614 0
0.081685 0
0.096763 0
0.516778 0
0.173216 0
0.065695 0
0.376972 0
0.442160 0
1.119023 0
0.125854 0
0.250863 0
0.882667 0
0.971524 0
0.741927 0
0.249027 0
0.486722 0
0.798991 0
0.023785 0
0.464944 0
0.382168 0
0.026207 0
0.191013 0
0.206171 0
0.189606 0
0.260898 0
0.129029 0
0.430464 0
0.002281 0
0.233189 0
0.526086 0
0.788966 0
1.363616 0
0.670436 0
0.177932 0
0.089497 0
0.418732 0
0.115225 0
0.908125 0
0.467918 0
0.247681 0
