0.312587 0
0.591940 0
0.406954 0
1.075374 0
0.200738 0
0.572857 0
0.031987 0
0.145363 0
1.397264 0
0.361333 0
0.099611 0
0.294263 0
0.890815 0
0.064011 0
1.421089 0
0.891809 0
0.832869 0
0.290301 0
0.386427 0
0.111519 0
0.671209 0
0.588707 0
0.178825 0
0.214431 0
0.512643 0
1.317877 0
1.245453 0
0.209828 0
0.283863 0
0.042095 0
0.029656 0
0.027064 0
0.461037 0
0.053845 0
0.504048 0
0.475684 0
0.057162 0
1.362653 0
0.274659 0
0.825995 0
0.699367 0
0.601573 0
0.085676 0
0.383705 0
0.078305 0
0.362668 0
0.230337 0
0.683388 0
0.278279 0
0.488396 0
0.134842 0
1.056533 0
0.482787 0
0.403636 0
0.113855 0
0.049714 0
0.211421 0
0.197024 0
0.119003 0
0.106487 0
0.087183 0
1.356155 0
0.113439 0
