1.838222 0
0.979543 0
0.444617 0
0.506824 0
0.604890 0
0.842706 0
0.341251 0
0.210670 0
0.274258 0
1.590201 0
0.069537 0
0.306902 0
0.568359 0
0.028151 0
0.069257 0
0.202487 0
0.484194 0
0.536013 0
0.962737 0
0.308967 0
0.055712 0
1.035684 0
0.066344 0
1.345958 0
0.343832 0
1.200913 0
1.912172 0
0.206849 0
1.438038 0
0.541984 0
0.974295 0
0.205189 0
0.668006 0
0.652939 0
0.310736 0
0.103026 0
0.835151 0
1.096212 0
0.111882 0
0.656436 0
0.334918 0
0.095479 0
0.283030 0
0.051826 0
0.195103 0
0.958384 0
0.901809 0
1.882264 0
0.244177 0
0.441617 0
