0.242818 0
0.128668 0
0.232991 0
0.286856 0
0.149400 0
0.240097 0
0.420995 0
0.099222 0
0.639395 0
0.168606 0
0.313451 0
0.172485 0
0.304041 0
0.982055 0
0.252325 0
0.256017 0
0.232334 0
0.606238 0
0.311374 0
0.277637 0
0.126764 0
1.584010 0
0.188298 0
0.396904 0
0.401343 0
0.477478 0
1.023797 0
0.064510 0
1.145615 0
0.294608 0
0.648511 0
0.190945 0
0.353941 0
0.257461 0
0.591615 0
0.628133 0
1.042059 0
1.367225 0
0.426035 0
0.386089 0
0.149400 0
0.341743 0
0.097146 0
0.341115 0
0.881840 0
0.211300 0
0.274387 0
0.081706 0
0.573276 0
1.947794 0
