0.462988 0
0.248826 0
1.611029 0
1.377488 0
0.096830 0
0.023563 0
1.407354 0
0.941463 0
1.383968 0
1.325779 0
0.016518 0
0.504319 0
0.451704 0
0.530793 0
0.046142 0
1.085821 0
0.153188 0
0.126125 0
0.299111 0
0.357717 0
1.033596 0
0.288100 0
0.592639 0
0.906966 0
0.315751 0
0.060132 0
0.705871 0
0.370984 0
0.657845 0
0.299372 0
0.029013 0
0.274413 0
0.467518 0
0.546795 0
0.599609 0
0.067446 0
0.550927 0
0.144286 0
0.091075 0
0.126872 0
0.349429 0
0.066224 0
0.217616 0
1.457967 0
0.389322 0
0.807616 0
1.122238 0
0.118225 0
0.251319 0
