0.082118 0
0.209803 0
0.220535 0
0.199078 0
0.081357 0
0.050003 0
0.375126 0
0.485659 0
0.425773 0
0.526077 0
0.113425 0
0.459216 0
1.086485 0
0.829466 0
0.842022 0
0.232659 0
0.064346 0
0.988201 0
0.760450 0
0.698088 0
0.329672 0
0.123131 0
0.293103 0
0.722627 0
0.325840 0
0.059063 0
1.161626 0
0.088064 0
0.408321 0
0.709809 0
0.410416 0
0.163797 0
0.169057 0
1.094180 0
1.252043 0
0.295056 0
0.504953 0
0.603534 0
0.823138 0
0.538613 0
0.011735 0
1.723495 0
0.175118 0
1.183048 0
0.540365 0
0.069501 0
0.128970 0
0.660071 0
0.262356 0
0.280895 0
0.361234 0
