0.208625 0
0.164693 0
0.044660 0
0.151057 0
0.700689 0
0.022117 0
0.394648 0
0.968075 0
1.075723 0
0.369931 0
0.393158 0
0.727948 0
1.428269 0
0.225809 0
0.202472 0
0.062562 0
0.839495 0
0.014065 0
0.260510 0
0.140253 0
0.031007 0
0.691285 0
0.441149 0
0.408987 0
0.837616 0
0.378917 0
0.891254 0
0.147622 0
0.696609 0
0.060315 0
0.807574 0
0.516359 0
0.407234 0
0.330277 0
1.487288 0
0.449129 0
1.659452 0
0.652287 0
0.225138 0
0.427288 0
0.047807 0
0.505139 0
0.742473 0
0.120837 0
0.328777 0
0.498138 0
