0.357018 0
0.712501 0
0.169349 0
0.461896 0
0.369649 0
1.291730 0
0.228042 0
0.727551 0
0.438487 0
0.161177 0
0.477538 0
0.196787 0
0.915711 0
0.795195 0
0.845111 0
0.098687 0
1.177720 0
0.260420 0
0.181345 0
0.432371 0
0.399594 0
0.069493 0
0.578687 0
0.842444 0
0.643788 0
0.150104 0
0.217450 0
0.305211 0
0.543420 0
0.900791 0
0.103016 0
1.523432 0
0.241432 0
0.952618 0
0.112532 0
0.058561 0
0.370750 0
0.059348 0
0.454905 0
0.265683 0
0.003020 0
0.854797 0
0.123312 0
0.029692 0
1.218898 0
0.154892 0
1.289092 0
0.457319 0
0.334353 0
1.436481 0
0.260718 0
0.006546 0
