1.160099 0
0.094032 0
0.174255 0
0.233162 0
0.830598 0
0.234656 0
0.274693 0
0.246241 0
0.480219 0
1.551537 0
0.553318 0
0.712904 0
0.114956 0
0.510775 0
0.251870 0
0.620709 0
0.260823 0
1.501570 0
0.025405 0
0.814836 0
0.232495 0
0.148376 0
0.380187 0
0.123996 0
0.492510 0
0.288388 0
0.050871 0
0.438954 0
0.043248 0
0.802903 0
0.092170 0
1.610019 0
0.080593 0
0.067905 0
0.034777 0
0.105084 0
0.403933 0
0.053413 0
0.211710 0
1.064820 0
0.346847 0
0.408359 0
0.865188 0
0.103169 0
0.253677 0
0.049502 0
0.169195 0
0.308337 0
0.085322 0
0.138986 0
0.357404 0
0.223499 0
1.350802 0
0.052225 0
1.290150 0
1.124870 0
0.369992 0
0.342178 0
0.021984 0
0.137938 0
0.350546 0
1.420282 0
0.464611 0
0.253492 0
0.208714 0
0.313239 0
0.610675 0
0.719639 0
0.465096 0
0.003876 0
