0.819976 0
0.108398 0
0.453133 0
0.296158 0
0.480677 0
0.510576 0
0.108319 0
0.581410 0
0.068851 0
0.114329 0
0.025708 0
0.701677 0
1.012956 0
0.048833 0
1.119273 0
1.301425 0
0.490461 0
0.468384 0
1.086407 0
0.853883 0
0.071330 0
0.091046 0
0.368783 0
1.123035 0
0.034675 0
0.010714 0
0.606857 0
0.238747 0
0.229965 0
0.254576 0
0.333435 0
0.952518 0
0.122103 0
0.130660 0
0.032510 0
0.034536 0
0.658261 0
0.502072 0
0.073309 0
0.439597 0
0.083465 0
0.380509 0
0.436502 0
0.329178 0
1.802322 0
1.539939 0
0.455582 0
1.533424 0
1.402084 0
0.444756 0
0.807741 0
0.642031 0
0.396959 0
0.196323 0
0.187872 0
0.008598 0
0.016508 0
0.266198 0
0.695168 0
0.007550 0
0.073924 0
1.716047 0
0.527004 0
0.010506 0
0.509202 0
0.197138 0
1.385170 0
0.919477 0
0.192505 0
