1.369912 0
0.519312 0
0.593443 0
0.146920 0
0.231902 0
1.004261 0
1.905466 0
0.134812 0
0.092490 0
0.109090 0
1.191376 0
1.739180 0
1.067602 0
1.407906 0
0.622598 0
0.090514 0
0.633099 0
0.161799 0
1.220554 0
0.276814 0
0.107781 0
0.219531 0
0.995128 0
0.069933 0
0.036856 0
0.679913 0
0.077898 0
0.010913 0
0.135257 0
0.041219 0
0.084334 0
0.124151 0
0.863275 0
0.717096 0
0.116320 0
0.093505 0
0.302107 0
0.781072 0
0.561786 0
0.004990 0
0.329868 0
0.073482 0
0.260676 0
0.606922 0
0.729079 0
0.453735 0
0.322970 0
0.472048 0
1.381166 0
0.078475 0
0.172298 0
0.060822 0
0.392158 0
0.445108 0
0.232965 0
0.227259 0
0.053764 0
0.817993 0
0.427099 0
0.125485 0
1.225535 0
0.120690 0
0.851680 0
0.033664 0
1.265183 0
0.086293 0
0.711346 0
