0.260471 0
0.275815 0
0.432779 0
0.687490 0
0.389018 0
0.049181 0
1.426956 0
0.685004 0
0.038551 0
0.115476 0
0.961680 0
0.675968 0
0.440042 0
0.397622 0
0.430269 0
0.155016 0
0.223815 0
0.798278 0
1.027341 0
0.141710 0
0.007535 0
0.786249 0
1.461191 0
0.064966 0
0.482487 0
0.053566 0
0.885160 0
0.013297 0
0.438500 0
0.105885 0
0.133221 0
0.025903 0
0.840093 0
0.399964 0
0.327668 0
0.114972 0
1.438612 0
1.391082 0
0.057972 0
0.049353 0
0.335958 0
0.473335 0
0.384017 0
0.152098 0
0.328952 0
0.204948 0
0.446107 0
0.520911 0
0.444286 0
0.833089 0
0.404444 0
0.123347 0
0.440093 0
0.522497 0
0.707845 0
0.334597 0
0.040088 0
