0.152136 0
0.443258 0
0.875768 0
1.091589 0
0.221002 0
0.812949 0
0.600757 0
0.220564 0
1.063428 0
1.121850 0
0.513732 0
0.419547 0
0.130472 0
0.549092 0
0.029216 0
0.071644 0
0.275147 0
0.827733 0
0.123071 0
0.742165 0
0.524228 0
1.009461 0
0.089266 0
0.641501 0
0.579110 0
0.085479 0
0.193177 0
0.543070 0
0.340627 0
0.625870 0
0.953188 0
1.576809 0
0.019829 0
0.331366 0
0.009979 0
0.499988 0
0.179350 0
0.882421 0
0.485721 0
0.553753 0
0.391175 0
0.126081 0
0.014347 0
0.709553 0
1.958009 0
0.120619 0
0.582853 0
0.617711 0
0.901853 0
0.251754 0
0.358743 0
0.149709 0
0.216683 0
1.010662 0
0.175016 0
1.048633 0
0.076347 0
