0.751396 0
1.315143 0
0.585153 0
0.373373 0
1.444531 0
0.320736 0
0.384758 0
0.311420 0
0.136226 0
1.400955 0
0.199631 0
0.030773 0
0.421165 0
0.239734 0
1.038551 0
0.783455 0
0.346502 0
1.240427 0
0.579267 0
1.090009 0
0.299035 0
0.088137 0
0.101591 0
0.173523 0
0.365402 0
0.440116 0
0.567191 0
0.323551 0
0.144516 0
0.008418 0
0.277486 0
1.279552 0
0.012334 0
1.018665 0
1.389710 0
0.739118 0
0.574343 0
1.595100 0
0.183844 0
0.172965 0
0.159897 0
0.153559 0
0.416365 0
0.197766 0
1.233726 0
0.559732 0
0.215455 0
0.383615 0
1.611072 0
0.098615 0
0.685118 0
0.071456 0
0.100531 0
0.282153 0
0.079784 0
0.059225 0
0.473785 0
