0.284557 0
1.399482 0
0.658332 0
0.190996 0
0.107236 0
0.623590 0
0.466964 0
0.933608 0
1.163429 0
0.438112 0
0.390497 0
0.297798 0
0.039454 0
0.400121 0
0.401190 0
0.158823 0
0.346389 0
0.615269 0
0.860639 0
0.178991 0
0.087503 0
0.652266 0
0.473180 0
0.983717 0
1.326643 0
1.380633 0
0.689855 0
0.280381 0
0.557347 0
0.762110 0
0.262695 0
0.633055 0
0.849855 0
1.704777 0
0.757005 0
1.040137 0
0.344667 0
0.738033 0
0.080136 0
0.091279 0
0.440482 0
0.206147 0
0.466044 0
0.304998 0
0.169304 0
0.205672 0
0.350751 0
0.027605 0
0.379913 0
0.030806 0
1.562098 0
0.392803 0
0.780345 0
0.278792 0
0.320851 0
0.034043 0
0.491444 0
0.027409 0
0.224597 0
1.057485 0
1.322687 0
0.810404 0
0.299736 0
0.663329 0
0.142942 0
0.066806 0
0.349332 0
0.017174 0
0.419562 0
0.492369 0
0.080146 0
0.750013 0
