0.435629 0
0.587601 0
1.247342 0
0.109640 0
0.104685 0
1.017538 0
0.093676 0
0.218552 0
0.272232 0
0.710634 0
0.384875 0
0.482933 0
0.114079 0
0.919337 0
0.125648 0
0.220661 0
0.740665 0
0.563482 0
0.271007 0
0.170594 0
0.351931 0
0.062333 0
1.383795 0
0.354382 0
0.555542 0
0.375440 0
0.454429 0
0.067735 0
0.045261 0
0.423716 0
0.179370 0
0.574370 0
0.101152 0
0.069893 0
1.044406 0
1.291611 0
0.159385 0
0.058697 0
0.121968 0
0.292748 0
0.074140 0
0.292816 0
0.226705 0
0.086922 0
0.293208 0
0.067098 0
0.075062 0
0.246412 0
0.018206 0
0.332252 0
0.069738 0
1.459269 0
0.586817 0
1.167665 0
0.111581 0
0.285132 0
1.312335 0
1.381545 0
0.307021 0
0.044231 0
0.015096 0
