0.163848 0
0.582318 0
1.055523 0
1.006923 0
0.994459 0
0.215050 0
0.733951 0
0.288419 0
0.197806 0
0.113097 0
0.246273 0
0.077050 0
0.296856 0
0.392287 0
0.079891 0
0.176465 0
0.023634 0
0.824022 0
0.478969 0
0.558236 0
0.100180 0
0.175504 0
0.057625 0
0.409192 0
0.253209 0
0.030381 0
0.378475 0
0.147013 0
0.228536 0
0.841743 0
0.379415 0
0.178391 0
0.788364 0
1.142001 0
0.599731 0
1.225974 0
0.191876 0
1.182235 0
0.370970 0
0.524013 0
0.646562 0
0.103909 0
0.327368 0
1.100663 0
1.257343 0
0.066843 0
0.217390 0
0.104998 0
0.072851 0
0.397111 0
0.119815 0
1.371333 0
0.411126 0
0.050341 0
0.057463 0
1.010335 0
0.243729 0
0.026655 0
0.039217 0
0.467975 0
0.782013 0
1.365726 0
0.091505 0
0.168181 0
0.357699 0
0.876694 0
1.027357 0
0.078866 0
0.411217 0
0.772701 0
