0.522543 0
0.768004 0
0.643085 0
0.041823 0
0.142426 0
0.047258 0
0.136902 0
0.802510 0
1.553303 0
0.025192 0
0.043985 0
0.103287 0
0.054245 0
1.577005 0
0.297529 0
0.257492 0
1.647836 0
0.120525 0
0.340574 0
0.065563 0
0.153704 0
1.664708 0
0.199017 0
0.063422 0
0.473642 0
0.408532 0
1.246710 0
1.269966 0
0.512216 0
1.581606 0
0.462269 0
0.453980 0
0.044383 0
0.290883 0
1.347474 0
0.907768 0
0.052251 0
0.882179 0
0.620630 0
1.308456 0
0.182712 0
0.533836 0
0.453069 0
0.093837 0
0.706608 0
0.061458 0
0.583570 0
0.790257 0
0.035967 0
1.509899 0
0.635556 0
0.458127 0
