1.458962 0
1.055563 0
0.724783 0
0.111964 0
0.114536 0
0.689589 0
0.780689 0
0.726230 0
1.398498 0
0.223255 0
0.304769 0
0.073545 0
0.732501 0
0.181140 0
0.449233 0
1.045951 0
0.242908 0
0.183008 0
1.546253 0
0.993825 0
1.523977 0
0.616662 0
0.208083 0
0.009173 0
0.559950 0
0.055583 0
0.032702 0
0.832000 0
0.248692 0
0.299789 0
0.615660 0
0.703203 0
0.216881 0
0.379461 0
0.094133 0
1.389000 0
0.722298 0
0.030462 0
0.364600 0
0.410014 0
0.247558 0
0.038672 0
1.461471 0
0.830594 0
0.268542 0
0.223887 0
0.320886 0
0.084197 0
0.226766 0
0.373163 0
1.494282 0
0.535804 0
0.601645 0
1.360232 0
0.990503 0
0.259190 0
0.208260 0
0.055800 0
0.779491 0
1.619590 0
