0.374483 0
0.579685 0
0.220480 0
0.378522 0
0.954178 0
0.183312 0
0.025351 0
1.398750 0
0.275906 0
0.310697 0
0.646065 0
0.065864 0
1.491086 0
0.245267 0
0.322807 0
0.288196 0
0.981676 0
0.332710 0
0.571669 0
0.716968 0
1.667981 0
1.411676 0
0.107122 0
0.174774 0
0.184296 0
1.393823 0
0.541439 0
0.267135 0
0.563258 0
0.163361 0
0.202071 0
0.130596 0
0.080768 0
1.116690 0
0.138754 0
1.706483 0
0.314314 0
0.747607 0
0.509222 0
0.039388 0
1.510548 0
0.100174 0
1.438830 0
0.386273 0
1.212999 0
0.381700 0
0.695041 0
0.272916 0
0.310314 0
0.430742 0
0.084236 0
0.222799 0
0.571700 0
1.296331 0
0.066054 0
0.426751 0
0.734216 0
0.580569 0
0.457241 0
0.262119 0
0.154921 0
0.456382 0
0.229980 0
0.525142 0
0.339756 0
0.003712 0
0.197289 0
0.824293 0
