0.119323 0
0.312889 0
0.055565 0
0.076285 0
0.120384 0
0.190271 0
0.160419 0
0.417396 0
1.507698 0
0.155765 0
0.212488 0
0.357308 0
0.056385 0
0.207682 0
1.573351 0
0.785844 0
0.565345 0
0.026964 0
0.202817 0
0.098709 0
0.080757 0
0.333751 0
0.557018 0
0.175931 0
0.740212 0
0.140515 0
1.194977 0
0.012235 0
0.275388 0
0.030697 0
0.086409 0
0.470225 0
0.059641 0
0.928127 0
0.701808 0
0.086939 0
0.069670 0
0.260777 0
0.648436 0
1.376331 0
0.336974 0
0.003282 0
0.006397 0
0.232144 0
1.074564 0
0.464758 0
0.861691 0
0.139950 0
0.964208 0
2.203925 0
0.145386 0
0.681087 0
1.211635 0
0.313559 0
0.494224 0
0.983615 0
0.831706 0
0.166477 0
0.972196 0
0.942387 0
0.628506 0
0.574374 0
0.181016 0
0.118971 0
1.208527 0
0.826226 0
0.729616 0
0.066899 0
