0.485263 0
0.467487 0
0.373306 0
0.961392 0
1.242404 0
1.184356 0
0.259238 0
0.495644 0
0.463640 0
0.774705 0
0.050632 0
0.082961 0
0.551183 0
0.821010 0
0.777169 0
0.385956 0
0.411355 0
0.387770 0
0.107088 0
0.626692 0
0.398265 0
0.115274 0
0.637882 0
0.049923 0
0.234069 0
0.094116 0
0.795550 0
0.233255 0
0.225389 0
0.273765 0
0.909161 0
0.619790 0
0.079771 0
0.839829 0
1.241482 0
0.312982 0
0.269914 0
0.297523 0
0.256279 0
0.116518 0
0.142521 0
1.257945 0
0.471005 0
0.343150 0
0.054085 0
0.050233 0
0.355051 0
0.842418 0
0.393617 0
0.100982 0
0.059055 0
0.030919 0
0.199678 0
1.435118 0
0.863582 0
0.097410 0
0.627263 0
0.212728 0
0.994855 0
1.430928 0
0.313837 0
