0.365201 0
0.528087 0
0.555108 0
0.750099 0
0.065186 0
0.312199 0
0.116512 0
0.157033 0
0.115088 0
0.275639 0
0.098085 0
0.071324 0
0.559082 0
1.424897 0
0.330175 0
1.385433 0
0.259644 0
1.004132 0
0.017579 0
0.243584 0
0.565513 0
0.568974 0
0.944149 0
0.543768 0
0.029664 0
0.056557 0
0.237184 0
0.604896 0
0.157664 0
0.154774 0
0.352112 0
0.023315 0
0.205761 0
0.430068 0
0.179325 0
0.232690 0
0.012364 0
0.685222 0
0.287602 0
0.028329 0
0.237139 0
0.281019 0
0.454324 0
0.637008 0
0.022346 0
0.227399 0
0.319440 0
0.366827 0
0.075825 0
0.019857 0
1.232449 0
1.953005 0
0.349914 0
0.735307 0
1.496068 0
0.265186 0
0.533937 0
0.930543 0
0.352915 0
0.218728 0
0.309626 0
0.144253 0
0.446329 0
0.241186 0
0.074835 0
0.004188 0
0.164460 0
0.262407 0
0.179546 0
