0.634772 0
0.345206 0
0.437277 0
0.161749 0
1.630793 0
0.060099 0
0.084284 0
0.089888 0
0.515746 0
0.843712 0
0.629717 0
0.620916 0
0.169104 0
0.232190 0
0.123019 0
0.982599 0
0.518415 0
0.056574 0
0.123799 0
0.435812 0
0.586059 0
0.501538 0
0.162241 0
1.736944 0
0.487909 0
0.347902 0
0.416907 0
0.008015 0
1.070316 0
0.067509 0
0.188006 0
0.055000 0
0.237728 0
0.130996 0
1.369063 0
1.322826 0
0.426794 0
0.664399 0
0.815421 0
0.209017 0
0.653264 0
0.787451 0
0.022052 0
0.931810 0
0.224680 0
0.905438 0
0.057384 0
0.115990 0
0.177101 0
0.717609 0
0.586922 0
0.423616 0
0.178776 0
0.343558 0
