0.959327 0
0.560721 0
0.528486 0
0.547458 0
0.099398 0
0.545022 0
0.523409 0
0.219856 0
0.917862 0
0.454779 0
0.194520 0
1.476641 0
0.128611 0
0.506091 0
0.116715 0
0.152300 0
0.265274 0
0.851340 0
0.315722 0
0.016618 0
0.310124 0
0.433455 0
0.324651 0
0.290176 0
0.087599 0
0.428982 0
0.302041 0
0.813737 0
0.443896 0
0.211934 0
0.106917 0
0.024375 0
0.410358 0
0.518129 0
0.552999 0
0.093154 0
0.021587 0
0.104736 0
0.027748 0
1.270626 0
0.178950 0
0.444922 0
0.379305 0
0.522178 0
1.399512 0
0.091194 0
0.592414 0
1.263105 0
0.123680 0
1.165831 0
0.210374 0
0.004305 0
0.362805 0
1.751543 0
0.331341 0
0.270419 0
0.170116 0
0.214375 0
1.206180 0
0.446889 0
0.734889 0
0.083171 0
0.191602 0
0.443351 0
0.016609 0
0.212410 0
0.841061 0
0.151348 0
0.081188 0
0.269422 0
0.045854 0
