0.084774 0
0.111670 0
0.186671 0
0.602704 0
1.439766 0
0.129763 0
0.398658 0
0.255750 0
0.853715 0
0.107102 0
0.466903 0
0.068207 0
0.652676 0
0.070726 0
0.195382 0
0.220407 0
0.037623 0
0.811926 0
1.074033 0
0.196250 0
0.096110 0
0.645245 0
0.989736 0
0.261827 0
0.009756 0
0.172690 0
0.834562 0
0.101780 0
0.042970 0
0.080781 0
0.273251 0
0.176355 0
0.778181 0
0.474141 0
0.976489 0
1.423699 0
0.801651 0
0.945210 0
0.268332 0
0.004024 0
0.174332 0
0.158212 0
0.084240 0
0.246424 0
0.327449 0
0.059283 0
0.115616 0
0.386956 0
