0.224498 0
0.633794 0
0.074543 0
0.477214 0
1.446864 0
0.379338 0
0.039126 0
0.695871 0
1.452159 0
0.488752 0
0.202347 0
0.325576 0
1.360907 0
0.081393 0
0.359808 0
0.583645 0
0.640337 0
0.012673 0
0.033645 0
0.811118 0
0.488708 0
0.282833 0
0.147605 0
0.100819 0
0.309700 0
0.381412 0
0.817157 0
0.087357 0
0.022786 0
0.326793 0
0.359875 0
0.568551 0
0.321461 0
0.023863 0
0.700747 0
0.033855 0
0.382621 0
0.135831 0
0.832496 0
0.390201 0
0.835333 0
0.469443 0
0.061457 0
0.024551 0
0.277588 0
0.072439 0
1.195270 0
0.317836 0
0.119861 0
0.162670 0
0.053022 0
0.240184 0
0.063513 0
0.385095 0
0.743221 0
0.189776 0
0.245856 0
0.271388 0
1.220683 0
0.462915 0
0.423962 0
1.363433 0
0.024090 0
0.232636 0
0.474598 0
0.389152 0
0.068162 0
0.143607 0
0.096721 0
1.022611 0
0.196454 0
0.826171 0
0.399994 0
1.421724 0
0.183268 0
0.490158 0
