0.310189 0
0.204232 0
0.836620 0
0.273763 0
0.072916 0
0.035460 0
0.254999 0
1.112815 0
0.444668 0
0.048138 0
0.207513 0
0.102204 0
1.379399 0
1.370200 0
0.156912 0
0.358911 0
0.548922 0
0.909813 0
1.220101 0
0.049822 0
1.450899 0
0.083541 0
0.864720 0
0.182352 0
0.982060 0
0.006820 0
0.040974 0
0.107303 0
0.019767 0
0.291193 0
0.030710 0
0.687080 0
0.512800 0
0.528778 0
0.222982 0
0.037247 0
0.276796 0
0.136650 0
1.238771 0
0.086407 0
0.220713 0
0.161730 0
0.880562 0
1.053200 0
0.119673 0
0.172783 0
0.588958 0
0.416839 0
1.412216 0
1.501917 0
1.394887 0
0.194117 0
0.247854 0
0.058635 0
0.379966 0
0.079232 0
0.545971 0
0.457512 0
0.198548 0
0.065555 0
0.202308 0
