0.459702 0
0.472996 0
0.184740 0
1.402749 0
1.568798 0
0.166355 0
0.920791 0
0.571835 0
0.260092 0
0.064438 0
0.354927 0
0.364159 0
0.090250 0
0.298960 0
0.780523 0
0.635162 0
0.496669 0
0.154357 0
0.049101 0
0.566163 0
0.081010 0
0.090776 0
0.276539 0
0.347506 0
0.327622 0
0.523259 0
1.896970 0
0.426144 0
0.089365 0
0.775141 0
0.636379 0
0.575657 0
0.128464 0
0.380364 0
1.039798 0
1.018808 0
0.153173 0
0.693547 0
0.248993 0
0.405735 0
1.505602 0
0.119584 0
0.028505 0
0.072626 0
0.549170 0
0.317785 0
0.277450 0
0.171882 0
1.196576 0
0.924013 0
0.291728 0
0.405886 0
0.669078 0
0.250452 0
0.786401 0
0.265080 0
0.214173 0
0.086501 0
0.649119 0
1.536874 0
0.236223 0
0.581390 0
0.207892 0
1.437637 0
0.553076 0
0.034913 0
0.245710 0
0.035340 0
