0.223117 0
1.468329 0
0.965234 0
0.865063 0
0.423309 0
1.364952 0
0.676604 0
0.700740 0
0.785290 0
0.098743 0
0.355573 0
0.581306 0
0.988709 0
1.415513 0
0.157379 0
1.393110 0
0.604584 0
0.972212 0
0.420909 0
0.068354 0
0.503235 0
0.584047 0
0.622791 0
0.738417 0
0.139652 0
0.109069 0
0.455608 0
0.359495 0
0.340071 0
0.151852 0
0.511010 0
0.562744 0
0.289984 0
0.490979 0
0.016577 0
0.447047 0
0.054591 0
1.454004 0
1.484056 0
0.875687 0
0.014306 0
0.243781 0
0.015832 0
1.255788 0
1.091379 0
0.248789 0
0.215391 0
0.265401 0
0.681572 0
0.053795 0
0.272479 0
0.283543 0
