0.412039 0
0.230391 0
0.859476 0
1.762259 0
0.305701 0
1.556685 0
0.272785 0
0.509601 0
0.697844 0
0.275057 0
1.390447 0
0.451588 0
0.025638 0
0.073527 0
0.750844 0
0.259180 0
0.067448 0
0.583262 0
1.366480 0
0.757271 0
0.065044 0
0.241426 0
0.572151 0
1.216453 0
0.538172 0
0.496827 0
0.282784 0
0.144906 0
0.157965 0
0.642868 0
1.388174 0
0.305071 0
0.313311 0
0.780778 0
0.576524 0
0.828720 0
0.085945 0
0.028771 0
0.085069 0
0.465070 0
0.070059 0
0.527288 0
0.218089 0
1.836694 0
1.045640 0
0.505201 0
0.323637 0
0.136731 0
0.263732 0
1.152019 0
1.000239 0
0.663017 0
0.283322 0
0.112370 0
0.651334 0
1.037778 0
0.073715 0
0.297548 0
1.160329 0
0.055150 0
1.212549 0
