0.250624 0
0.645332 0
0.587671 0
0.048592 0
0.340792 0
0.299401 0
0.205651 0
1.463527 0
0.204165 0
0.169255 0
0.423699 0
0.067390 0
0.239886 0
0.298133 0
1.534504 0
0.227744 0
0.946668 0
0.399688 0
0.400563 0
0.499563 0
0.437503 0
0.588205 0
0.730093 0
0.189680 0
0.105652 0
1.223725 0
0.828431 0
1.052416 0
0.119279 0
1.612041 0
0.414307 0
1.491646 0
0.114890 0
0.155350 0
1.221448 0
0.145046 0
0.110066 0
1.556285 0
0.376463 0
0.044218 0
0.377111 0
0.216929 0
0.068922 0
0.039135 0
0.079413 0
0.939668 0
1.478273 0
0.538746 0
0.315600 0
0.381690 0
0.623824 0
