0.741234 0
0.510219 0
0.455715 0
0.604833 0
0.273256 0
0.978226 0
0.039765 0
0.102055 0
1.024442 0
0.208731 0
1.038461 0
0.031193 0
0.272351 0
0.122754 0
0.348503 0
0.043760 0
0.289302 0
1.129456 0
0.222410 0
1.385935 0
0.222957 0
0.153257 0
0.169702 0
0.040446 0
0.390783 0
0.138636 0
0.704678 0
0.102698 0
1.522880 0
0.610973 0
0.799917 0
2.219128 0
1.121660 0
0.137407 0
0.595013 0
0.090332 0
0.504390 0
0.626641 0
0.107736 0
0.084346 0
0.090525 0
0.845855 0
0.143301 0
0.285596 0
1.277418 0
2.398732 0
0.786252 0
1.302172 0
0.190784 0
1.462370 0
1.419567 0
0.228076 0
0.037041 0
0.092095 0
0.313266 0
0.052598 0
0.767038 0
0.089300 0
0.038275 0
1.454939 0
0.714749 0
0.396851 0
0.007352 0
0.560665 0
0.309145 0
0.224322 0
0.122558 0
0.556041 0
