1.303007 0
0.126300 0
0.141407 0
0.098781 0
0.041733 0
1.034658 0
0.376814 0
1.417927 0
0.797856 0
1.140201 0
0.963018 0
0.229929 0
0.590427 0
0.117940 0
0.357924 0
0.179127 0
1.438354 0
0.626667 0
0.841681 0
0.965261 0
1.490675 0
0.324371 0
0.269914 0
0.044166 0
0.872171 0
0.851537 0
0.138245 0
0.304079 0
0.525366 0
0.111077 0
0.191616 0
0.887732 0
0.034503 0
0.572672 0
0.213946 0
0.324852 0
0.095131 0
1.117939 0
0.020863 0
0.229380 0
0.637414 0
0.950266 0
0.418080 0
0.203228 0
1.056783 0
0.049930 0
0.023368 0
0.130834 0
0.625730 0
0.195048 0
0.144024 0
0.823840 0
0.102277 0
0.176929 0
0.207678 0
0.239001 0
0.283817 0
0.254504 0
0.619841 0
0.737294 0
0.460573 0
0.119442 0
0.003082 0
0.461516 0
0.020026 0
1.587950 0
0.010394 0
0.237235 0
0.090761 0
0.112317 0
0.146798 0
0.564813 0
0.625086 0
