0.762742 0
0.528099 0
0.211964 0
0.129811 0
0.130193 0
0.817109 0
0.127983 0
0.427063 0
0.277518 0
0.022522 0
0.543894 0
0.029823 0
0.162578 0
0.334008 0
0.759937 0
0.482823 0
0.049931 0
1.229905 0
1.394183 0
0.148662 0
1.612360 0
0.035687 0
1.696610 0
0.150296 0
0.176030 0
0.420812 0
0.917126 0
0.555790 0
0.724248 0
0.286455 0
0.678805 0
0.117922 0
0.045876 0
0.957409 0
1.350546 0
0.497397 0
0.194799 0
0.003333 0
0.492638 0
0.751287 0
0.423489 0
0.321098 0
0.123230 0
0.841029 0
0.228585 0
0.668497 0
0.630366 0
0.894699 0
1.756938 0
0.335258 0
0.178965 0
0.358944 0
0.508213 0
0.115981 0
0.377997 0
0.117439 0
0.738737 0
