0.169815 0
0.363944 0
0.204679 0
0.220793 0
0.096523 0
0.131944 0
0.126880 0
0.116870 0
1.287351 0
0.337815 0
0.259737 0
0.617953 0
0.365655 0
0.540733 0
0.178370 0
0.253982 0
1.622809 0
0.167373 0
0.066065 0
0.643382 0
0.159910 0
0.947133 0
0.026037 0
0.575898 0
0.392181 0
0.468789 0
0.350712 0
1.015250 0
0.621597 0
0.244629 0
0.330317 0
0.247831 0
0.133789 0
0.559642 0
0.332338 0
0.623713 0
0.022077 0
0.444037 0
0.116547 0
0.874255 0
1.582356 0
0.571282 0
0.083997 0
0.808455 0
0.441594 0
0.413894 0
0.290987 0
0.219606 0
0.112013 0
0.044270 0
0.588536 0
0.152194 0
