0.112473 0
0.381212 0
0.726181 0
0.410429 0
0.364036 0
0.086802 0
0.348975 0
0.058733 0
0.993174 0
0.190008 0
1.370531 0
0.492510 0
0.928638 0
0.018945 0
0.642385 0
0.027453 0
0.076425 0
0.198539 0
0.566419 0
0.326200 0
0.758691 0
0.818596 0
1.110788 0
0.457261 0
1.984575 0
0.796639 0
0.033071 0
0.008183 0
0.442036 0
0.044410 0
0.428737 0
0.285324 0
1.851951 0
2.026031 0
0.314662 0
0.759959 0
0.352918 0
0.350607 0
0.469610 0
0.097122 0
0.007134 0
0.226202 0
1.210449 0
0.982296 0
0.596058 0
0.122121 0
0.002931 0
1.588151 0
1.121516 0
0.115476 0
0.394742 0
