0.561901 0
1.554992 0
0.313518 0
0.412420 0
0.168075 0
0.050713 0
1.557162 0
0.026996 0
0.585787 0
0.272150 0
0.146430 0
0.968622 0
0.836375 0
0.034177 0
0.029831 0
0.274298 0
0.618666 0
0.821105 0
0.024648 0
0.092154 0
0.245018 0
0.028245 0
0.112718 0
0.798636 0
0.060398 0
0.228629 0
0.320337 0
1.487634 0
0.425342 0
0.234454 0
0.281670 0
0.675891 0
0.189642 0
0.351228 0
0.124495 0
0.268336 0
0.350132 0
0.467557 0
0.901733 0
0.121011 0
0.120093 0
0.205298 0
0.239483 0
0.041570 0
0.308806 0
0.493970 0
