0.839871 0
0.378407 0
0.224404 0
0.766979 0
1.561492 0
0.228418 0
0.103979 0
0.256210 0
0.381371 0
1.194408 0
0.323903 0
0.631910 0
0.069993 0
0.109620 0
0.199480 0
1.385588 0
0.428650 0
0.052625 0
0.493946 0
0.013425 0
1.380861 0
0.111155 0
0.048710 0
0.235117 0
0.735224 0
0.935124 0
0.589333 0
0.027351 0
0.579115 0
0.168524 0
0.057380 0
0.208366 0
0.086634 0
0.153527 0
0.113370 0
0.003440 0
0.011323 0
0.564681 0
0.160410 0
0.066175 0
0.335283 0
0.713724 0
0.245434 0
0.233829 0
0.600743 0
0.345580 0
0.210782 0
0.291076 0
0.206688 0
0.094455 0
0.732350 0
0.369281 0
0.136687 0
0.227842 0
0.174230 0
