0.462426 0
1.395217 0
0.595340 0
0.467172 0
1.337190 0
0.097998 0
0.491403 0
0.537736 0
1.529035 0
0.166075 0
0.030704 0
0.031353 0
0.460670 0
0.083778 0
0.315922 0
0.125875 0
1.252419 0
0.381831 0
0.367227 0
0.012193 0
0.042449 0
0.239262 0
0.170652 0
0.114860 0
0.266684 0
0.058328 0
0.655148 0
0.670716 0
0.363993 0
0.534344 0
0.292370 0
0.259775 0
0.055979 0
0.726550 0
2.197859 0
0.912484 0
0.559781 0
1.120624 0
0.076509 0
0.144464 0
0.113988 0
0.039800 0
0.404855 0
0.033242 0
0.662593 0
0.116322 0
1.390375 0
