0.075785 0
0.110156 0
0.325217 0
0.252215 0
0.180892 0
0.232176 0
0.691018 0
1.544240 0
0.185620 0
0.175186 0
0.299181 0
0.093883 0
0.215141 0
0.351309 0
0.904111 0
0.064479 0
0.020431 0
1.944692 0
1.470234 0
0.793808 0
0.151999 0
0.228456 0
0.697838 0
0.357669 0
0.223389 0
0.101396 0
0.690685 0
0.587587 0
1.448184 0
0.836625 0
0.270695 0
0.364136 0
1.149020 0
0.071581 0
0.232456 0
0.190830 0
0.112600 0
0.827902 0
0.834226 0
0.659462 0
0.040206 0
0.044669 0
0.578794 0
0.662564 0
0.093798 0
1.235910 0
0.382490 0
0.143101 0
1.407345 0
0.656009 0
0.560962 0
0.556809 0
0.096957 0
0.132251 0
0.604913 0
