1.339230 0
1.486578 0
0.530657 0
1.407456 0
1.902637 0
0.063471 0
0.392787 0
0.133074 0
0.104370 0
0.052457 0
0.212485 0
0.079230 0
0.313454 0
0.394100 0
0.287243 0
0.046314 0
0.058996 0
0.189592 0
0.190125 0
0.097606 0
1.422912 0
1.660869 0
0.376217 0
1.223432 0
0.212703 0
0.011657 0
0.282266 0
1.380174 0
0.247745 0
0.016792 0
0.289358 0
0.128696 0
0.151352 0
1.662171 0
0.092127 0
0.478793 0
0.596435 0
0.030040 0
1.467607 0
1.495381 0
0.064936 0
0.521459 0
0.143691 0
0.271662 0
0.028079 0
0.136335 0
0.732135 0
0.060743 0
0.802009 0
0.989317 0
1.387552 0
0.049684 0
0.126430 0
0.421254 0
0.703872 0
0.123312 0
0.627382 0
1.001078 0
0.127950 0
0.255534 0
0.656751 0
1.701626 0
0.218102 0
0.698229 0
