0.219186 0
0.132643 0
0.477891 0
0.868929 0
0.154443 0
0.246134 0
0.016890 0
0.191635 0
0.074738 0
0.387494 0
0.817398 0
0.155139 0
0.162397 0
0.350211 0
0.132994 0
0.369406 0
0.980437 0
0.528436 0
0.062030 0
1.575444 0
0.938477 0
0.339634 0
0.335295 0
0.232478 0
0.142383 0
0.081061 0
0.112099 0
0.488624 0
0.539116 0
1.399720 0
1.641591 0
0.316563 0
0.790851 0
0.444491 0
0.391062 0
0.350860 0
0.025730 0
1.508962 0
0.673459 0
0.192630 0
0.171624 0
0.207769 0
0.668219 0
0.280416 0
0.023328 0
1.287980 0
0.678513 0
0.298193 0
0.112848 0
0.311715 0
0.695209 0
0.581561 0
