0.460527 0
0.129521 0
1.016029 0
0.912167 0
0.841752 0
0.145903 0
0.160240 0
0.692445 0
0.381811 0
0.105639 0
0.788638 0
1.393574 0
0.493273 0
0.157915 0
0.036635 0
0.472821 0
0.262576 0
1.072814 0
0.879316 0
0.509848 0
0.270339 0
0.975517 0
0.726573 0
0.032011 0
1.608833 0
0.071465 0
0.109599 0
1.501573 0
0.075047 0
0.080748 0
0.122594 0
0.240894 0
0.672994 0
0.385897 0
1.448608 0
0.348678 0
0.304899 0
0.615566 0
1.190672 0
0.319627 0
1.366939 0
0.201140 0
0.893922 0
0.072240 0
0.057286 0
0.598018 0
0.068420 0
0.095825 0
