0.378850 0
0.146668 0
0.035300 0
1.483365 0
0.146328 0
0.346508 0
0.096123 0
0.719831 0
0.072370 0
0.285565 0
0.463044 0
1.650034 0
0.310107 0
0.226829 0
0.639687 0
0.358041 0
0.212472 0
0.106157 0
0.201294 0
0.266508 0
0.208137 0
0.602381 0
0.106549 0
0.500937 0
0.202055 0
1.653280 0
0.713598 0
0.395172 0
1.623277 0
0.427440 0
1.293372 0
0.207087 0
0.523740 0
0.400253 0
0.651396 0
0.291639 0
0.224740 0
0.889066 0
0.670503 0
0.450124 0
0.961424 0
0.427943 0
0.134100 0
0.410325 0
0.435641 0
0.069904 0
