0.971931 0
0.210147 0
0.489649 0
0.085683 0
0.499372 0
0.218780 0
0.904943 0
0.412501 0
0.868815 0
0.472615 0
0.257734 0
0.930834 0
0.165014 0
0.081404 0
0.484487 0
0.089958 0
0.921137 0
0.518739 0
1.433623 0
0.174216 0
0.154581 0
0.840783 0
0.788439 0
0.665446 0
1.208400 0
1.422409 0
0.234869 0
0.004674 0
0.110228 0
1.404097 0
0.255563 0
0.159401 0
0.079767 0
0.008235 0
0.495860 0
0.385569 0
0.654168 0
0.506540 0
0.005062 0
1.796451 0
0.577031 0
0.246552 0
0.505071 0
0.121603 0
1.539372 0
1.026090 0
0.646777 0
0.073971 0
0.151801 0
0.998332 0
0.090041 0
0.050716 0
0.543568 0
0.153319 0
