0.338763 0
0.491490 0
1.288793 0
0.444600 0
0.736338 0
0.644640 0
0.310006 0
0.562548 0
1.205053 0
0.565452 0
0.618739 0
0.085030 0
0.133146 0
0.157292 0
0.504114 0
0.115701 0
0.483237 0
0.287041 0
0.097875 0
1.476136 0
0.032237 0
0.292006 0
0.119021 0
0.088643 0
0.160820 0
1.437702 0
0.595834 0
0.030376 0
0.797491 0
0.339535 0
1.420879 0
0.906936 0
0.588623 0
0.035798 0
1.467726 0
0.046291 0
0.389835 0
0.314930 0
0.194387 0
0.070647 0
0.135909 0
0.242617 0
0.326546 0
0.783903 0
0.547958 0
0.177188 0
1.274809 0
1.277094 0
1.462839 0
0.734780 0
0.360170 0
