0.234539 0
0.062058 0
0.041612 0
0.113282 0
1.411034 0
0.376071 0
0.128468 0
0.158241 0
0.437003 0
1.383579 0
1.410196 0
0.008720 0
0.293418 0
0.432106 0
0.313182 0
1.856586 0
0.037560 0
0.028127 0
0.302364 0
0.584122 0
0.961640 0
0.006863 0
1.030154 0
0.331608 0
0.172286 0
0.212998 0
0.371879 0
0.035568 0
0.885617 0
0.580662 0
0.324141 0
1.647585 0
0.081536 0
0.256079 0
0.482847 0
1.497851 0
0.024152 0
0.286644 0
0.260766 0
0.190788 0
0.065158 0
0.277865 0
0.133386 0
0.797355 0
0.487627 0
0.611035 0
0.084852 0
0.333363 0
0.168974 0
0.347004 0
0.299034 0
0.457507 0
