0.064197 0
0.094123 0
0.045494 0
0.067362 0
0.185035 0
0.750349 0
0.849274 0
0.585874 0
0.052492 0
1.371305 0
0.300178 0
0.844431 0
0.055581 0
0.169974 0
0.580759 0
0.940483 0
0.405302 0
1.554268 0
0.715547 0
0.683241 0
1.661750 0
0.401570 0
0.755869 0
0.232975 0
0.257228 0
1.875575 0
1.459621 0
0.184738 0
0.128964 0
0.012087 0
0.067902 0
0.016988 0
0.199488 0
0.034733 0
0.049455 0
0.289298 0
0.872369 0
1.411140 0
0.770845 0
0.598984 0
0.252597 0
0.174115 0
0.017885 0
0.122786 0
0.207819 0
0.068949 0
0.220771 0
1.361174 0
0.195113 0
