0.274855 0
0.068615 0
0.193614 0
0.417531 0
0.790126 0
0.944684 0
0.165479 0
0.271201 0
0.388515 0
1.156090 0
0.637380 0
0.579351 0
0.532479 0
0.184493 0
0.292623 0
0.079340 0
0.741829 0
0.073429 0
0.022203 0
0.140448 0
0.186194 0
0.146626 0
0.071051 0
0.054154 0
1.389228 0
0.982416 0
0.061791 0
0.298392 0
0.332796 0
0.700651 0
0.232124 0
1.433561 0
1.128697 0
0.859620 0
0.301588 0
1.050060 0
0.024677 0
1.366480 0
0.050782 0
0.085216 0
0.278490 0
0.578198 0
0.162011 0
0.091597 0
0.324238 0
0.274425 0
0.505796 0
0.438682 0
1.363937 0
