0.455090 0
0.855405 0
0.154474 0
0.099617 0
0.516090 0
0.065815 0
0.536445 0
0.069212 0
0.105271 0
0.638400 0
0.844868 0
0.886763 0
0.304814 0
0.067356 0
1.198915 0
0.758129 0
0.485910 0
0.447603 0
0.166555 0
0.256611 0
0.484749 0
0.010116 0
0.198870 0
0.344946 0
0.824550 0
0.718476 0
1.482388 0
0.145548 0
0.754917 0
1.421035 0
0.273497 0
0.406840 0
1.067590 0
0.818943 0
1.010277 0
0.149352 0
0.818217 0
0.924803 0
0.145616 0
1.517185 0
0.293579 0
0.624634 0
0.139499 0
1.062773 0
0.162972 0
0.697499 0
1.521830 0
0.469045 0
1.072880 0
0.628507 0
0.733807 0
