0.192460 0
0.601286 0
0.183477 0
0.652473 0
0.151326 0
1.352190 0
1.571318 0
0.013690 0
0.480338 0
0.618946 0
1.609094 0
0.728324 0
0.413688 0
1.114477 0
0.411453 0
0.213770 0
1.492851 0
0.639152 0
0.197070 0
0.794806 0
0.155834 0
0.479941 0
0.329076 0
0.433961 0
0.231296 0
0.331095 0
0.093548 0
0.404688 0
0.167960 0
0.227029 0
0.670132 0
1.349800 0
0.294984 0
0.500656 0
1.168713 0
1.055800 0
0.040705 0
0.374019 0
0.504399 0
0.031009 0
0.425725 0
0.583453 0
0.552115 0
0.530618 0
0.193122 0
0.077859 0
1.556937 0
0.571691 0
0.252084 0
0.614353 0
