0.120728 0
0.290282 0
0.069155 0
0.207102 0
0.536338 0
0.265721 0
0.117987 0
0.726242 0
0.287899 0
0.513991 0
0.156944 0
0.471163 0
0.059621 0
0.526619 0
0.413420 0
0.133388 0
0.013877 0
0.158479 0
0.216996 0
0.316235 0
0.360853 0
0.955450 0
0.419667 0
1.101905 0
0.456081 0
0.034260 0
0.059253 0
0.261485 0
0.282854 0
0.122206 0
0.926174 0
0.288282 0
1.578532 0
0.242407 0
0.248481 0
0.185841 0
0.421835 0
0.601623 0
1.386217 0
0.034790 0
0.144049 0
0.097510 0
0.157035 0
1.472351 0
0.236717 0
0.188682 0
0.007750 0
0.356887 0
0.179515 0
0.530696 0
0.518058 0
0.617127 0
0.042200 0
0.736126 0
0.882703 0
0.267703 0
0.015049 0
0.249653 0
0.612977 0
0.854515 0
0.600548 0
