0.310449 0
0.068609 0
0.251638 0
0.400471 0
1.080304 0
0.112745 0
0.279577 0
0.163180 0
1.487461 0
1.608431 0
0.320635 0
1.026848 0
0.169916 0
1.373074 0
0.268325 0
0.979147 0
0.173740 0
0.159245 0
0.250846 0
0.362544 0
0.557261 0
0.753368 0
0.934168 0
1.044315 0
0.314922 0
0.964747 0
1.240517 0
0.516850 0
0.550284 0
0.013573 0
0.303902 0
0.380717 0
0.713030 0
0.479876 0
0.125239 0
0.345312 0
1.153448 0
0.012412 0
0.593150 0
0.069333 0
0.283049 0
0.182144 0
0.229554 0
0.192699 0
0.289124 0
0.384746 0
0.335816 0
0.272481 0
1.738877 0
