1.170025 0
0.710349 0
0.868786 0
1.423728 0
1.017654 0
1.409286 0
1.456818 0
1.485791 0
1.420026 0
0.130857 0
0.464627 0
0.661069 0
1.396105 0
1.111615 0
0.046534 0
0.031834 0
0.881612 0
1.965842 0
0.340673 0
0.024469 0
0.288955 0
0.231508 0
0.980602 0
0.457195 0
0.919473 0
0.522870 0
0.060569 0
0.201140 0
0.233422 0
0.061813 0
0.300911 0
0.643895 0
0.608324 0
0.409399 0
0.373078 0
1.435908 0
0.496181 0
0.834105 0
0.329870 0
1.065809 0
0.819166 0
0.994456 0
0.282228 0
0.142007 0
0.007766 0
1.092721 0
0.358433 0
0.816534 0
0.578497 0
0.349035 0
0.455029 0
0.064397 0
0.671938 0
0.279591 0
0.150445 0
0.196760 0
0.114730 0
0.422905 0
0.460982 0
0.229385 0
0.182965 0
0.380832 0
0.418491 0
0.250231 0
0.428999 0
0.500665 0
