0.481767 0
0.172580 0
0.086322 0
0.068400 0
1.046834 0
0.367778 0
1.028137 0
0.620952 0
0.485600 0
1.384301 0
0.939854 0
0.951484 0
0.192498 0
0.519334 0
0.168952 0
0.435676 0
0.285327 0
0.176528 0
1.096882 0
0.518721 0
0.485563 0
0.570645 0
0.448210 0
0.789893 0
1.810018 0
0.064159 0
0.377050 0
0.423141 0
0.009747 0
0.959377 0
1.184670 0
0.710988 0
1.374130 0
0.630367 0
0.041219 0
0.393998 0
0.569022 0
0.222614 0
0.406782 0
0.058535 0
1.578584 0
0.535230 0
0.582806 0
1.395613 0
0.116083 0
0.526033 0
0.016010 0
0.155015 0
1.261491 0
0.858668 0
1.003013 0
1.206674 0
0.074961 0
1.713592 0
0.444802 0
0.061057 0
