1.069925 0
0.860774 0
0.529274 0
1.175906 0
0.432811 0
0.547482 0
0.185987 0
0.151256 0
0.167488 0
0.064985 0
1.004904 0
0.568996 0
0.218895 0
0.320822 0
0.039977 0
0.352855 0
0.699184 0
1.189835 0
0.566886 0
0.114448 0
0.602846 0
1.190099 0
1.528635 0
0.506731 0
1.061329 0
0.348544 0
0.593590 0
0.598216 0
1.231820 0
0.412926 0
0.559618 0
0.310290 0
0.332371 0
0.078752 0
0.054941 0
0.784163 0
0.337569 0
0.398555 0
0.313204 0
0.084547 0
0.116045 0
0.601503 0
0.731489 0
0.495131 0
0.754593 0
0.494803 0
0.600485 0
0.715415 0
0.251409 0
0.618470 0
0.087711 0
0.560905 0
0.105126 0
0.153565 0
0.184683 0
0.494406 0
0.211965 0
