0.177677 0
0.183287 0
0.719274 0
0.286574 0
0.265156 0
0.855088 0
0.258699 0
0.216957 0
0.040702 0
0.649770 0
1.010461 0
0.470073 0
0.099622 0
0.248836 0
0.368221 0
0.924026 0
0.788163 0
0.263742 0
1.438068 0
1.010467 0
0.062860 0
0.254651 0
0.095071 0
1.138410 0
1.086590 0
0.540347 0
0.008326 0
0.013654 0
0.092177 0
0.791810 0
0.616222 0
1.441937 0
0.051344 0
0.269538 0
1.245344 0
0.398836 0
0.437798 0
0.396154 0
0.099653 0
0.032917 0
0.076012 0
0.188151 0
0.336935 0
0.276866 0
0.157253 0
0.674497 0
0.473087 0
0.097893 0
0.565589 0
0.364494 0
0.468808 0
0.185815 0
0.349499 0
0.404241 0
0.096421 0
0.430514 0
0.742587 0
1.406352 0
0.290477 0
0.028715 0
0.496480 0
0.332706 0
0.613799 0
1.021706 0
0.159892 0
0.524955 0
1.112079 0
0.164562 0
0.734692 0
0.425405 0
