0.612926 0
0.382462 0
0.835517 0
0.230816 0
1.049042 0
0.491596 0
1.419081 0
0.561183 0
0.241401 0
0.158647 0
0.362001 0
0.047175 0
0.481047 0
1.247442 0
0.572085 0
0.900418 0
0.096034 0
0.083013 0
0.182847 0
0.368441 0
0.688448 0
0.232253 0
1.844127 0
0.057650 0
0.113738 0
0.264897 0
0.294288 0
0.069799 0
0.331373 0
1.126758 0
0.853278 0
1.191322 0
0.246608 0
0.804156 0
0.213371 0
1.923354 0
0.009992 0
0.003661 0
0.631913 0
1.513243 0
0.067850 0
0.034438 0
1.427356 0
0.080496 0
0.056414 0
0.410566 0
0.775735 0
0.857446 0
0.098177 0
0.060157 0
0.498159 0
0.091396 0
0.944912 0
1.140867 0
0.067240 0
0.107483 0
0.310594 0
0.360850 0
