0.778072 0
1.196432 0
0.589858 0
0.065080 0
0.177259 0
0.373082 0
1.076777 0
0.021501 0
0.552490 0
0.347107 0
0.012640 0
0.016995 0
0.300785 0
0.805353 0
0.532939 0
0.235647 0
0.102027 0
0.084352 0
0.367487 0
0.733079 0
0.385937 0
0.596119 0
0.182237 0
0.237532 0
0.251321 0
0.145108 0
0.201053 0
0.448503 0
0.020671 0
0.458100 0
0.031019 0
0.065309 0
0.406956 0
0.271895 0
0.265162 0
1.363627 0
0.801828 0
1.108091 0
0.806849 0
0.187237 0
0.234215 0
0.010029 0
0.487592 0
0.413973 0
0.156635 0
0.092042 0
0.293724 0
0.008453 0
0.555733 0
1.423476 0
0.305829 0
0.111086 0
0.571812 0
1.248761 0
0.050340 0
1.118400 0
0.190663 0
0.302660 0
0.061336 0
0.058019 0
