0.339521 0
0.084079 0
0.527065 0
0.383945 0
0.256599 0
0.393031 0
1.185760 0
0.156104 0
0.225100 0
0.339507 0
1.761503 0
1.169356 0
0.445583 0
1.515520 0
0.583566 0
0.139532 0
0.022967 0
1.033929 0
0.117703 0
0.039360 0
0.052958 0
1.034554 0
1.063824 0
0.310102 0
0.138193 0
0.813460 0
0.622644 0
0.206187 0
0.203746 0
0.734762 0
0.134568 0
1.489978 0
0.141042 0
0.436183 0
0.402213 0
1.499390 0
1.255518 0
0.298025 0
0.198045 0
0.519641 0
0.135926 0
1.148883 0
1.385280 0
0.636128 0
0.510467 0
0.644640 0
0.718884 0
0.010987 0
0.245628 0
0.382932 0
0.015992 0
0.028840 0
0.120792 0
0.777533 0
0.072748 0
0.011166 0
1.129742 0
0.280906 0
0.615059 0
0.601081 0
0.070633 0
0.549799 0
0.795246 0
1.115729 0
1.259953 0
1.498853 0
0.801707 0
