0.422398 0
0.714146 0
0.589514 0
1.545760 0
0.941602 0
0.730892 0
1.558544 0
0.110191 0
0.594866 0
0.049229 0
0.402714 0
0.525939 0
0.396433 0
0.905918 0
0.102608 0
0.714156 0
0.290585 0
0.769018 0
0.529506 0
0.190443 0
0.049939 0
0.671134 0
0.217508 0
0.434019 0
0.783576 0
0.229106 0
0.755646 0
0.052749 0
0.517749 0
0.008837 0
1.445348 0
0.934612 0
0.277606 0
1.127081 0
1.006234 0
1.126622 0
0.167397 0
0.572043 0
0.117864 0
0.041820 0
0.405230 0
0.003827 0
0.933924 0
0.073009 0
0.069160 0
1.153319 0
0.408798 0
0.166700 0
0.632712 0
1.363323 0
1.708016 0
0.216871 0
0.092778 0
0.079935 0
0.787571 0
0.439257 0
0.492769 0
0.000317 0
1.001134 0
