0.258053 0
0.150478 0
0.529904 0
0.190216 0
0.490825 0
0.134104 0
0.429208 0
0.215380 0
0.295135 0
0.357384 0
0.182063 0
0.368386 0
0.055779 0
1.809404 0
0.173716 0
1.719808 0
0.253863 0
0.339408 0
0.215994 0
0.623024 0
1.233548 0
1.617723 0
1.804021 0
1.405065 0
0.302039 0
1.754162 0
0.134968 0
0.819346 0
0.099800 0
1.373228 0
0.203797 0
0.702926 0
0.059826 0
0.091397 0
1.187163 0
0.296108 0
2.011339 0
0.352740 0
0.597728 0
0.408171 0
0.310165 0
0.209644 0
0.019704 0
0.136496 0
0.470213 0
0.470943 0
0.268517 0
0.060372 0
0.530844 0
0.614219 0
0.268406 0
0.535606 0
0.685378 0
1.019857 0
0.181654 0
0.576663 0
0.367808 0
0.720567 0
0.106243 0
0.153805 0
0.004674 0
0.230228 0
0.178654 0
0.109072 0
1.309734 0
0.112903 0
0.252482 0
0.053702 0
0.090879 0
0.662951 0
1.426291 0
0.655942 0
0.057108 0
