0.726013 0
0.452011 0
0.238480 0
0.717281 0
0.234253 0
0.084596 0
0.332775 0
0.257797 0
0.098073 0
0.356751 0
0.708748 0
1.007392 0
0.441463 0
0.694815 0
0.016553 0
0.136843 0
0.819385 0
0.388913 0
0.308336 0
0.727571 0
0.899505 0
0.415030 0
0.078239 0
0.378220 0
0.123693 0
1.389757 0
0.618139 0
0.075225 0
1.556489 0
0.189594 0
0.056092 0
0.462296 0
0.228878 0
0.592384 0
1.016996 0
0.365202 0
0.518006 0
1.088593 0
0.698717 0
0.102778 0
0.464040 0
0.009637 0
1.616146 0
0.103858 0
0.333652 0
0.631905 0
0.140548 0
1.312485 0
