0.224141 0
1.265084 0
0.213200 0
0.152505 0
0.477658 0
0.645139 0
0.311052 0
1.000802 0
0.038406 0
0.402531 0
1.632466 0
0.364801 0
0.640803 0
0.249642 0
0.246053 0
0.856933 0
0.089581 0
0.181999 0
0.490171 0
1.065127 0
0.130398 0
0.245060 0
0.136668 0
0.071531 0
0.051534 0
0.499460 0
0.056180 0
0.040388 0
0.175731 0
0.106070 0
0.025086 0
0.175373 0
1.007096 0
0.004193 0
0.205101 0
0.164944 0
0.273883 0
0.169727 0
0.614278 0
1.146413 0
0.036943 0
0.052899 0
0.163409 0
0.066153 0
0.017119 0
0.704701 0
0.446939 0
0.679741 0
0.995771 0
1.019944 0
0.081218 0
