1.490466 0
0.088426 0
1.764829 0
0.238406 0
1.827511 0
0.600651 0
0.134844 0
0.322555 0
0.526634 0
0.098295 0
0.061706 0
0.669784 0
0.180359 0
0.080763 0
1.007613 0
0.160878 0
1.544885 0
0.157513 0
0.417266 0
0.189328 0
0.237392 0
0.561067 0
0.142806 0
0.649976 0
0.069761 0
1.473743 0
0.277883 0
0.917506 0
1.106953 0
0.638771 0
0.383539 0
0.074677 0
0.044408 0
0.614848 0
0.358732 0
0.247812 0
0.615064 0
0.224002 0
0.287127 0
0.297505 0
0.151248 0
0.463003 0
0.522920 0
0.169287 0
0.103953 0
0.296031 0
1.585328 0
0.552339 0
0.027963 0
0.712984 0
0.388554 0
0.013840 0
0.248398 0
0.194861 0
0.026407 0
0.101942 0
0.726995 0
0.341564 0
1.564490 0
0.701548 0
1.234719 0
0.274796 0
0.202033 0
0.023436 0
1.179709 0
1.174036 0
0.052798 0
