0.397115 0
0.454123 0
0.346516 0
0.174244 0
0.707277 0
0.090677 0
0.109051 0
0.213863 0
0.306727 0
0.248917 0
0.039074 0
1.237841 0
0.371026 0
0.379001 0
0.385976 0
0.098094 0
0.068811 0
1.392029 0
1.168414 0
1.605848 0
1.277945 0
0.035143 0
0.085338 0
0.906647 0
0.358983 0
0.066337 0
0.021173 0
0.279185 0
1.077877 0
0.587440 0
0.015157 0
0.822514 0
0.064823 0
0.943001 0
0.047370 0
0.384767 0
0.007504 0
0.011494 0
0.598292 0
0.166256 0
0.268761 0
0.204641 0
0.049451 0
0.783700 0
0.499551 0
0.649910 0
1.638230 0
0.340723 0
0.120633 0
0.682216 0
0.106202 0
1.923441 0
0.471444 0
0.021853 0
0.157855 0
0.440112 0
1.415344 0
0.479939 0
0.514758 0
0.369836 0
0.450572 0
1.062625 0
0.196184 0
0.005604 0
0.291583 0
0.468501 0
0.027842 0
0.561661 0
0.297099 0
