0.580515 0
0.065827 0
0.517446 0
1.668510 0
1.144038 0
0.190914 0
0.348401 0
0.398745 0
0.055123 0
0.170816 0
0.045589 0
1.114436 0
0.786847 0
0.016657 0
0.065663 0
0.131526 0
0.404074 0
0.322228 0
0.153834 0
0.340888 0
1.415882 0
0.784349 0
0.078667 0
0.968045 0
0.729955 0
0.266927 0
0.022731 0
0.024996 0
0.133472 0
1.091148 0
0.285024 0
0.154311 0
0.077328 0
0.249371 0
0.144771 0
0.683539 0
0.402906 0
0.284150 0
0.194400 0
1.108786 0
0.473973 0
0.573425 0
0.452332 0
1.304736 0
0.309915 0
0.467691 0
0.108917 0
0.358821 0
0.308321 0
0.946740 0
1.201992 0
0.112214 0
0.297258 0
0.509873 0
0.229283 0
0.438369 0
0.260195 0
0.597100 0
0.035279 0
