0.870050 0
0.073812 0
0.134824 0
0.457301 0
0.839897 0
0.036415 0
0.447983 0
0.813735 0
0.441886 0
0.153761 0
0.063159 0
0.153321 0
0.489970 0
0.454473 0
0.323011 0
0.213394 0
0.256764 0
0.776512 0
0.172700 0
0.116128 0
0.639877 0
0.116386 0
0.110607 0
0.537302 0
0.165355 0
0.395169 0
0.498047 0
0.175787 0
0.186744 0
0.822734 0
0.050783 0
0.711573 0
1.357285 0
0.035442 0
0.259420 0
0.735045 0
0.354429 0
1.426279 0
0.097257 0
1.420597 0
0.841828 0
0.588893 0
0.243661 0
1.295970 0
0.888998 0
0.709150 0
0.375692 0
0.213020 0
0.069533 0
0.038877 0
0.287244 0
0.839038 0
0.034081 0
0.041768 0
0.722494 0
0.068652 0
0.836933 0
0.431863 0
0.246505 0
0.479354 0
1.121032 0
0.863374 0
