1.421938 0
0.982358 0
0.721190 0
0.164288 0
0.178589 0
0.368496 0
0.361532 0
0.300923 0
0.258573 0
0.407828 0
0.306988 0
0.939661 0
0.083976 0
0.354922 0
0.489839 0
0.070197 0
0.609159 0
0.346798 0
0.391644 0
0.517591 0
0.654193 0
0.995264 0
1.166257 0
0.208625 0
1.141187 0
0.164118 0
0.751153 0
0.571698 0
0.106825 0
0.487521 0
0.299837 0
0.633018 0
0.545443 0
1.551865 0
0.400738 0
0.080573 0
0.201568 0
0.384178 0
1.918788 0
0.066923 0
0.233009 0
1.794026 0
1.380341 0
1.111007 0
0.384155 0
0.159613 0
0.157628 0
0.659819 0
0.399143 0
0.035099 0
1.443958 0
0.434409 0
0.571827 0
0.286470 0
0.938081 0
1.457217 0
0.567220 0
0.662377 0
0.392910 0
1.204490 0
0.266609 0
0.256287 0
0.648644 0
