0.056347 0
0.064423 0
0.360684 0
0.778879 0
0.636361 0
0.105417 0
1.520298 0
0.486136 0
0.411247 0
0.964222 0
0.217295 0
1.025928 0
0.873433 0
0.425634 0
0.124370 0
0.112503 0
0.465490 0
0.159328 0
0.012603 0
0.233312 0
1.034546 0
0.248066 0
0.414185 0
0.629090 0
0.356147 0
0.272734 0
0.554526 0
1.224730 0
0.221601 0
0.200159 0
0.216017 0
0.284385 0
0.041413 0
0.399548 0
0.541372 0
1.483420 0
0.271979 0
1.097434 0
0.080848 0
1.635554 0
0.114498 0
0.981684 0
0.177727 0
0.005734 0
0.790423 0
0.366511 0
0.700838 0
0.183028 0
0.873441 0
0.575243 0
0.160809 0
0.251671 0
0.149555 0
0.562559 0
0.293059 0
1.370513 0
0.452720 0
0.358988 0
0.363043 0
0.974814 0
0.453220 0
0.917283 0
0.130953 0
0.347319 0
0.147807 0
0.108305 0
0.663653 0
0.981928 0
0.330275 0
0.637072 0
0.032860 0
0.407223 0
1.040162 0
0.947628 0
0.088909 0
0.566877 0
