0.845978 0
1.030498 0
0.257272 0
0.488667 0
1.413712 0
0.654548 0
0.197019 0
0.347834 0
0.132398 0
0.138857 0
0.044047 0
0.079677 0
0.175300 0
0.363170 0
0.045947 0
0.257727 0
0.873042 0
0.158651 0
0.815854 0
1.885694 0
0.313509 0
0.800263 0
1.121279 0
0.126920 0
0.365958 0
0.124652 0
0.036049 0
0.444847 0
0.294669 0
0.681882 0
0.111596 0
0.371386 0
0.092905 0
0.378306 0
0.032394 0
0.103206 0
0.867944 0
0.364727 0
0.584906 0
1.571225 0
0.121641 0
0.439438 0
0.241867 0
0.329829 0
0.671487 0
0.165416 0
0.001696 0
0.315530 0
0.580554 0
0.238502 0
0.487444 0
0.060333 0
0.981296 0
0.085882 0
