0.371242 0
0.268868 0
0.535383 0
0.717561 0
0.222722 0
0.947784 0
0.027346 0
0.049611 0
0.134033 0
0.799248 0
0.980809 0
0.094297 0
0.264711 0
0.304315 0
0.541771 0
0.144716 0
0.519250 0
0.325230 0
0.377693 0
0.779054 0
1.076573 0
0.901581 0
0.175516 0
0.215865 0
0.054369 0
0.325003 0
1.459806 0
0.219854 0
0.852536 0
0.891063 0
0.347585 0
0.529447 0
0.392955 0
0.139147 0
0.238943 0
1.512878 0
0.617604 0
0.007150 0
0.390223 0
0.675511 0
0.137434 0
0.312041 0
1.212517 0
0.028032 0
0.520421 0
0.029192 0
0.679151 0
0.180256 0
0.406476 0
1.556780 0
1.286251 0
0.083158 0
0.409387 0
0.228037 0
0.383035 0
0.398322 0
0.463817 0
0.024653 0
0.185325 0
0.009833 0
0.550586 0
0.545346 0
0.096872 0
0.596352 0
0.353094 0
0.307795 0
0.613559 0
0.616002 0
0.109527 0
0.085832 0
0.602128 0
