0.078591 0
0.535105 0
0.147468 0
0.121451 0
0.978983 0
0.683477 0
0.039425 0
0.311102 0
0.137234 0
0.079634 0
0.549098 0
0.519954 0
1.233460 0
0.239671 0
0.270426 0
0.115076 0
0.163540 0
0.092931 0
0.150489 0
0.471759 0
0.090063 0
0.056975 0
1.100686 0
0.123588 0
0.526420 0
0.096099 0
0.143640 0
0.049077 0
0.198116 0
0.014251 0
0.969189 0
0.387637 0
0.115635 0
0.270807 0
0.551331 0
0.502225 0
0.232327 0
0.771077 0
0.493444 0
1.055936 0
0.108553 0
0.222718 0
0.045067 0
0.205006 0
0.072320 0
0.026679 0
0.257349 0
0.636027 0
0.633006 0
0.110170 0
0.292738 0
0.748508 0
0.050118 0
0.131992 0
0.558260 0
0.911785 0
0.395407 0
0.315327 0
0.543805 0
0.424525 0
0.755664 0
0.827933 0
0.005554 0
0.676861 0
