1.790318 0
0.281080 0
0.601690 0
0.058282 0
0.431205 0
0.358135 0
0.429667 0
0.793517 0
0.364756 0
0.160336 0
0.678406 0
0.077004 0
0.441121 0
0.349349 0
0.297286 0
0.045592 0
0.373367 0
0.335806 0
0.187401 0
0.026967 0
0.396831 0
0.332751 0
0.224275 0
0.092744 0
0.965377 0
0.301058 0
0.331834 0
1.414950 0
0.072575 0
0.183362 0
0.736837 0
0.587608 0
0.126445 0
0.120094 0
0.208790 0
0.717312 0
0.848075 0
0.468518 0
0.101688 0
0.163377 0
1.390055 0
0.834772 0
0.595037 0
0.888097 0
0.952183 0
0.198002 0
0.017226 0
0.170759 0
1.261775 0
1.201182 0
0.419458 0
0.541315 0
0.096393 0
0.071878 0
0.274297 0
0.864681 0
0.692392 0
0.530471 0
0.048073 0
1.112478 0
0.316303 0
