0.660494 0
0.213933 0
0.461837 0
0.607709 0
1.216394 0
0.704581 0
0.169161 0
0.117018 0
0.139886 0
1.393364 0
0.559849 0
0.183649 0
0.070851 0
0.330172 0
0.114183 0
0.094085 0
0.712598 0
1.127160 0
0.437291 0
0.116189 0
0.439016 0
0.639216 0
0.152810 0
0.212923 0
0.933182 0
1.491035 0
0.083184 0
0.035127 0
0.289120 0
0.405201 0
0.103636 0
1.044548 0
0.700671 0
0.846183 0
0.143418 0
0.094425 0
0.209765 0
0.181902 0
0.429009 0
0.446515 0
0.281366 0
0.405585 0
0.072118 0
0.324116 0
0.724906 0
0.354370 0
0.341131 0
0.007031 0
0.134120 0
0.546771 0
0.587943 0
0.540298 0
0.838223 0
0.661395 0
0.361345 0
1.678932 0
0.268954 0
1.303354 0
0.705734 0
0.069544 0
0.279467 0
0.058273 0
0.997112 0
1.140520 0
0.603260 0
0.130196 0
0.073568 0
0.002836 0
0.135363 0
0.164151 0
0.039061 0
0.266938 0
