0.751431 0
0.078908 0
0.252269 0
0.154664 0
0.066905 0
0.456354 0
0.335991 0
0.052363 0
0.296815 0
0.625071 0
0.088393 0
0.785093 0
0.045034 0
0.443881 0
0.039123 0
0.471514 0
0.406809 0
0.295898 0
0.126936 0
0.522920 0
0.495827 0
1.256056 0
0.093147 0
0.122269 0
0.589125 0
0.600556 0
2.298326 0
0.282017 0
1.150743 0
0.326235 0
0.242178 0
0.966500 0
1.751350 0
1.409914 0
0.079292 0
0.368633 0
0.101869 0
0.427703 0
0.134476 0
0.763504 0
0.248165 0
0.184388 0
0.163249 0
0.105040 0
0.826837 0
0.689708 0
0.844094 0
0.107241 0
0.117958 0
1.146495 0
0.155396 0
0.082971 0
1.190219 0
0.378933 0
0.025331 0
1.373807 0
0.419331 0
0.735893 0
0.192466 0
0.558132 0
0.534226 0
0.133032 0
0.036874 0
0.842507 0
2.025838 0
0.117837 0
0.055526 0
0.366274 0
0.116901 0
0.731957 0
0.448130 0
