0.144775 0
1.152882 0
0.560549 0
0.381734 0
0.329662 0
0.525146 0
0.616510 0
0.817840 0
0.099305 0
0.661014 0
0.906347 0
0.442459 0
0.288782 0
0.776309 0
0.309331 0
0.593053 0
0.168168 0
0.743479 0
0.534239 0
0.492560 0
0.688854 0
0.423434 0
0.197598 0
0.597620 0
0.176820 0
0.107474 0
0.059729 0
0.443770 0
0.115859 0
0.568820 0
0.875347 0
1.080306 0
0.687139 0
0.328692 0
0.110260 0
0.286637 0
0.619307 0
0.682365 0
0.077411 0
0.080671 0
0.226768 0
0.605517 0
0.205051 0
0.125107 0
0.194711 0
0.420111 0
0.170965 0
0.407259 0
0.328263 0
0.126462 0
0.066393 0
0.404525 0
0.790950 0
0.251717 0
0.060355 0
1.349704 0
2.190076 0
0.096894 0
0.456016 0
0.134387 0
0.398230 0
0.109516 0
0.399501 0
