0.304789 0
1.068514 0
0.103619 0
0.291083 0
0.674273 0
0.679732 0
0.379543 0
0.059670 0
0.332764 0
0.681727 0
1.509351 0
0.046152 0
0.171302 0
1.427459 0
0.088795 0
0.089338 0
0.524188 0
0.615444 0
0.544782 0
0.152865 0
0.775750 0
0.565368 0
0.060827 0
0.944865 0
0.266418 0
1.028876 0
1.383007 0
0.117492 0
1.053130 0
0.015054 0
0.364774 0
0.323229 0
0.065578 0
0.021496 0
1.411965 0
0.211752 0
0.355296 0
0.145823 0
0.190309 0
0.264240 0
0.249938 0
0.238999 0
0.671160 0
0.234907 0
1.553629 0
0.919234 0
0.166290 0
1.083994 0
0.165870 0
0.112971 0
0.300777 0
0.385358 0
0.092025 0
0.215600 0
1.104672 0
0.583368 0
0.417736 0
0.057311 0
0.852904 0
0.277053 0
0.022569 0
0.490956 0
0.277354 0
0.725685 0
1.048148 0
0.080158 0
0.070883 0
0.103735 0
0.384512 0
0.566987 0
0.424828 0
0.447017 0
1.591602 0
0.433552 0
0.270599 0
0.257836 0
